################################################################################
# EDF_DataBlockID                     0.Image.Psd
# EDF_BinarySize                      2105344
# EDF_HeaderSize                      2560
# ByteOrder                           LowByteFirst
# DataType                            FloatValue
# Dim_1                               512
# Dim_2                               1028
# Image                               0
# HeaderID                            EH:000000:000000:000000
# Size                                2105344
# Center_1                            304.9000
# Center_2                            588.7000
# Comment                             Xenocs_Cell_Window - front_window_open_only
# DDummy                              0.6
# Date                                2025-10-17T20:39:53
# Delta                               21.910000
# Dummy                               -1.5
# ExposureTime                        360
# Gamma                               15.360000
# Intensity1                          9.83653e-10
# PSize_1                             7.5e-05
# PSize_2                             7.5e-05
# Pressure                            0.0375166
# SampleDistance                      0.115750
# SampleEnvKind                       large
# SampleEnvPN                         ElectroChemical cell
# SampleEnvSN                         1141
# Thickness                           0
# Wavelength                          1.541891e-10
# Wavelength                          1.54189e-10
# aux                                 0
# aux_dial                            0.002375
# beamx                               588.429
# beamx_dial                          588.429
# beamz                               657.855
# beamz_dial                          657.855
# det0x                               -0.000396875
# det0x_dial                          6.36905
# det0xvd                             -0.0005
# det0xvd_dial                        -0.0005
# det0y                               450.002
# det0y_dial                          481.635
# det0z                               0
# det0z_dial                          1.2295
# det0zvd                             0
# det0zvd_dial                        0
# mag                                 1.818
# mag_dial                            1.818
# om                                  0.2499
# om_dial                             -0.610199
# phi                                 -0.0120535
# phi_dial                            0
# ry                                  0.599993
# ry_dial                             0.599993
# s1bot                               0.8
# s1bot_dial                          -1.66094
# s1hl                                0.8
# s1hl_dial                           -0.608437
# s1hr                                0.8
# s1hr_dial                           0.970938
# s1top                               0.8
# s1top_dial                          -0.461562
# s2bot                               0.45
# s2bot_dial                          1.36109
# s2hl                                0.45
# s2hl_dial                           -0.83375
# s2hr                                0.45
# s2hr_dial                           -0.118594
# s2top                               0.45
# s2top_dial                          1.44734
# w2theta                             32
# w2theta_dial                        32
# waxsch                              19.2605
# waxsch_dial                         -32.7238
# waxsh                               137.085
# waxsh_dial                          -43.5335
# waxsth                              26.0607
# waxsth_dial                         -19.4068
# waxsz                               67.0407
# waxsz_dial                          -23.7962
# wind                                65.9854
# wind_dial                           66.0041
# wpsi                                124
# wpsi_dial                           124
# wstod                               115
# wstod_dial                          115
# x                                   0
# x_dial                              1.00969
# z                                   0
# z_dial                              13.3172
# CountCutoff                         6807993
# DetectorModel                       Dectris EIGER2 Si 500K, S/N E-01-0554
# ThresholdSetting                    4023.88989258
# Saturation                          0
# FlatField                           Corrected
# BackgroundReductionExtra            0.02
# BackgroundCorrectionConstant        0.0026712
# Detector                            0
# Monitor                             0
# Pil_Roi0                            0
# SumForIntensity1                    3.54115e+08
# TransmittedFlux                     983653
# det                                 0
# mon                                 0
# pilai0                              3.54115e+08
# pilai1                              762907
# pilct0                              6.09233e+08
# pilct1                              762907
# pilroi0                             0
# pilroi1                             0
# sec                                 1
# title                               20251017__1_00023.edf
# usaxs0                              0
# Operation                           Azimuthal average I(q)
# Error_model                         ErrorModel.poisson
# Geometrical_correction              True
# Transmission_correction             True
# Thickness_correction                False
# Binning mode                        Uniform
# Binning factor                      1.0
# Psi                                 0.0
# Omega                               0.2499
# MaskInvalidPixels                   True
# DetectorEdge                        3
# MaskFiles                           ['20251017__1_00233_mask.edf']
################################################################################
    q(A⁻¹)                Intensity(a.u.)            Sigma_I(a.u.)            
       0.690460              0.0070112104             0.00736173935           
       0.693100             0.00715789838             0.00332555739           
       0.695741             0.00735155276             0.00284726142           
       0.698381             0.00921929281             0.00298217259           
       0.701021             0.00436540568             0.00167479302           
       0.703662              0.0058784047             0.00179895755           
       0.706302              0.0030085508             0.00124292723           
       0.708942             0.00435220587             0.00132790091           
       0.711583             0.00472136758             0.00138281892           
       0.714223             0.00573054395             0.00132755816           
       0.716864             0.00596446492             0.00138207968           
       0.719504             0.00541414853             0.00121867889           
       0.722144             0.00579620566             0.00121781632           
       0.724785             0.00537883558             0.00115392329           
       0.727425             0.00525848337             0.00105828081           
       0.730065             0.00557911047             0.00112161733           
       0.732706             0.00719368934             0.00114529118           
       0.735346              0.0061133882             0.00114044252           
       0.737987              0.0043995842            0.000837386925           
       0.740627             0.00820354176             0.00125264743           
       0.743267              0.0049153245            0.000834045573           
       0.745908             0.00564173563            0.000957642038           
       0.748548             0.00589548885            0.000913034007           
       0.751189             0.00632827026            0.000937040961           
       0.753829             0.00756192184             0.00103355184           
       0.756469             0.00729597028            0.000954855668           
       0.759110             0.00635800135            0.000921977035           
       0.761750             0.00700716714            0.000885827611           
       0.764390             0.00522225101            0.000820893116           
       0.767031             0.00795722993            0.000916920219           
       0.769671             0.00661925163            0.000886909279           
       0.772312             0.00715263603            0.000840144597           
       0.774952             0.00741443086            0.000917014491           
       0.777592             0.00622484798            0.000768522777           
       0.780233             0.00545075406            0.000758136685           
       0.782873             0.00764455921            0.000821020908           
       0.785513             0.00626512734            0.000790655584           
       0.788154              0.0065959122            0.000745151971           
       0.790794             0.00635020782            0.000756710373           
       0.793435             0.00678850102            0.000751476829           
       0.796075              0.0064373589            0.000735649595           
       0.798715             0.00683668878            0.000753795667           
       0.801356             0.00772580636            0.000779869273           
       0.803996             0.00622736498            0.000711356727           
       0.806637             0.00640468137            0.000681925868           
       0.809277             0.00609118192            0.000695726548           
       0.811917             0.00630746681            0.000669946029           
       0.814558              0.0066076967            0.000702460864           
       0.817198              0.0062827583            0.000653120535           
       0.819838             0.00713152955            0.000725835806           
       0.822479             0.00723990764            0.000673960358           
       0.825119             0.00631882375            0.000676385202           
       0.827760              0.0052673356            0.000572222619           
       0.830400             0.00576742472            0.000630880687           
       0.833040             0.00734941695            0.000664656029           
       0.835681             0.00674676609            0.000666888831           
       0.838321              0.0070737282            0.000639141519           
       0.840961              0.0057708321            0.000603405951           
       0.843602             0.00646557798            0.000601626088           
       0.846242              0.0067420722            0.000636046136           
       0.848883             0.00598488601            0.000582951516           
       0.851523               0.005847284            0.000580529349           
       0.854163              0.0051958462            0.000540879109           
       0.856804             0.00632815008            0.000581638971           
       0.859444             0.00641080131            0.000589634118           
       0.862085             0.00565174094            0.000545574113           
       0.864725              0.0066602036            0.000590077429           
       0.867365             0.00702490421            0.000601677923           
       0.870006             0.00612532707            0.000569673443           
       0.872646             0.00597903538            0.000538334772           
       0.875286             0.00514146833            0.000516216311           
       0.877927             0.00727457732            0.000587911747           
       0.880567             0.00723416993            0.000597730014           
       0.883208             0.00606840694             0.00053164402           
       0.885848             0.00648994285            0.000564057175           
       0.888488              0.0062191256             0.00052500791           
       0.891129             0.00740009656            0.000601999963           
       0.893769             0.00657983188             0.00053657589           
       0.896410             0.00605999738            0.000530805986           
       0.899050              0.0065244953            0.000531053562           
       0.901690             0.00720421265            0.000569678893           
       0.904331             0.00659043783            0.000525848355           
       0.906971             0.00685856506            0.000553924185           
       0.909611             0.00763025388             0.00056078755           
       0.912252             0.00614594724            0.000512016937           
       0.914892             0.00705195575            0.000534567849           
       0.917533             0.00656664797            0.000527485375           
       0.920173             0.00589872819            0.000479566627           
       0.922813             0.00646871944            0.000524810636           
       0.925454             0.00691772009            0.000515072558           
       0.928094             0.00703776496            0.000530673846           
       0.930734             0.00627876898             0.00048927963           
       0.933375             0.00760287061            0.000549881865           
       0.936015             0.00720834041            0.000512303099           
       0.938656             0.00676299822            0.000517039852           
       0.941296             0.00644821844            0.000486687231           
       0.943936             0.00682413341            0.000509689601           
       0.946577             0.00755092278            0.000516340505           
       0.949217             0.00701718487            0.000515336207           
       0.951858             0.00838580609             0.00053258528           
       0.954498             0.00716001659            0.000517734901           
       0.957138             0.00643453434            0.000471736432           
       0.959779             0.00690790386            0.000499471668           
       0.962419             0.00598723223            0.000447651215           
       0.965059             0.00640576718            0.000476185571           
       0.967700             0.00717958725            0.000487825087           
       0.970340              0.0070175014            0.000495839214           
       0.972981              0.0062105544            0.000450380948           
       0.975621             0.00780461262            0.000515454064           
       0.978261             0.00800936342            0.000498217232           
       0.980902             0.00777198652            0.000514147277           
       0.983542             0.00699965505            0.000473725383           
       0.986182             0.00773463424             0.00050453376           
       0.988823             0.00659832916            0.000450965704           
       0.991463             0.00743525962            0.000490146344           
       0.994104              0.0075118298            0.000476057314           
       0.996744             0.00727068013            0.000483541777           
       0.999384             0.00661631268             0.00044561359           
       1.002025             0.00631417717             0.00044744075           
       1.004665             0.00675866059             0.00044395942           
       1.007306              0.0070714698             0.00046933362           
       1.009946             0.00711391179            0.000452631301           
       1.012586             0.00750536473            0.000478291466           
       1.015227             0.00711727659            0.000451663222           
       1.017867             0.00704678621              0.0004622999           
       1.020507             0.00668876273            0.000433447174           
       1.023148             0.00698997161            0.000448451181           
       1.025788             0.00760785503             0.00046306141           
       1.028429             0.00688566019            0.000450165272           
       1.031069             0.00831538058            0.000476617139           
       1.033709             0.00745948335            0.000460090877           
       1.036350             0.00721314976            0.000440566731           
       1.038990             0.00774051548            0.000467655163           
       1.041630             0.00741592794            0.000448938593           
       1.044271             0.00791491012            0.000463848277           
       1.046911               0.006601932            0.000415760725           
       1.049552              0.0074059393            0.000456219183           
       1.052192             0.00790058207            0.000450018833           
       1.054832             0.00719627673            0.000437844354           
       1.057473             0.00732795167            0.000436238508           
       1.060113             0.00833198337            0.000470201989           
       1.062754             0.00713845649            0.000430409979           
       1.065394             0.00820693624            0.000456643355           
       1.068034             0.00722184937            0.000426703481           
       1.070675             0.00724435671            0.000434884788           
       1.073315             0.00711583534            0.000417835342           
       1.075955             0.00705591908            0.000423050618           
       1.078596             0.00787813926            0.000446136836           
       1.081236             0.00826320352            0.000450132878           
       1.083877             0.00816171493             0.00046133506           
       1.086517             0.00749448323            0.000432075301           
       1.089157             0.00889709507             0.00047422585           
       1.091798             0.00675345815            0.000404411799           
       1.094438             0.00830042207            0.000455468965           
       1.097078              0.0077596476            0.000429065418           
       1.099719             0.00845531998            0.000459364911           
       1.102359             0.00759687317            0.000412483551           
       1.105000             0.00811306128            0.000443054819           
       1.107640             0.00753344439            0.000413018075           
       1.110280             0.00769468735             0.00042577282           
       1.112921             0.00813899623            0.000429969492           
       1.115561             0.00825217779            0.000438443168           
       1.118202             0.00790775941             0.00041666922           
       1.120842             0.00768644163            0.000423740366           
       1.123482             0.00829853723             0.00042793826           
       1.126123             0.00776995219            0.000416669262           
       1.128763             0.00780781869            0.000415611651           
       1.131403             0.00850153313            0.000433007909           
       1.134044             0.00801772334            0.000419776658           
       1.136684             0.00809282632            0.000424907555           
       1.139325             0.00747610635            0.000396889799           
       1.141965             0.00846827001            0.000427929892           
       1.144605             0.00855703816            0.000432693658           
       1.147246             0.00741629305            0.000395192165           
       1.149886              0.0081997558            0.000418497689           
       1.152527             0.00840396187            0.000424101292           
       1.155167              0.0087577798            0.000426849768           
       1.157807             0.00816723631            0.000412491202           
       1.160448             0.00868794161            0.000431258277           
       1.163088             0.00786253953             0.00039504061           
       1.165728             0.00825635082            0.000421498568           
       1.168369             0.00895042385            0.000423190819           
       1.171009             0.00854995989            0.000417044411           
       1.173650             0.00823445179            0.000406325907           
       1.176290             0.00817089094            0.000409503943           
       1.178930             0.00828983112            0.000400878557           
       1.181571             0.00877736455            0.000425971027           
       1.184211              0.0079766607            0.000393812979           
       1.186851             0.00923391714            0.000427620519           
       1.189492             0.00947343664            0.000435536236           
       1.192132             0.00904510937             0.00041927341           
       1.194773             0.00915720952            0.000419318403           
       1.197413             0.00884246903            0.000415410493           
       1.200053             0.00882730042            0.000412442624           
       1.202694             0.00916883862             0.00041717823           
       1.205334             0.00876581997            0.000412365655           
       1.207975             0.00820423251            0.000391121157           
       1.210615             0.00830107386            0.000401742127           
       1.213255             0.00972550507            0.000423342845           
       1.215896             0.00963508359             0.00042935737           
       1.218536             0.00860229768            0.000394008884           
       1.221176             0.00850386667            0.000401098752           
       1.223817             0.00872768371            0.000397875619           
       1.226457             0.00947824424            0.000419897507           
       1.229098             0.00918342197            0.000407045086           
       1.231738             0.00885447248            0.000405316675           
       1.234378             0.00923765259            0.000405949849           
       1.237019             0.00825115863            0.000386756811           
       1.239659             0.00898895071            0.000403459514           
       1.242299             0.00943308305            0.000411193593           
       1.244940             0.00939450508            0.000405922457           
       1.247580             0.00912556902            0.000401836597           
       1.250221              0.0088657312              0.0004025397           
       1.252861             0.00906839856            0.000391946999           
       1.255501             0.00930351575            0.000408204334           
       1.258142             0.00912592117            0.000396296686           
       1.260782              0.0101872355            0.000423436612           
       1.263423             0.00898490687            0.000389786232           
       1.266063             0.00975715706            0.000413762858           
       1.268703             0.00998466478            0.000408013321           
       1.271344             0.00958995879            0.000408576489           
       1.273984             0.00924453151            0.000394888344           
       1.276624              0.0100360892            0.000408936781           
       1.279265             0.00991077659            0.000407262977           
       1.281905             0.00976972397            0.000406846822           
       1.284546             0.00951642406             0.00039715145           
       1.287186             0.00955785774            0.000398397462           
       1.289826             0.00971363918            0.000403713766           
       1.292467             0.00998603637            0.000402029396           
       1.295107             0.00969931842            0.000403199722           
       1.297747              0.0101626628            0.000401892569           
       1.300388             0.00979585945            0.000404705449           
       1.303028              0.0100246181            0.000398992835           
       1.305669              0.0101508705            0.000406684817           
       1.308309             0.00986766945            0.000394942576           
       1.310949              0.0102712559            0.000407960398           
       1.313590              0.0100368857             0.00039703804           
       1.316230              0.0102471408            0.000408396281           
       1.318871             0.00966114362            0.000387992097           
       1.321511              0.0101916341            0.000400499035           
       1.324151              0.0100393034            0.000399065387           
       1.326792              0.0101521953            0.000398052081           
       1.329432             0.00965408057            0.000390188889           
       1.332072             0.00963183548            0.000383056013           
       1.334713             0.00945749278             0.00038428082           
       1.337353              0.0098826031            0.000386779991           
       1.339994              0.0102015803            0.000398569723           
       1.342634              0.0104733138             0.00039475158           
       1.345274              0.0119551115            0.000427267143           
       1.347915              0.0109285741             0.00040959769           
       1.350555              0.0103572679            0.000397190027           
       1.353195              0.0105640396             0.00039346129           
       1.355836              0.0111207323            0.000411312179           
       1.358476              0.0113680754            0.000414691548           
       1.361117              0.0103233916            0.000385264731           
       1.363757              0.0101949572            0.000395548948           
       1.366397              0.0104158675             0.00038736101           
       1.369038              0.0102894437             0.00039311779           
       1.371678              0.0101587614             0.00038272607           
       1.374319              0.0109845781            0.000401134676           
       1.376959              0.0100152932            0.000377754732           
       1.379599             0.00998754833             0.00038458411           
       1.382240              0.0108319896            0.000392905274           
       1.384880              0.0105111447            0.000391794675           
       1.387520              0.0108946851            0.000394215095           
       1.390161              0.0100167383            0.000376970246           
       1.392801              0.0112838044            0.000402487573           
       1.395442              0.0107808478             0.00038933889           
       1.398082                0.01000571            0.000376364756           
       1.400722              0.0101291572            0.000376968653           
       1.403363              0.0102460028            0.000382655005           
       1.406003              0.0107184575            0.000381767561           
       1.408644               0.010889093            0.000392872658           
       1.411284              0.0111378896            0.000395156472           
       1.413924               0.010181867            0.000373157012           
       1.416565              0.0107827939            0.000383559477           
       1.419205              0.0102334859            0.000377342695           
       1.421845              0.0105182155            0.000377746745           
       1.424486              0.0104802246            0.000378728572           
       1.427126              0.0107027525            0.000382486769           
       1.429767               0.010636255            0.000375420971           
       1.432407              0.0107345443            0.000386652592           
       1.435047              0.0106538648            0.000373621435           
       1.437688              0.0107688611            0.000383950767           
       1.440328              0.0101722302            0.000365931713           
       1.442968              0.0106746674            0.000380049199           
       1.445609              0.0100180448            0.000362119092           
       1.448249              0.0105036482            0.000373189205           
       1.450890              0.0101464737            0.000364172712           
       1.453530              0.0105931198            0.000374858009           
       1.456170              0.0103229736            0.000369214207           
       1.458811             0.00976974011            0.000356326832           
       1.461451             0.00984448881            0.000360316692           
       1.464092              0.0105614031            0.000369952881           
       1.466732              0.0103065718            0.000363220832           
       1.469372               0.011213532             0.00037770072           
       1.472013              0.0102557675            0.000367673153           
       1.474653             0.00994238749            0.000353073461           
       1.477293              0.0101879095            0.000363422328           
       1.479934              0.0100193443            0.000356631119           
       1.482574              0.0102548753            0.000359908106           
       1.485215              0.0102712354            0.000361122581           
       1.487855              0.0101449711            0.000358821938           
       1.490495              0.0105912694            0.000365840536           
       1.493136              0.0104388196            0.000358435028           
       1.495776              0.0103808434            0.000363670087           
       1.498416              0.0100560683            0.000350982309           
       1.501057              0.0104789116            0.000361367205           
       1.503697             0.00974706279            0.000345168944           
       1.506338              0.0102485542             0.00035654002           
       1.508978              0.0103410975            0.000356031544           
       1.511618             0.00963921928            0.000343563133           
       1.514259             0.00980870021            0.000347196235           
       1.516899             0.00908810524             0.00033435525           
       1.519540              0.0104716223             0.00035691243           
       1.522180             0.00993728074            0.000343344985           
       1.524820              0.0102553925            0.000355842115           
       1.527461              0.0103403595            0.000349408727           
       1.530101              0.0100992399            0.000348881166           
       1.532741              0.0100851532             0.00034698597           
       1.535382              0.0102974283            0.000351390824           
       1.538022             0.00958318146            0.000335986122           
       1.540663              0.0102255313            0.000350343987           
       1.543303              0.0100160618            0.000342422134           
       1.545943             0.00969722467            0.000338816226           
       1.548584              0.0099166263            0.000344452186           
       1.551224             0.00968090454            0.000331608518           
       1.553864              0.0102351978            0.000349877023           
       1.556505             0.00984650557            0.000337890279           
       1.559145             0.00959361882            0.000334294094           
       1.561786              0.0100790943            0.000341095737           
       1.564426              0.0105341519             0.00034839577           
       1.567066             0.00977933239             0.00033306168           
       1.569707             0.00962535588             0.00033521301           
       1.572347             0.00899797858            0.000319899414           
       1.574988             0.00925294634            0.000323116769           
       1.577628             0.00950468125            0.000334855821           
       1.580268              0.0101828893            0.000334635844           
       1.582909             0.00906219904            0.000321589443           
       1.585549             0.00907198036            0.000318755975           
       1.588189             0.00897759878            0.000320635147           
       1.590830             0.00916811844            0.000318457499           
       1.593470             0.00911631944            0.000320149855           
       1.596111             0.00900458288            0.000315432478           
       1.598751             0.00895050653             0.00031769879           
       1.601391             0.00950006173            0.000325214101           
       1.604032             0.00874237832            0.000309370569           
       1.606672             0.00850208188            0.000311229664           
       1.609312             0.00903206011            0.000311238338           
       1.611953             0.00915849062            0.000317951158           
       1.614593             0.00924436946            0.000317008827           
       1.617234             0.00858150815            0.000307163293           
       1.619874             0.00880243158            0.000307432235           
       1.622514             0.00898587064             0.00031336626           
       1.625155             0.00926130684            0.000317345928           
       1.627795             0.00921904762            0.000313421574           
       1.630436             0.00883500398             0.00030990795           
       1.633076             0.00906494444            0.000312319997           
       1.635716             0.00848536964            0.000301643926           
       1.638357             0.00919145028            0.000312609452           
       1.640997             0.00819053865             0.00029740581           
       1.643637             0.00771294174            0.000283245487           
       1.646278               0.008904461            0.000308893879           
       1.648918             0.00938219769            0.000312984206           
       1.651559             0.00857379381            0.000302958459           
       1.654199             0.00800881903            0.000288792976           
       1.656839             0.00782232673            0.000285333927           
       1.659480              0.0083838045            0.000297998582           
       1.662120             0.00830009124            0.000292533773           
       1.664761             0.00863081612            0.000301534781           
       1.667401             0.00883618103            0.000302258823           
       1.670041             0.00845210717            0.000295955145           
       1.672682             0.00830194602            0.000290554334           
       1.675322             0.00821708471            0.000294176468           
       1.677962             0.00799450773            0.000284402243           
       1.680603             0.00847407481            0.000295406903           
       1.683243             0.00837972033             0.00029158456           
       1.685884             0.00849484428            0.000294697859           
       1.688524             0.00821559649            0.000288998251           
       1.691164             0.00821436521            0.000288233841           
       1.693805             0.00860921633            0.000297466203           
       1.696445             0.00846182871             0.00029081579           
       1.699085             0.00856862197            0.000293813523           
       1.701726             0.00862450461            0.000290935828           
       1.704366              0.0080663096            0.000288209583           
       1.707007              0.0087153816            0.000293188068           
       1.709647             0.00885744082            0.000299240314           
       1.712287             0.00826721661            0.000284266967           
       1.714928             0.00846214314            0.000290490601           
       1.717568             0.00863527247            0.000290748742           
       1.720209             0.00834161254            0.000287526846           
       1.722849             0.00824412722            0.000286300112           
       1.725489             0.00841193284            0.000284589689           
       1.728130             0.00831322509            0.000288674307           
       1.730770             0.00814801257            0.000279750504           
       1.733410             0.00824729352            0.000285144456           
       1.736051             0.00847684575            0.000284598363           
       1.738691             0.00826869399            0.000283951493           
       1.741332             0.00814751385             0.00028012802           
       1.743972              0.0079832316            0.000277392309           
       1.746612             0.00827694202            0.000282513958           
       1.749253             0.00819972666            0.000282408293           
       1.751893             0.00833865979            0.000283082155           
       1.754533             0.00814340684            0.000275908792           
       1.757174             0.00817304665              0.0002815784           
       1.759814             0.00808131561            0.000275725121           
       1.762455             0.00834087132            0.000282502766           
       1.765095             0.00803379421            0.000273360151           
       1.767735             0.00880982555            0.000291122782           
       1.770376              0.0078769869            0.000271104029           
       1.773016             0.00856830615            0.000283196752           
       1.775657             0.00854133325            0.000283329942           
       1.778297             0.00839920536            0.000282337222           
       1.780937             0.00808290222            0.000275677514           
       1.783578             0.00865032569             0.00028385058           
       1.786218              0.0080509272            0.000278209563           
       1.788858              0.0082975764            0.000275421776           
       1.791499             0.00797710412            0.000275027756           
       1.794139             0.00787951786            0.000268292839           
       1.796780             0.00807097356            0.000273146159           
       1.799420             0.00840952307            0.000278461105           
       1.802060              0.0088911842            0.000282802982           
       1.804701             0.00831780202             0.00027720187           
       1.807341             0.00859123348            0.000278999097           
       1.809981              0.0091469112            0.000289792402           
       1.812622             0.00833494342            0.000275123996           
       1.815262             0.00855960332            0.000279801292           
       1.817903             0.00883426612            0.000280743179           
       1.820543             0.00814615678            0.000272919998           
       1.823183             0.00762428863            0.000259965025           
       1.825824             0.00788012513            0.000268265147           
       1.828464              0.0086477533            0.000280165595           
       1.831105             0.00813863437             0.00027284565           
       1.833745             0.00804665255            0.000271130096           
       1.836385             0.00815077862            0.000271817395           
       1.839026             0.00786523185            0.000271027502           
       1.841666             0.00748329892             0.00026093241           
       1.844306             0.00847264208            0.000281150854           
       1.846947             0.00802971372            0.000270185982           
       1.849587             0.00763639707            0.000267059306           
       1.852228              0.0079740616            0.000269997309           
       1.854868             0.00794215415            0.000274398607           
       1.857508             0.00773841916             0.00026585494           
       1.860149              0.0076855391            0.000267068689           
       1.862789             0.00782309671            0.000270640407           
       1.865429             0.00776878832             0.00027051248           
       1.868070             0.00785696918            0.000271103367           
       1.870710             0.00776171992            0.000270188892           
       1.873351             0.00793466451            0.000274926468           
       1.875991             0.00764670696            0.000271351608           
       1.878631             0.00762165151            0.000268388718           
       1.881272             0.00795155244            0.000273493597           
       1.883912             0.00820193986            0.000281023849           
       1.886553             0.00805239189            0.000275109931           
       1.889193             0.00763084262            0.000270905685           
       1.891833             0.00780821643             0.00027091761           
       1.894474             0.00808044136            0.000277781003           
       1.897114             0.00769095071            0.000268901479           
       1.899754             0.00745736113            0.000267755996           
       1.902395             0.00791867093            0.000275972204           
       1.905035             0.00781510976            0.000273087251           
       1.907676             0.00777052378            0.000272623715           
       1.910316             0.00783877846            0.000275564342           
       1.912956             0.00762038362            0.000271687702           
       1.915597             0.00778722072            0.000271782412           
       1.918237             0.00796821383            0.000279095968           
       1.920878             0.00794105934            0.000273689104           
       1.923518             0.00756219982             0.00027417657           
       1.926158             0.00767225131            0.000269818403           
       1.928799             0.00758251701            0.000271800315           
       1.931439             0.00776413156            0.000272831978           
       1.934079             0.00718963503            0.000265202843           
       1.936720             0.00784439267            0.000275385276           
       1.939360             0.00767671511            0.000275051726           
       1.942001             0.00754366031            0.000271608764           
       1.944641             0.00730131076            0.000266058821           
       1.947281             0.00747986234            0.000270593414           
       1.949922             0.00730539242            0.000267753666           
       1.952562             0.00767747721            0.000276849702           
       1.955202             0.00759887725            0.000268508818           
       1.957843             0.00734213949              0.0002723182           
       1.960483             0.00788804807            0.000277758245           
       1.963124              0.0076792986            0.000273855072           
       1.965764             0.00753071578            0.000271289749           
       1.968404             0.00786166882            0.000282143549           
       1.971045             0.00768231201            0.000271915156           
       1.973685             0.00775179227            0.000278239196           
       1.976326             0.00742331944            0.000271093258           
       1.978966             0.00768619287            0.000277156782           
       1.981606             0.00713297007             0.00026417256           
       1.984247             0.00769641731            0.000276800777           
       1.986887             0.00744136001            0.000274721069           
       1.989527             0.00746792472            0.000269477409           
       1.992168             0.00749390108            0.000276458659           
       1.994808              0.0074660594            0.000272734967           
       1.997449             0.00739374262            0.000271012869           
       2.000089             0.00737578516            0.000269089681           
       2.002729             0.00743215392            0.000276305524           
       2.005370             0.00734737021            0.000269502627           
       2.008010             0.00760653511            0.000277855195           
       2.010650             0.00745175879            0.000274227062           
       2.013291             0.00750746161            0.000276816795           
       2.015931             0.00706208347            0.000266558677           
       2.018572             0.00743834528            0.000277200824           
       2.021212             0.00739250772            0.000273865282           
       2.023852             0.00736391431            0.000274771016           
       2.026493             0.00695102944            0.000265786987           
       2.029133             0.00773210109            0.000278184043           
       2.031774             0.00724415274            0.000271874581           
       2.034414             0.00704694461            0.000266548154           
       2.037054             0.00678122969            0.000264771576           
       2.039695              0.0075079728            0.000273110649           
       2.042335               0.007125736            0.000270596543           
       2.044975             0.00678501398            0.000261937616           
       2.047616             0.00726123587            0.000272135232           
       2.050256             0.00748855947            0.000273111364           
       2.052897             0.00767177878            0.000284619331           
       2.055537             0.00737649653            0.000271479143           
       2.058177             0.00774570787            0.000280647611           
       2.060818             0.00732056621            0.000273656011           
       2.063458             0.00712378005            0.000270324659           
       2.066098             0.00760907293            0.000278140799           
       2.068739             0.00763086995            0.000281443131           
       2.071379             0.00743918969            0.000273782129           
       2.074020             0.00753534342            0.000279319089           
       2.076660             0.00680906171            0.000263717438           
       2.079300             0.00766305326            0.000279726242           
       2.081941             0.00740616837            0.000276669551           
       2.084581             0.00710526372            0.000271191614           
       2.087222             0.00689450239            0.000267321183           
       2.089862             0.00772389972            0.000279417213           
       2.092502             0.00729363689            0.000276456744           
       2.095143             0.00724011572            0.000271503988           
       2.097783             0.00686772471            0.000268453269           
       2.100423              0.0070146869            0.000266108108           
       2.103064             0.00699219049            0.000270268238           
       2.105704             0.00714429505            0.000272146931           
       2.108345             0.00697317853            0.000270102386           
       2.110985             0.00743291486            0.000274947194           
       2.113625             0.00735211063            0.000277756994           
       2.116266             0.00700148907            0.000269046791           
       2.118906             0.00706619967            0.000270090725           
       2.121546             0.00745777327            0.000277253055           
       2.124187             0.00771691074            0.000285929744           
       2.126827              0.0071218396            0.000270376381           
       2.129468             0.00711287859            0.000273026011           
       2.132108             0.00654224913            0.000261303525           
       2.134748             0.00689689142            0.000267281328           
       2.137389             0.00707661482            0.000273009053           
       2.140029              0.0071720841            0.000274176995           
       2.142670             0.00762976997            0.000283252072           
       2.145310             0.00727457219            0.000277636881           
       2.147950             0.00695154117            0.000272451782           
       2.150591             0.00709472548            0.000272719162           
       2.153231             0.00745148657            0.000283624047           
       2.155871             0.00710070055            0.000272869048           
       2.158512             0.00777160598            0.000290613011           
       2.161152             0.00746039288            0.000277622154           
       2.163793             0.00744700358            0.000281886156           
       2.166433             0.00738865944            0.000275910766           
       2.169073             0.00689766078            0.000272809786           
       2.171714             0.00731377192            0.000275199011           
       2.174354               0.006675325            0.000266930762           
       2.176995             0.00667605859            0.000264731075           
       2.179635             0.00751422982             0.00028617348           
       2.182275             0.00695026596             0.00026976154           
       2.184916             0.00671679117            0.000270796688           
       2.187556             0.00680910923             0.00026826186           
       2.190196             0.00655144671            0.000267273249           
       2.192837             0.00732607426            0.000279537801           
       2.195477             0.00751552782            0.000285860295           
       2.198118             0.00690881343            0.000269019056           
       2.200758             0.00695798239            0.000274167156           
       2.203398             0.00676765822            0.000265907436           
       2.206039             0.00700214796            0.000274609037           
       2.208679             0.00737893913            0.000279141183           
       2.211319             0.00655362756            0.000264306136           
       2.213960             0.00707170343            0.000271635208           
       2.216600             0.00736098194            0.000283665089           
       2.219241             0.00666480493            0.000265993765           
       2.221881             0.00711952526            0.000276351056           
       2.224521             0.00695522016             0.00027219622           
       2.227162             0.00737386872            0.000284670685           
       2.229802             0.00683546156            0.000269632035           
       2.232443             0.00709780518            0.000275837706           
       2.235083             0.00681557719            0.000268677261           
       2.237723             0.00739646092            0.000282037651           
       2.240364             0.00749395925             0.00028244646           
       2.243004             0.00689832923            0.000271808163           
       2.245644             0.00679650173             0.00026917158           
       2.248285              0.0068032942            0.000271054273           
       2.250925             0.00721705389            0.000277869577           
       2.253566             0.00730871266            0.000280312272           
       2.256206             0.00675490409            0.000268675705           
       2.258846             0.00713699255            0.000276172415           
       2.261487             0.00728156214            0.000279438073           
       2.264127             0.00671348639            0.000270855228           
       2.266767             0.00696993158            0.000271519228           
       2.269408             0.00723645443            0.000279947692           
       2.272048             0.00700580073            0.000273755665           
       2.274689             0.00657053373            0.000266157658           
       2.277329             0.00709762957             0.00027625989           
       2.279969             0.00762146157            0.000287140621           
       2.282610             0.00705042737            0.000273481013           
       2.285250             0.00687296298            0.000274263927           
       2.287891             0.00666810982            0.000267419635           
       2.290531             0.00682448899            0.000271871304           
       2.293171             0.00737757468            0.000282659572           
       2.295812             0.00710888124            0.000275991897           
       2.298452             0.00673750395            0.000270406972           
       2.301092             0.00715645299            0.000280457645           
       2.303733             0.00707366133            0.000273315521           
       2.306373             0.00712372225            0.000280989629           
       2.309014             0.00648890135            0.000263009704           
       2.311654             0.00682076408            0.000272210532           
       2.314294              0.0067293793            0.000269790563           
       2.316935             0.00660784721            0.000268399882           
       2.319575             0.00693634972            0.000273960846           
       2.322215             0.00648029852            0.000268574908           
       2.324856             0.00656887472              0.0002636137           
       2.327496             0.00727293295            0.000284179373           
       2.330137             0.00739189079            0.000281210335           
       2.332777             0.00661332552            0.000268898035           
       2.335417              0.0068006168            0.000271860488           
       2.338058             0.00705274461            0.000277962193           
       2.340698             0.00702126188            0.000274610446           
       2.343339             0.00750557718            0.000289341658           
       2.345979             0.00666064813            0.000267130395           
       2.348619             0.00639320568            0.000266654829           
       2.351260             0.00747920677             0.00028228413           
       2.353900             0.00788529747            0.000295985959           
       2.356540             0.00690538742            0.000273175458           
       2.359181             0.00753274927            0.000289130146           
       2.361821             0.00693135467            0.000273969115           
       2.364462             0.00694711728            0.000278864461           
       2.367102             0.00671613629            0.000266260454           
       2.369742             0.00734886776            0.000288501778           
       2.372383             0.00714140823            0.000276109874           
       2.375023             0.00732003108            0.000286824842           
       2.377663             0.00710140279            0.000276505577           
       2.380304             0.00674329332            0.000273181232           
       2.382944             0.00704968798             0.00027658653           
       2.385585             0.00703063397            0.000278823718           
       2.388225             0.00696199763             0.00027620575           
       2.390865             0.00698599559            0.000277389883           
       2.393506             0.00715013617            0.000279336421           
       2.396146             0.00702217599            0.000277743148           
       2.398787             0.00686284887            0.000274814362           
       2.401427             0.00703062793            0.000276464392           
       2.404067             0.00696609554            0.000279392942           
       2.406708             0.00634016046            0.000263194974           
       2.409348              0.0071152853            0.000280917294           
       2.411988             0.00666627165            0.000271040738           
       2.414629             0.00661714762            0.000270923791           
       2.417269             0.00683548081            0.000272856456           
       2.419910              0.0067822148            0.000275218749           
       2.422550              0.0068611662            0.000272614008           
       2.425190             0.00681169991            0.000280181741           
       2.427831             0.00703889712            0.000274104434           
       2.430471             0.00688540987            0.000279024081           
       2.433112             0.00672729206            0.000269293824           
       2.435752             0.00720443168            0.000285735312           
       2.438392             0.00722618195            0.000281356386           
       2.441033             0.00712263872            0.000280613362           
       2.443673             0.00705600024            0.000280043415           
       2.446313             0.00726274961            0.000282602841           
       2.448954             0.00732083214            0.000286220266           
       2.451594             0.00684932133            0.000275188471           
       2.454235             0.00740258179            0.000285196787           
       2.456875             0.00778780522            0.000294005094           
       2.459515             0.00756448656            0.000290205849           
       2.462156              0.0074596222            0.000286701735           
       2.464796             0.00770517283            0.000296522035           
       2.467436             0.00724904742             0.00028158075           
       2.470077             0.00745709572            0.000289531066           
       2.472717             0.00768141936            0.000290176756           
       2.475358             0.00777678546            0.000295280399           
       2.477998               0.008083599            0.000299442697           
       2.480638             0.00732233101            0.000285686672           
       2.483279             0.00747910101            0.000289969104           
       2.485919             0.00735965044             0.00028563013           
       2.488560             0.00729735984            0.000285598553           
       2.491200              0.0072093905            0.000283482696           
       2.493840             0.00691570158            0.000276136868           
       2.496481             0.00673683449            0.000276106479           
       2.499121             0.00654931152            0.000268611878           
       2.501761             0.00735372025            0.000289463354           
       2.504402               0.006890924            0.000274836963           
       2.507042             0.00687935836            0.000279171082           
       2.509683             0.00699235758            0.000278891381           
       2.512323             0.00704988679            0.000281132823           
       2.514963             0.00865171015            0.000312057286           
       2.517604              0.0130037734            0.000381078528           
       2.520244              0.0384348306             0.00065529554           
       2.522884              0.0169454937            0.000434160978           
       2.525525              0.0111668148            0.000355337534           
       2.528165               0.016845475             0.00043444025           
       2.530806              0.0266865578            0.000544755232           
       2.533446              0.0163898717            0.000430710367           
       2.536086              0.0179917128             0.00044747987           
       2.538727              0.0167737178            0.000434837743           
       2.541367              0.0145515485             0.00040385322           
       2.544008              0.0107804282            0.000347900214           
       2.546648              0.0104516942            0.000342943764           
       2.549288              0.0090537861            0.000319232567           
       2.551929             0.00767874916            0.000294964328           
       2.554569             0.00773449248            0.000293327811           
       2.557209             0.00734703313            0.000289116454           
       2.559850             0.00707299842            0.000280411381           
       2.562490              0.0071089175            0.000283169397           
       2.565131             0.00722273163            0.000285923784           
       2.567771             0.00684236774            0.000276818338           
       2.570411             0.00723813356            0.000288176093           
       2.573052             0.00748837757            0.000289693815           
       2.575692              0.0072094472            0.000285001326           
       2.578332             0.00774969513            0.000294613999           
       2.580973             0.00734503943             0.00028914468           
       2.583613             0.00688491211            0.000277390475           
       2.586254             0.00719921743            0.000286160878           
       2.588894             0.00734287487            0.000287460257           
       2.591534             0.00740291874            0.000289164074           
       2.594175             0.00719945182            0.000286817896           
       2.596815              0.0069863479            0.000279914168           
       2.599456             0.00664801902            0.000275286383           
       2.602096             0.00717950072            0.000285008253           
       2.604736             0.00712086598            0.000284586463           
       2.607377             0.00668063078            0.000274594976           
       2.610017             0.00680922939            0.000277128426           
       2.612657             0.00718361306            0.000286655715           
       2.615298             0.00685941754            0.000277372687           
       2.617938             0.00703693569            0.000283396578           
       2.620579             0.00703281569            0.000280999319           
       2.623219             0.00733685567            0.000291600035           
       2.625859             0.00677988587            0.000275589003           
       2.628500             0.00659959329            0.000276245575           
       2.631140             0.00690076277            0.000277497056           
       2.633780             0.00737518083            0.000290561959           
       2.636421             0.00736475777            0.000287714415           
       2.639061             0.00776514117             0.00029896398           
       2.641702             0.00706693663            0.000282157881           
       2.644342             0.00735725017             0.00029025678           
       2.646982             0.00718174313            0.000286530385           
       2.649623             0.00668133479            0.000278024538           
       2.652263              0.0068637305            0.000279551608           
       2.654904              0.0072563974            0.000288997539           
       2.657544             0.00697683127            0.000281382054           
       2.660184             0.00756246491             0.00029332841           
       2.662825             0.00768090273            0.000296325004           
       2.665465             0.00699002269            0.000283206974           
       2.668105             0.00668307251            0.000277028636           
       2.670746             0.00686410053            0.000278379999           
       2.673386             0.00646278607            0.000273393333           
       2.676027             0.00752680088            0.000292533434           
       2.678667             0.00681959828            0.000279899171           
       2.681307             0.00675794716            0.000276440105           
       2.683948             0.00766252859            0.000297283996           
       2.686588             0.00742781067            0.000290009444           
       2.689229             0.00730120244            0.000290107701           
       2.691869              0.0072170332            0.000285551673           
       2.694509             0.00723905303            0.000289908943           
       2.697150             0.00711353685            0.000282797856           
       2.699790             0.00690376626            0.000284384035           
       2.702430               0.007265792            0.000286151552           
       2.705071             0.00705422925             0.00028581356           
       2.707711             0.00712788316            0.000284452825           
       2.710352             0.00709966734            0.000285505115           
       2.712992             0.00687803616            0.000281927112           
       2.715632             0.00675024967            0.000277707168           
       2.718273             0.00663608582            0.000276262891           
       2.720913             0.00665905931            0.000277202712           
       2.723553             0.00665447538            0.000276144374           
       2.726194             0.00696194548            0.000283814179           
       2.728834              0.0065070865            0.000271946976           
       2.731475             0.00703923067            0.000285320295           
       2.734115             0.00706279856             0.00028409454           
       2.736755             0.00692909918            0.000283252859           
       2.739396             0.00705972528             0.00028439842           
       2.742036              0.0067519516            0.000280028455           
       2.744677              0.0068111526            0.000281664625           
       2.747317             0.00726612089            0.000289506473           
       2.749957             0.00705207619            0.000287279545           
       2.752598             0.00661015494            0.000278970249           
       2.755238             0.00731100879            0.000293254676           
       2.757878             0.00700609489            0.000286256929           
       2.760519              0.0070468596            0.000284057272           
       2.763159             0.00687968476            0.000285231269           
       2.765800             0.00685538713            0.000279903924           
       2.768440             0.00719767759            0.000290584868           
       2.771080             0.00666265589            0.000277220391           
       2.773721             0.00643284701            0.000275739228           
       2.776361             0.00635327743            0.000271085418           
       2.779001             0.00678144353             0.00028301511           
       2.781642             0.00670696198            0.000279536108           
       2.784282             0.00691819219            0.000284002907           
       2.786923             0.00664206351            0.000276161035           
       2.789563             0.00672439812            0.000278425587           
       2.792203              0.0066954009            0.000279593102           
       2.794844             0.00680024345            0.000280491537           
       2.797484              0.0067319252            0.000279472232           
       2.800125               0.006603551            0.000276437018           
       2.802765             0.00666055166            0.000282774212           
       2.805405              0.0067061115            0.000279643901           
       2.808046             0.00694486815            0.000288942015           
       2.810686             0.00705739258            0.000288169744           
       2.813326             0.00713405332            0.000293315236           
       2.815967             0.00643068217            0.000276725622           
       2.818607             0.00614596459            0.000273234591           
       2.821248             0.00678591923             0.00028352788           
       2.823888              0.0066105199            0.000284346957           
       2.826528             0.00649497004            0.000280169271           
       2.829169             0.00611557629            0.000270663078           
       2.831809             0.00659543618            0.000281327655           
       2.834449             0.00616067495            0.000267151324           
       2.837090             0.00657965089            0.000277747625           
       2.839730             0.00670548102            0.000278399698           
       2.842371             0.00619891945            0.000269542478           
       2.845011             0.00689252719            0.000283588608           
       2.847651             0.00623768059            0.000270276286           
       2.850292             0.00691987123            0.000283054944           
       2.852932             0.00605567873            0.000265265789           
       2.855573             0.00663282935            0.000280057248           
       2.858213              0.0068433136            0.000281274384           
       2.860853             0.00682851418            0.000283073111           
       2.863494             0.00692690337            0.000285791656           
       2.866134             0.00704687066            0.000292299118           
       2.868774             0.00683147193            0.000283391683           
       2.871415             0.00726366577            0.000295110836           
       2.874055             0.00713948929            0.000294026686           
       2.876696             0.00597949075            0.000266659407           
       2.879336             0.00631566816            0.000275872113           
       2.881976             0.00646262464            0.000278833552           
       2.884617             0.00662821872            0.000280814597           
       2.887257             0.00686120393            0.000283715262           
       2.889897             0.00672978327            0.000284205633           
       2.892538             0.00635412938             0.00027424487           
       2.895178             0.00675530846            0.000279886225           
       2.897819             0.00685194842            0.000284780239           
       2.900459             0.00654994662            0.000276128323           
       2.903099             0.00658992344            0.000278415868           
       2.905740             0.00688499857            0.000281404279           
       2.908380             0.00662292868            0.000279675905           
       2.911021             0.00682884614            0.000284530277           
       2.913661              0.0062930827            0.000270134916           
       2.916301             0.00652738627            0.000279031585           
       2.918942             0.00665467087            0.000277488617           
       2.921582             0.00724062851             0.00029248444           
       2.924222             0.00674391613            0.000280636659           
       2.926863             0.00665532629            0.000279527823           
       2.929503              0.0065127513            0.000279587098           
       2.932144             0.00681266921            0.000281262359           
       2.934784             0.00689025867            0.000284061562           
       2.937424             0.00750020261            0.000296916092           
       2.940065             0.00712533568            0.000289636454           
       2.942705             0.00622042933            0.000271442822           
       2.945346             0.00642539385            0.000274249163           
       2.947986             0.00650061461            0.000276814429           
       2.950626             0.00693268873             0.00028674487           
       2.953267             0.00782257246             0.00030135697           
       2.955907              0.0104602441            0.000353086816           
       2.958547             0.00950421807            0.000333113807           
       2.961188              0.0087233614            0.000321922421           
       2.963828             0.00801861858            0.000306895767           
       2.966469             0.00727056573             0.00029230307           
       2.969109             0.00690433862            0.000286302915           
       2.971749              0.0068960861            0.000285290156           
       2.974390             0.00778827227            0.000304015754           
       2.977030             0.00840088435            0.000315145214           
       2.979670              0.0103655136            0.000347804019           
       2.982311             0.00888834213            0.000324393816           
       2.984951             0.00801775824            0.000308894474           
       2.987592             0.00762648875            0.000300246291           
       2.990232             0.00735589178            0.000295624597           
       2.992872             0.00729536136            0.000292102414           
       2.995513             0.00806730881            0.000309580913           
       2.998153             0.00775042421            0.000305397486           
       3.000794             0.00950046548            0.000333203144           
       3.003434              0.0194876329            0.000482277506           
       3.006074              0.0671651903            0.000898228825           
       3.008715              0.0509821764            0.000788530588           
       3.011355              0.0321861987            0.000633049104           
       3.013995              0.0238267344            0.000542008145           
       3.016636              0.0331225741            0.000640249306           
       3.019276               0.179739721             0.00152709327           
       3.021917               0.199302545             0.00158077904           
       3.024557                0.13153828             0.00129447668           
       3.027197               0.150285606             0.00140687492           
       3.029838               0.164974907             0.00146697935           
       3.032478              0.0575053903             0.00087127794           
       3.035118              0.0335727899            0.000669153735           
       3.037759              0.0888488041             0.00109049129           
       3.040399               0.234037884             0.00179011431           
       3.043040               0.115584732             0.00127023971           
       3.045680              0.0547964353            0.000861134469           
       3.048320               0.171337487             0.00154715816           
       3.050961               0.242467974             0.00185895501           
       3.053601              0.0719788304             0.00100836838           
       3.056242              0.0551156055            0.000888044752           
       3.058882               0.205143256             0.00173875773           
       3.061522               0.109925213             0.00126397839           
       3.064163              0.0197015796             0.00053608178           
       3.066803              0.0266260897             0.00063526077           
       3.069443              0.0379420475            0.000753280227           
       3.072084              0.0650551906            0.000995144254           
       3.074724              0.0225295994            0.000589086055           
       3.077365              0.0107276266             0.00040620268           
       3.080005             0.00956531752            0.000387819965           
       3.082645             0.00873910932            0.000372580159           
       3.085286             0.00859317118            0.000369523507           
       3.087926             0.00836191437            0.000366836586           
       3.090566             0.00779430129            0.000357815385           
       3.093207             0.00736473527            0.000344057692           
       3.095847              0.0068597134             0.00033901187           
       3.098488             0.00758376706            0.000355808422           
       3.101128             0.00774652488             0.00036156513           
       3.103768             0.00933668577            0.000399180481           
       3.106409              0.0100401563            0.000416718082           
       3.109049               0.010602148            0.000431551009           
       3.111690              0.0104879471            0.000427530477           
       3.114330             0.00871457528            0.000393180613           
       3.116970              0.0099931845            0.000426894892           
       3.119611               0.012664236            0.000477445039           
       3.122251               0.015188021            0.000527140888           
       3.124891              0.0133121347             0.00049591046           
       3.127532              0.0084275096            0.000401682317           
       3.130172             0.00784215422            0.000379510205           
       3.132813             0.00680232636            0.000360648972           
       3.135453             0.00883664228            0.000419725604           
       3.138093             0.00845830002            0.000400898599           
       3.140734             0.00667125613            0.000362664606           
       3.143374             0.00683834655             0.00037279117           
       3.146014             0.00649735302            0.000360739959           
       3.148655              0.0055578924            0.000336269109           
       3.151295             0.00594183773            0.000350442128           
       3.153936             0.00592375214             0.00035507394           
       3.156576             0.00739553312            0.000392184845           
       3.159216             0.00628860626            0.000364603494           
       3.161857              0.0060090346            0.000360778942           
       3.164497             0.00675240177            0.000390508057           
       3.167138             0.00577632267            0.000352517057           
       3.169778             0.00627648748            0.000374097489           
       3.172418               0.005512008            0.000352623896           
       3.175059             0.00576048792            0.000365201982           
       3.177699             0.00594450522            0.000369523936           
       3.180339             0.00640293243            0.000386935767           
       3.182980             0.00613830758             0.00038397011           
       3.185620             0.00546654042            0.000366310582           
       3.188261             0.00520039414            0.000352601259           
       3.190901             0.00577782054            0.000377388572           
       3.193541             0.00572006273            0.000376734895           
       3.196182             0.00503824028            0.000360926121           
       3.198822             0.00544315794            0.000370601736           
       3.201463             0.00586967871            0.000389824659           
       3.204103             0.00579641039            0.000392542512           
       3.206743             0.00591575689            0.000399915899           
       3.209384             0.00567869385            0.000390074375           
       3.212024             0.00626231856            0.000411084253           
       3.214664             0.00590914997            0.000406935581           
       3.217305             0.00598567945            0.000419117485           
       3.219945             0.00654331808            0.000434541453           
       3.222586             0.00638974945            0.000431842095           
       3.225226             0.00551687906            0.000410303433           
       3.227866             0.00517725703            0.000400548536           
       3.230507             0.00577337406            0.000428027633           
       3.233147             0.00594508232             0.00042792161           
       3.235787             0.00627451409            0.000439737363           
       3.238428             0.00589746226             0.00043384951           
       3.241068             0.00590679422            0.000442997043           
       3.243709             0.00620336593            0.000451462176           
       3.246349             0.00566458753             0.00042899783           
       3.248989             0.00607545821            0.000454438777           
       3.251630             0.00565835384            0.000440502189           
       3.254270             0.00602525129            0.000468531926           
       3.256911             0.00588094752            0.000451289233           
       3.259551             0.00553627225            0.000447540432           
       3.262191             0.00577837599            0.000461427668           
       3.264832             0.00530074318            0.000446092706           
       3.267472             0.00552540847             0.00046190707           
       3.270112             0.00570728705            0.000470784162           
       3.272753             0.00509056791            0.000450085143           
       3.275393             0.00526719335            0.000460183337           
       3.278034             0.00465122499            0.000441248308           
       3.280674             0.00493506908             0.00045583179           
       3.283314             0.00578384251            0.000496202911           
       3.285955             0.00522321508            0.000480398627           
       3.288595              0.0056672218            0.000505983207           
       3.291235             0.00595014884            0.000521505177           
       3.293876             0.00587158574            0.000521118325           
       3.296516               0.006540957            0.000561239475           
       3.299157             0.00686097766            0.000583492882           
       3.301797             0.00547485954            0.000521451078           
       3.304437             0.00480244096            0.000497534742           
       3.307078             0.00567468548            0.000546087098           
       3.309718             0.00569234759              0.0005523959           
       3.312359             0.00598096975            0.000577667945           
       3.314999              0.0055974169            0.000564700959           
       3.317639             0.00485126231            0.000531377979           
       3.320280             0.00521614459              0.0005590455           
       3.322920              0.0053863135            0.000576591012           
       3.325560             0.00502382691            0.000567604133           
       3.328201             0.00640821374            0.000643766994           
       3.330841             0.00661841661            0.000670151908           
       3.333482             0.00637025892            0.000665816127           
       3.336122             0.00488526135            0.000595741367           
       3.338762             0.00537708088            0.000630726818           
       3.341403             0.00456131369            0.000586304645           
       3.344043             0.00531718916            0.000657183652           
       3.346683              0.0057407162            0.000689781242           
       3.349324              0.0049180861            0.000648332507           
       3.351964              0.0050607663            0.000678812825           
       3.354605             0.00434381211            0.000636015445           
       3.357245             0.00475158966            0.000688580548           
       3.359885             0.00634729446            0.000796133099           
       3.362526             0.00545126875            0.000775527253           
       3.365166              0.0051021741            0.000741021207           
       3.367807             0.00436160109            0.000733412633           
       3.370447             0.00578162682            0.000844731696           
       3.373087              0.0054645559            0.000866737589           
       3.375728             0.00495067535             0.00081874186           
       3.378368             0.00470569142            0.000862544175           
       3.381008             0.00474123443            0.000858246271           
       3.383649             0.00646017065             0.00108419347           
       3.386289             0.00479195342            0.000934157614           
       3.388930             0.00622608165             0.00116942206           
       3.391570             0.00388786753             0.00092448884           
       3.394210             0.00570254891             0.00119967544           
       3.396851             0.00434960725             0.00113495165           
       3.399491             0.00600606016             0.00135787128           
       3.402131             0.00629639928             0.00164572662           
       3.404772             0.00451569564             0.00139431206           
       3.407412             0.00704412269             0.00216092061           
       3.410053             0.00344365017              0.0015732642           
       3.412693             0.00404975554             0.00241381276           
       3.415333             0.00591268984              0.0035735836           
