################################################################################
# EDF_DataBlockID                     0.Image.Psd
# EDF_BinarySize                      2105344
# EDF_HeaderSize                      2560
# ByteOrder                           LowByteFirst
# DataType                            FloatValue
# Dim_1                               512
# Dim_2                               1028
# Image                               0
# HeaderID                            EH:000000:000000:000000
# Size                                2105344
# Center_1                            304.9000
# Center_2                            588.7000
# Comment                             Xenocs_Cell_Window - front_window_open_only
# DDummy                              0.6
# Date                                2025-10-19T20:11:48
# Delta                               21.910000
# Dummy                               -1.5
# ExposureTime                        360
# Gamma                               15.360000
# Intensity1                          8.9392e-10
# PSize_1                             7.5e-05
# PSize_2                             7.5e-05
# Pressure                            0.032753
# SampleDistance                      0.115750
# SampleEnvKind                       large
# SampleEnvPN                         ElectroChemical cell
# SampleEnvSN                         1141
# Thickness                           0
# Wavelength                          1.541891e-10
# Wavelength                          1.54189e-10
# aux                                 0
# aux_dial                            0.002375
# beamx                               588.429
# beamx_dial                          588.429
# beamz                               657.855
# beamz_dial                          657.855
# det0x                               -0.000396875
# det0x_dial                          6.36905
# det0xvd                             -0.0005
# det0xvd_dial                        -0.0005
# det0y                               450.002
# det0y_dial                          481.635
# det0z                               0
# det0z_dial                          1.2295
# det0zvd                             0
# det0zvd_dial                        0
# mag                                 1.818
# mag_dial                            1.818
# om                                  0.2499
# om_dial                             -0.610199
# phi                                 -0.0120535
# phi_dial                            0
# ry                                  0.599993
# ry_dial                             0.599993
# s1bot                               0.8
# s1bot_dial                          -1.66094
# s1hl                                0.8
# s1hl_dial                           -0.608437
# s1hr                                0.8
# s1hr_dial                           0.970938
# s1top                               0.8
# s1top_dial                          -0.461562
# s2bot                               0.45
# s2bot_dial                          1.36109
# s2hl                                0.45
# s2hl_dial                           -0.83375
# s2hr                                0.45
# s2hr_dial                           -0.118594
# s2top                               0.45
# s2top_dial                          1.44734
# w2theta                             32
# w2theta_dial                        32
# waxsch                              19.2605
# waxsch_dial                         -32.7238
# waxsh                               137.085
# waxsh_dial                          -43.5335
# waxsth                              26.0607
# waxsth_dial                         -19.4068
# waxsz                               67.0407
# waxsz_dial                          -23.7962
# wind                                65.9854
# wind_dial                           66.0041
# wpsi                                124
# wpsi_dial                           124
# wstod                               115
# wstod_dial                          115
# x                                   0
# x_dial                              1.00969
# z                                   0
# z_dial                              13.3172
# CountCutoff                         6807993
# DetectorModel                       Dectris EIGER2 Si 500K, S/N E-01-0554
# ThresholdSetting                    4023.88989258
# Saturation                          0
# FlatField                           Corrected
# BackgroundReductionExtra            0.02
# BackgroundCorrectionConstant        0.0026712
# Detector                            0
# Monitor                             0
# Pil_Roi0                            0
# SumForIntensity1                    3.21811e+08
# TransmittedFlux                     893920
# det                                 0
# mon                                 0
# pilai0                              3.21811e+08
# pilai1                              687126
# pilct0                              5.56051e+08
# pilct1                              687126
# pilroi0                             0
# pilroi1                             0
# sec                                 1
# title                               20251017__1_00455.edf
# usaxs0                              0
# Operation                           Azimuthal average I(q)
# Error_model                         ErrorModel.poisson
# Geometrical_correction              True
# Transmission_correction             True
# Thickness_correction                False
# Binning mode                        Uniform
# Binning factor                      1.0
# Psi                                 0.0
# Omega                               0.2499
# MaskInvalidPixels                   True
# DetectorEdge                        3
# MaskFiles                           ['20251017__1_00233_mask.edf']
################################################################################
    q(A⁻¹)                Intensity(a.u.)            Sigma_I(a.u.)            
       0.690460            -2.2720483e-05                         0           
       0.693100              0.0110516155             0.00433467159           
       0.695741             0.00580169177             0.00265330248           
       0.698381             0.00513859539             0.00233548894           
       0.701021             0.00762447656             0.00232180364           
       0.703662             0.00762039426                0.00214858           
       0.706302              0.0077683195             0.00209508766           
       0.708942             0.00651166992             0.00170383987           
       0.711583             0.00528724271             0.00153503282           
       0.714223             0.00593779143              0.0014175544           
       0.716864             0.00516206394             0.00134874753           
       0.719504             0.00896581812             0.00164509431           
       0.722144             0.00443282139             0.00111717613           
       0.724785              0.0067639851             0.00135739347           
       0.727425             0.00600004691             0.00118582233           
       0.730065             0.00463220863             0.00107208179           
       0.732706             0.00792733782             0.00126117511           
       0.735346             0.00509850132             0.00109250973           
       0.737987             0.00678725557             0.00109103603           
       0.740627             0.00750765816              0.0012570485           
       0.743267              0.0062977754            0.000990327642           
       0.745908             0.00657412926             0.00108439521           
       0.748548             0.00726312819             0.00106306674           
       0.751189             0.00618324331            0.000971618708           
       0.753829             0.00691101886             0.00103647503           
       0.756469             0.00610911596            0.000916551812           
       0.759110             0.00639910737            0.000970266702           
       0.761750             0.00574570243            0.000841436163           
       0.764390             0.00661562796            0.000969203364           
       0.767031             0.00585262287            0.000824892773           
       0.769671             0.00688589766            0.000948913595           
       0.772312             0.00700447336            0.000872128247           
       0.774952             0.00731225847            0.000955288807           
       0.777592             0.00528787009            0.000743026649           
       0.780233             0.00819069264            0.000974880012           
       0.782873             0.00636197285            0.000785679699           
       0.785513             0.00688876606            0.000869690534           
       0.788154             0.00642863054            0.000771681855           
       0.790794             0.00679674995            0.000821217126           
       0.793435             0.00710109697            0.000806237521           
       0.796075              0.0072425705             0.00081853101           
       0.798715             0.00687745926            0.000793078869           
       0.801356             0.00660507972            0.000756415753           
       0.803996             0.00665032089            0.000771131097           
       0.806637             0.00680731391            0.000737476054           
       0.809277             0.00582830566            0.000713888826           
       0.811917             0.00638330966            0.000706979662           
       0.814558             0.00736199514            0.000777797387           
       0.817198             0.00708480896            0.000727534961           
       0.819838             0.00630175872            0.000715730566           
       0.822479             0.00564169352            0.000624085681           
       0.825119             0.00665311032            0.000728047932           
       0.827760             0.00681645826            0.000682842508           
       0.830400             0.00694533456            0.000726230499           
       0.833040             0.00573014866            0.000615637525           
       0.835681             0.00648334893            0.000685767578           
       0.838321             0.00684096246            0.000659330374           
       0.840961             0.00760482208            0.000726618635           
       0.843602             0.00680134477            0.000647279737           
       0.846242             0.00782205305            0.000718660757           
       0.848883             0.00677118705            0.000650441935           
       0.851523             0.00718700327            0.000675138137           
       0.854163              0.0082643352            0.000715562642           
       0.856804             0.00695899963            0.000639823449           
       0.859444             0.00677327745            0.000635766313           
       0.862085             0.00546719306            0.000562880846           
       0.864725             0.00565516548            0.000570373766           
       0.867365             0.00841009827            0.000690583252           
       0.870006             0.00729526168            0.000652158866           
       0.872646             0.00711292627            0.000615931844           
       0.875286             0.00707700906            0.000635308476           
       0.877927             0.00717073419            0.000612296393           
       0.880567             0.00827972627            0.000670795799           
       0.883208             0.00708977365            0.000602797445           
       0.885848             0.00719996464            0.000623217309           
       0.888488             0.00751932678            0.000605567133           
       0.891129              0.0078204182            0.000649178896           
       0.893769             0.00627675897            0.000549747313           
       0.896410             0.00707676771            0.000601712034           
       0.899050             0.00719942343            0.000585174452           
       0.901690             0.00719009578            0.000597002072           
       0.904331             0.00729537212              0.0005803617           
       0.906971             0.00720798066            0.000595678789           
       0.909611             0.00766975674            0.000589781706           
       0.912252              0.0065732202            0.000555457247           
       0.914892             0.00717853987            0.000565767163           
       0.917533             0.00783816198            0.000604529232           
       0.920173             0.00764403215            0.000572667645           
       0.922813             0.00697550431            0.000571679882           
       0.925454              0.0069717549            0.000542412399           
       0.928094             0.00695742213            0.000553485331           
       0.930734             0.00688774875            0.000537563985           
       0.933375             0.00710885617            0.000557766073           
       0.936015             0.00669758974            0.000518012504           
       0.938656             0.00735897435            0.000565763154           
       0.941296               0.006691898            0.000520087446           
       0.943936             0.00745342239            0.000558767989           
       0.946577              0.0073523877            0.000534468377           
       0.949217             0.00640171452             0.00051633193           
       0.951858             0.00682933056            0.000504170524           
       0.954498             0.00778730364             0.00056639005           
       0.957138             0.00881507213            0.000579195827           
       0.959779             0.00640654675            0.000504569912           
       0.962419             0.00718020964            0.000514241251           
       0.965059             0.00717992935             0.00052883766           
       0.967700              0.0078378162            0.000534667225           
       0.970340             0.00768313494            0.000544240028           
       0.972981             0.00783683099            0.000530709302           
       0.975621             0.00738758317            0.000526062224           
       0.978261             0.00825494877            0.000530577183           
       0.980902             0.00855881919            0.000565978691           
       0.983542             0.00741223353            0.000511369141           
       0.986182             0.00866999332            0.000560339652           
       0.988823             0.00781164666            0.000514718118           
       0.991463             0.00735693548            0.000511443668           
       0.994104             0.00806272423            0.000517367219           
       0.996744             0.00827181916            0.000541026618           
       0.999384             0.00813252298            0.000518244497           
       1.002025             0.00757832595            0.000514203971           
       1.004665             0.00763835544            0.000495090419           
       1.007306             0.00723688119            0.000498051411           
       1.009946             0.00713717502            0.000475581719           
       1.012586             0.00775747582            0.000510080334           
       1.015227             0.00803943495            0.000503549539           
       1.017867             0.00677835625            0.000475622159           
       1.020507             0.00754499712            0.000482908059           
       1.023148             0.00842388885            0.000516422807           
       1.025788             0.00729424436            0.000475630025           
       1.028429             0.00809401395            0.000511979772           
       1.031069             0.00850577056            0.000505658201           
       1.033709             0.00761380434              0.0004875978           
       1.036350             0.00827781734            0.000495083869           
       1.038990              0.0084619857            0.000512918743           
       1.041630             0.00736057984            0.000469171733           
       1.044271             0.00655520171            0.000442810201           
       1.046911               0.007525102            0.000465624439           
       1.049552             0.00928935272            0.000535979068           
       1.052192             0.00739386927            0.000456676498           
       1.054832             0.00810318854             0.00048737745           
       1.057473             0.00764288755            0.000467340124           
       1.060113             0.00789265952            0.000480057857           
       1.062754             0.00791927906            0.000475548296           
       1.065394             0.00876943372            0.000495158251           
       1.068034             0.00741424017            0.000453530952           
       1.070675              0.0072204286            0.000455436073           
       1.073315              0.0074243789             0.00044770704           
       1.075955             0.00876691959            0.000494664431           
       1.078596             0.00806250706            0.000473437815           
       1.081236             0.00876880095            0.000486416446           
       1.083877              0.0089318433            0.000506253374           
       1.086517             0.00852304771             0.00048334551           
       1.089157             0.00822731554            0.000478367668           
       1.091798             0.00756439382            0.000448972158           
       1.094438             0.00835426031            0.000479329698           
       1.097078             0.00839573324            0.000468169872           
       1.099719             0.00830078309            0.000477445671           
       1.102359             0.00777306003             0.00043768014           
       1.105000             0.00811076129            0.000464694498           
       1.107640             0.00864303154            0.000464063005           
       1.110280             0.00873220161            0.000475790707           
       1.112921             0.00819651194            0.000452624845           
       1.115561              0.0087365663            0.000473228662           
       1.118202             0.00815710676            0.000443919684           
       1.120842             0.00910495306            0.000483779721           
       1.123482             0.00873359123            0.000460519906           
       1.126123             0.00788712063            0.000440365376           
       1.128763             0.00859301513            0.000457369579           
       1.131403             0.00879731288            0.000462055193           
       1.134044             0.00885279029              0.0004627053           
       1.136684             0.00805207932            0.000444600554           
       1.139325             0.00899631807            0.000456705493           
       1.141965             0.00887732552            0.000459608425           
       1.144605             0.00885426059            0.000461707127           
       1.147246             0.00860148194            0.000446450341           
       1.149886             0.00923806988            0.000465966677           
       1.152527             0.00779089802            0.000428344261           
       1.155167             0.00909332729            0.000456258621           
       1.157807             0.00863557266            0.000444932709           
       1.160448             0.00833315882            0.000443052773           
       1.163088             0.00814362177            0.000421736076           
       1.165728             0.00915732963            0.000465648375           
       1.168369             0.00897232553            0.000444466037           
       1.171009             0.00865347552            0.000440116028           
       1.173650             0.00892235305            0.000443678621           
       1.176290             0.00862864372            0.000441434511           
       1.178930             0.00903395092            0.000438985809           
       1.181571             0.00840535293            0.000437267907           
       1.184211             0.00940069991            0.000448467725           
       1.186851             0.00892329057            0.000440960512           
       1.189492             0.00822870407            0.000425802171           
       1.192132             0.00871268133            0.000431656175           
       1.194773             0.00916321093            0.000440005214           
       1.197413             0.00939187387            0.000449095236           
       1.200053             0.00975501251            0.000454815374           
       1.202694             0.00937874232            0.000442596941           
       1.205334             0.00939668137            0.000447862909           
       1.207975             0.00899977557            0.000429714296           
       1.210615             0.00944432814            0.000449507977           
       1.213255              0.0094524438            0.000437804103           
       1.215896             0.00900283697             0.00043536399           
       1.218536             0.00913045848            0.000425810834           
       1.221176             0.00915304128            0.000436513253           
       1.223817             0.00961282158            0.000438020969           
       1.226457             0.00916422073             0.00043311054           
       1.229098             0.00854329995            0.000411836379           
       1.231738             0.00973510068            0.000445815313           
       1.234378             0.00983811622            0.000439459825           
       1.237019             0.00980670532              0.0004422967           
       1.239659              0.0103334261            0.000453773641           
       1.242299             0.00951410215            0.000433186635           
       1.244940             0.00874887458             0.00041091676           
       1.247580             0.00994024939            0.000439936285           
       1.250221             0.00942156004            0.000435295805           
       1.252861              0.0100350167            0.000432506587           
       1.255501             0.00938938546            0.000430174121           
       1.258142             0.00946143779            0.000423284423           
       1.260782             0.00980757872            0.000435825631           
       1.263423              0.0101885497            0.000435409121           
       1.266063             0.00967161484            0.000432126584           
       1.268703             0.00966948969            0.000421192868           
       1.271344              0.0101304238            0.000440504593           
       1.273984              0.0101697339            0.000434468494           
       1.276624              0.0108173508            0.000445354668           
       1.279265             0.00976114364            0.000423977758           
       1.281905              0.0103974209            0.000440275204           
       1.284546             0.00934807325            0.000412906715           
       1.287186             0.00981184872             0.00042343167           
       1.289826              0.0107292841             0.00044508154           
       1.292467              0.0102943208            0.000428185266           
       1.295107              0.0095790126            0.000420321516           
       1.297747             0.00986424925            0.000415345846           
       1.300388              0.0103765242            0.000436933519           
       1.303028              0.0103749768            0.000425790904           
       1.305669              0.0101474505            0.000426536714           
       1.308309             0.00974374733            0.000411681449           
       1.310949               0.010383715            0.000430283055           
       1.313590              0.0101112919            0.000418030129           
       1.316230              0.0103674246            0.000430910923           
       1.318871              0.0114983438            0.000444015252           
       1.321511             0.00967520483            0.000409337261           
       1.324151              0.0103642359            0.000425336398           
       1.326792              0.0105332907            0.000425317826           
       1.329432              0.0101085061            0.000418826893           
       1.332072              0.0102575103            0.000414667856           
       1.334713              0.0103211805            0.000421111421           
       1.337353              0.0107435322            0.000423032273           
       1.339994              0.0110191439            0.000434526373           
       1.342634              0.0106991247            0.000418530949           
       1.345274              0.0109553412             0.00042904937           
       1.347915              0.0106397482            0.000423948455           
       1.350555               0.010963574            0.000428670343           
       1.353195              0.0116458155            0.000433354778           
       1.355836              0.0105611239            0.000420466672           
       1.358476              0.0105849969             0.00041975774           
       1.361117              0.0106165887            0.000409837961           
       1.363757              0.0101756381            0.000414533841           
       1.366397              0.0103434373            0.000404922825           
       1.369038               0.010063491            0.000407823937           
       1.371678              0.0104840488            0.000407853145           
       1.374319              0.0111238602            0.000423445878           
       1.376959              0.0108144063             0.00041176654           
       1.379599              0.0109220302            0.000421876379           
       1.382240              0.0112162006            0.000419399837           
       1.384880              0.0106339019            0.000413381922           
       1.387520              0.0114873899            0.000424627603           
       1.390161               0.010069822            0.000396484705           
       1.392801              0.0101851061             0.00040112443           
       1.395442              0.0111859484            0.000416015363           
       1.398082              0.0107433158            0.000409096532           
       1.400722               0.010403953             0.00040076465           
       1.403363              0.0104329451            0.000405046847           
       1.406003             0.00996414324            0.000386121952           
       1.408644               0.010198674            0.000398840672           
       1.411284             0.00990249481            0.000390851327           
       1.413924              0.0105775844            0.000398972334           
       1.416565              0.0107759479            0.000402222573           
       1.419205              0.0107801814            0.000406264447           
       1.421845              0.0104835515            0.000395599331           
       1.424486              0.0109126187            0.000405395476           
       1.427126              0.0108084609            0.000403201589           
       1.429767               0.011075185            0.000401856767           
       1.432407              0.0116411294            0.000422375104           
       1.435047              0.0111388201            0.000400746209           
       1.437688              0.0104264923            0.000396306686           
       1.440328              0.0103416085            0.000387041595           
       1.442968              0.0107330259            0.000399756346           
       1.445609              0.0110654399            0.000399223331           
       1.448249              0.0102608579             0.00038692114           
       1.450890              0.0107427978            0.000393079294           
       1.453530              0.0106227377            0.000393771893           
       1.456170              0.0107203524            0.000394686399           
       1.458811              0.0106854874            0.000390909138           
       1.461451              0.0111657424            0.000402534614           
       1.464092              0.0102384462            0.000382097559           
       1.466732              0.0101922614            0.000378896455           
       1.469372              0.0107521005            0.000387967093           
       1.472013              0.0107248177             0.00039440683           
       1.474653              0.0105502431            0.000381524648           
       1.477293              0.0104664548            0.000386403011           
       1.479934               0.010820476            0.000388771484           
       1.482574              0.0110910926            0.000392631588           
       1.485215              0.0106362349            0.000385486256           
       1.487855              0.0100127311            0.000373939627           
       1.490495              0.0103249911            0.000378908453           
       1.493136              0.0104319599            0.000375871446           
       1.495776              0.0106207019            0.000385868657           
       1.498416              0.0101346955            0.000369613738           
       1.501057              0.0102130982            0.000374232098           
       1.503697              0.0104101298            0.000374192034           
       1.506338              0.0100500461            0.000370367308           
       1.508978              0.0106279626            0.000378618476           
       1.511618              0.0102812387            0.000372203095           
       1.514259              0.0101828532            0.000371086925           
       1.516899              0.0105143762            0.000377254877           
       1.519540              0.0100878253            0.000367472714           
       1.522180             0.00982323712            0.000358093036           
       1.524820             0.00959304493            0.000361019846           
       1.527461              0.0102345987            0.000364647276           
       1.530101             0.00972081654            0.000359051038           
       1.532741              0.0106547356            0.000374122335           
       1.535382              0.0113742244            0.000387399056           
       1.538022              0.0102959059            0.000365317434           
       1.540663              0.0102509455            0.000367963993           
       1.543303              0.0100091842            0.000359074287           
       1.545943              0.0106578096            0.000372602774           
       1.548584              0.0100612663            0.000363952685           
       1.551224              0.0101308419            0.000355846019           
       1.553864              0.0100002627            0.000362781088           
       1.556505             0.00981340661            0.000353847525           
       1.559145              0.0104607142            0.000366175917           
       1.561786             0.00970408148            0.000351086708           
       1.564426              0.0102647022              0.0003607596           
       1.567066              0.0101234244            0.000355472018           
       1.569707              0.0098072472            0.000354942221           
       1.572347             0.00989277853            0.000351861495           
       1.574988             0.00990660867            0.000350714412           
       1.577628              0.0100176383            0.000360614662           
       1.580268             0.00941412047            0.000337519178           
       1.582909             0.00934734873            0.000342610637           
       1.585549              0.0100311837            0.000351604973           
       1.588189             0.00959086974            0.000347641536           
       1.590830             0.00955492049            0.000341033109           
       1.593470             0.00886032635            0.000331085404           
       1.596111              0.0096276832            0.000342142589           
       1.598751             0.00955726672            0.000344373909           
       1.601391             0.00921618547            0.000336010919           
       1.604032              0.0094266039            0.000336987243           
       1.606672             0.00851932651            0.000326807946           
       1.609312             0.00940721126             0.00033319752           
       1.611953             0.00948291439            0.000339383721           
       1.614593             0.00888376975            0.000325989032           
       1.617234             0.00867209288            0.000323907571           
       1.619874             0.00911316063            0.000328136257           
       1.622514             0.00940843036            0.000336358474           
       1.625155             0.00860011007            0.000320789712           
       1.627795             0.00885731754             0.00032226163           
       1.630436             0.00853450284            0.000319514145           
       1.633076             0.00910440805            0.000328333131           
       1.635716             0.00845065064            0.000315773666           
       1.638357             0.00861548326            0.000317483777           
       1.640997             0.00916771968            0.000330061989           
       1.643637             0.00854854373            0.000312802832           
       1.646278              0.0091517993            0.000328496208           
       1.648918             0.00874800486            0.000317027017           
       1.651559             0.00860669847            0.000318409849           
       1.654199             0.00809185099            0.000304507475           
       1.656839             0.00908790424            0.000322618258           
       1.659480             0.00866809748            0.000317853614           
       1.662120             0.00880224943            0.000316011617           
       1.664761             0.00817144577            0.000307774452           
       1.667401             0.00945503136            0.000327981845           
       1.670041             0.00871836839            0.000315306292           
       1.672682              0.0084415125             0.00030734006           
       1.675322             0.00837985469            0.000311629759           
       1.677962             0.00835482986            0.000304984377           
       1.680603             0.00846664885            0.000309743285           
       1.683243             0.00814917197            0.000301632502           
       1.685884             0.00834916597            0.000306473163           
       1.688524             0.00898939789            0.000317111944           
       1.691164             0.00786694515            0.000295891616           
       1.693805             0.00821598091            0.000304829619           
       1.696445             0.00826524767            0.000301498696           
       1.699085             0.00808764522            0.000299432522           
       1.701726             0.00873768448            0.000307184954           
       1.704366             0.00824378305            0.000305636969           
       1.707007             0.00923515387            0.000316589706           
       1.709647             0.00848652134            0.000307257477           
       1.712287             0.00879370686            0.000307541949           
       1.714928              0.0083993926            0.000303590009           
       1.717568             0.00864453781            0.000305156303           
       1.720209             0.00851777343            0.000304781125           
       1.722849             0.00823871435            0.000300227543           
       1.725489             0.00824717554            0.000295593933           
       1.728130             0.00876079939            0.000310861446           
       1.730770             0.00832227927            0.000296577232           
       1.733410             0.00833704494            0.000300737033           
       1.736051             0.00877215279            0.000303696638           
       1.738691             0.00830260449            0.000298472625           
       1.741332             0.00852017383            0.000300496805           
       1.743972             0.00865467861            0.000302971766           
       1.746612             0.00796303333             0.00029068047           
       1.749253             0.00842666564            0.000300315172           
       1.751893             0.00862741861            0.000302048327           
       1.754533             0.00829463096            0.000292100729           
       1.757174             0.00794560525            0.000291234268           
       1.759814              0.0079226754             0.00028638012           
       1.762455             0.00842617825            0.000297854351           
       1.765095             0.00825705483            0.000290709398           
       1.767735             0.00855997754            0.000301023557           
       1.770376             0.00849304709            0.000295297187           
       1.773016             0.00829155234            0.000292233727           
       1.775657             0.00838897351            0.000294547733           
       1.778297             0.00883893095            0.000303822926           
       1.780937             0.00850227478            0.000296590258           
       1.783578             0.00822688827            0.000290377519           
       1.786218             0.00862710193            0.000302101723           
       1.788858              0.0082209153            0.000287577143           
       1.791499             0.00793983764            0.000287826873           
       1.794139             0.00886864767             0.00029857923           
       1.796780              0.0083083357            0.000290710547           
       1.799420             0.00874532005            0.000297877943           
       1.802060             0.00913817557             0.00030074995           
       1.804701             0.00921761959            0.000306106738           
       1.807341             0.00826641154            0.000287081484           
       1.809981             0.00876262914            0.000297535378           
       1.812622             0.00829775695            0.000287957988           
       1.815262             0.00871577784             0.00029617446           
       1.817903             0.00880202551            0.000293959107           
       1.820543             0.00897289023            0.000300467005           
       1.823183             0.00877793776            0.000292605942           
       1.825824             0.00870445096            0.000295760398           
       1.828464              0.0082518087            0.000287084248           
       1.831105             0.00819017525            0.000287117389           
       1.833745             0.00809851272            0.000285327987           
       1.836385             0.00824300844             0.00028674259           
       1.839026             0.00851080747            0.000295743095           
       1.841666             0.00869765265            0.000295089762           
       1.844306             0.00813668982            0.000289018398           
       1.846947             0.00814018445            0.000285365547           
       1.849587             0.00898671174            0.000303903362           
       1.852228             0.00863161141            0.000294670878           
       1.854868              0.0080815035            0.000290355771           
       1.857508             0.00833685302            0.000289461837           
       1.860149             0.00836919573            0.000292347445           
       1.862789             0.00850175537            0.000295957414           
       1.865429             0.00791586611            0.000286438582           
       1.868070             0.00788219272            0.000284841028           
       1.870710              0.0082317468            0.000291881212           
       1.873351              0.0081964638            0.000293114407           
       1.875991             0.00873853848             0.00030428897           
       1.878631             0.00835638684             0.00029479534           
       1.881272             0.00816726479            0.000290757651           
       1.883912             0.00835751816            0.000297574139           
       1.886553             0.00867919601            0.000299609237           
       1.889193             0.00800297851            0.000291024351           
       1.891833              0.0083384249            0.000293680396           
       1.894474             0.00865095578            0.000301500947           
       1.897114             0.00842706165             0.00029526563           
       1.899754              0.0080282754            0.000291426729           
       1.902395             0.00823576584            0.000295231588           
       1.905035             0.00851669813            0.000299048168           
       1.907676             0.00895892313            0.000307070448           
       1.910316             0.00865955509             0.00030382132           
       1.912956             0.00838034321            0.000298871222           
       1.915597             0.00818487807            0.000292285888           
       1.918237             0.00799185388            0.000293203043           
       1.920878             0.00837386038            0.000294817174           
       1.923518             0.00753424056            0.000287076498           
       1.926158             0.00833888301            0.000295077253           
       1.928799             0.00831310479            0.000298535869           
       1.931439             0.00822731023            0.000294611299           
       1.934079             0.00832606464            0.000299375513           
       1.936720             0.00808242282            0.000293226671           
       1.939360             0.00777840535            0.000290431409           
       1.942001             0.00790222255            0.000291607694           
       1.944641             0.00828446684            0.000297290589           
       1.947281             0.00757791661            0.000285704423           
       1.949922             0.00767125883            0.000287818431           
       1.952562             0.00776718998            0.000292104596           
       1.955202             0.00789558481             0.00028710954           
       1.957843              0.0083040218            0.000303795422           
       1.960483             0.00798500032            0.000293150938           
       1.963124             0.00779545136             0.00028943582           
       1.965764             0.00813277755            0.000295737457           
       1.968404             0.00807594309            0.000299972201           
       1.971045             0.00764448603            0.000284533381           
       1.973685             0.00791524112            0.000294931361           
       1.976326             0.00797589692             0.00029476848           
       1.978966             0.00719242206            0.000281241293           
       1.981606             0.00764278763            0.000286846816           
       1.984247             0.00797909648            0.000295645649           
       1.986887             0.00739742124            0.000287327781           
       1.989527             0.00801044364             0.00029276713           
       1.992168             0.00761494974            0.000292335375           
       1.994808             0.00715867713            0.000280145159           
       1.997449             0.00702969004             0.00027720271           
       2.000089             0.00795032657            0.000293060329           
       2.002729             0.00755482912            0.000292224198           
       2.005370             0.00713084934            0.000278509045           
       2.008010             0.00766874169            0.000292656902           
       2.010650             0.00809697368            0.000299856808           
       2.013291             0.00806227707            0.000300916754           
       2.015931             0.00791879078            0.000296092542           
       2.018572             0.00729639099            0.000287993066           
       2.021212             0.00732900687            0.000286045609           
       2.023852             0.00734894831            0.000287939195           
       2.026493             0.00793839164            0.000297952506           
       2.029133             0.00773422975            0.000291852636           
       2.031774             0.00759811764            0.000292078404           
       2.034414             0.00776164339            0.000293442981           
       2.037054             0.00826867013            0.000306694932           
       2.039695             0.00727523386            0.000282015125           
       2.042335             0.00767202288            0.000294532998           
       2.044975             0.00801499306            0.000298638438           
       2.047616             0.00760875207            0.000292218595           
       2.050256             0.00789406309            0.000294145738           
       2.052897             0.00769012827            0.000298919869           
       2.055537             0.00774226418            0.000291754138           
       2.058177             0.00720778059            0.000283990103           
       2.060818             0.00768212483            0.000294066105           
       2.063458             0.00733610526            0.000287762914           
       2.066098             0.00736719255            0.000287092249           
       2.068739             0.00748293734            0.000292355532           
       2.071379              0.0068393643             0.00027537327           
       2.074020             0.00716439851            0.000285700231           
       2.076660             0.00778532733            0.000295804846           
       2.079300             0.00698415649            0.000280130827           
       2.081941             0.00752614421            0.000292565072           
       2.084581             0.00730727818            0.000288493218           
       2.087222             0.00734799874             0.00028949301           
       2.089862             0.00736323795            0.000286181064           
       2.092502             0.00727147717            0.000289559672           
       2.095143             0.00789423023            0.000297392483           
       2.097783             0.00726369202            0.000289609366           
       2.100423             0.00727120971            0.000284203178           
       2.103064             0.00749014524            0.000293430421           
       2.105704             0.00775646668            0.000297459161           
       2.108345             0.00731379947            0.000290172456           
       2.110985             0.00739553942            0.000287690999           
       2.113625              0.0075049357            0.000294377158           
       2.116266             0.00761557959            0.000294344363           
       2.118906             0.00751273157            0.000292137486           
       2.121546             0.00743302122            0.000290352836           
       2.124187             0.00760479762            0.000297750885           
       2.126827              0.0069194137            0.000279562515           
       2.129468             0.00755182581            0.000295106613           
       2.132108             0.00731729376            0.000289886912           
       2.134748              0.0069029274            0.000280498286           
       2.137389             0.00749187079            0.000294666688           
       2.140029             0.00752577637            0.000294615515           
       2.142670             0.00708426953            0.000286310019           
       2.145310             0.00828665828             0.00031083848           
       2.147950             0.00761656421            0.000299157772           
       2.150591             0.00728648688            0.000289920272           
       2.153231             0.00738755343            0.000296239891           
       2.155871             0.00758058056            0.000295751219           
       2.158512             0.00777783917            0.000304972571           
       2.161152             0.00701995641            0.000282495875           
       2.163793             0.00738817471            0.000294525687           
       2.166433             0.00651267155            0.000271729659           
       2.169073             0.00687403913             0.00028568449           
       2.171714             0.00740105084            0.000290398581           
       2.174354             0.00733132141            0.000293443965           
       2.176995             0.00718520342            0.000288095198           
       2.179635              0.0076960359            0.000303803185           
       2.182275             0.00716272979            0.000287269976           
       2.184916             0.00678999238            0.000285606904           
       2.187556             0.00652284271            0.000275425323           
       2.190196             0.00717415224            0.000293388991           
       2.192837             0.00742719906            0.000295249419           
       2.195477             0.00747403904            0.000299035955           
       2.198118             0.00727717593             0.00028962389           
       2.200758             0.00723575036              0.0002932832           
       2.203398             0.00712761679            0.000286256316           
       2.206039             0.00723332226            0.000292778866           
       2.208679             0.00765373058            0.000298218904           
       2.211319             0.00707481064             0.00028806826           
       2.213960             0.00682547327            0.000279938131           
       2.216600             0.00735408509            0.000297422605           
       2.219241             0.00716739913            0.000289354448           
       2.221881             0.00702260289            0.000287909702           
       2.224521             0.00717096722            0.000289925991           
       2.227162             0.00717000854            0.000294460141           
       2.229802             0.00709349903            0.000288130649           
       2.232443             0.00706753912            0.000288733609           
       2.235083             0.00765752363            0.000298741391           
       2.237723             0.00705230182            0.000288889784           
       2.240364              0.0070474601            0.000287321694           
       2.243004             0.00724985623            0.000292298689           
       2.245644             0.00731648252             0.00029296065           
       2.248285             0.00769411245            0.000302376148           
       2.250925             0.00727863508            0.000292723529           
       2.253566             0.00783851081            0.000304515975           
       2.256206             0.00763466268            0.000299630047           
       2.258846             0.00695836139            0.000286053851           
       2.261487             0.00730782311            0.000293656044           
       2.264127             0.00719326181            0.000294101834           
       2.266767             0.00721310437            0.000289747084           
       2.269408             0.00718920323            0.000292702202           
       2.272048             0.00741331226             0.00029540103           
       2.274689             0.00741775806             0.00029665154           
       2.277329             0.00737130577            0.000295328266           
       2.279969             0.00696612546             0.00028796704           
       2.282610             0.00710570208            0.000288001393           
       2.285250             0.00731145235            0.000296735938           
       2.287891             0.00687925366              0.0002849274           
       2.290531              0.0070702096            0.000290279308           
       2.293171             0.00745900043            0.000298139034           
       2.295812             0.00696022306            0.000286469846           
       2.298452             0.00694631284            0.000288016369           
       2.301092             0.00745000252            0.000300170642           
       2.303733             0.00699519034            0.000285110732           
       2.306373             0.00754568798            0.000303359679           
       2.309014             0.00683983818            0.000283257053           
       2.311654              0.0076774111            0.000302947548           
       2.314294             0.00706712086            0.000290022801           
       2.316935             0.00692421488             0.00028821012           
       2.319575             0.00669525488            0.000282343763           
       2.322215              0.0069325923            0.000291398555           
       2.324856             0.00707375702            0.000286958564           
       2.327496             0.00753896762            0.000303504638           
       2.330137             0.00689322723            0.000284863259           
       2.332777             0.00710384404            0.000292345236           
       2.335417             0.00732261561            0.000295921618           
       2.338058             0.00725669011            0.000295765541           
       2.340698             0.00726234366            0.000292967536           
       2.343339              0.0081349016            0.000315985172           
       2.345979             0.00675859742            0.000282270169           
       2.348619             0.00698531038            0.000292384672           
       2.351260             0.00719962729             0.00029052622           
       2.353900             0.00687010292            0.000289811306           
       2.356540             0.00737931359            0.000296228795           
       2.359181             0.00712154389            0.000294900379           
       2.361821             0.00714748923            0.000291837391           
       2.364462             0.00723068449            0.000298436676           
       2.367102             0.00727441508            0.000290681633           
       2.369742             0.00709839329             0.00029743354           
       2.372383             0.00721500553            0.000291125317           
       2.375023             0.00736023947            0.000301701803           
       2.377663             0.00714471286            0.000290934916           
       2.380304             0.00751349815            0.000302487588           
       2.382944             0.00700980381            0.000289314795           
       2.385585             0.00763993091            0.000304893958           
       2.388225             0.00728734277            0.000296429903           
       2.390865             0.00751268292            0.000301748852           
       2.393506             0.00733329926            0.000296750696           
       2.396146             0.00702869747            0.000291485232           
       2.398787             0.00727022442            0.000296710387           
       2.401427             0.00728183005            0.000295144061           
       2.404067             0.00670717338            0.000287582277           
       2.406708             0.00738082457            0.000297886994           
       2.409348             0.00668401367            0.000285609478           
       2.411988             0.00744549335            0.000300477143           
       2.414629             0.00692435516            0.000290718743           
       2.417269              0.0069734527            0.000289098117           
       2.419910             0.00693030643            0.000291836829           
       2.422550              0.0077277588            0.000303492254           
       2.425190             0.00708875601            0.000299825608           
       2.427831             0.00680301847            0.000282674225           
       2.430471              0.0069114603            0.000293246833           
       2.433112             0.00684315705             0.00028490898           
       2.435752             0.00709378246            0.000297423046           
       2.438392             0.00700494754            0.000290587152           
       2.441033             0.00680787504            0.000287783115           
       2.443673             0.00689876057            0.000290471309           
       2.446313             0.00729282204            0.000297060856           
       2.448954             0.00704109756            0.000294450279           
       2.451594               0.007087519            0.000293646762           
       2.454235             0.00747924066            0.000300713834           
       2.456875             0.00705590178            0.000293558873           
       2.459515             0.00729544199            0.000298960541           
       2.462156             0.00718167272            0.000295091258           
       2.464796             0.00736894255            0.000304186544           
       2.467436             0.00743662237            0.000299172719           
       2.470077             0.00828662013            0.000320162645           
       2.472717             0.00767673748            0.000304299936           
       2.475358             0.00818787667            0.000317827769           
       2.477998             0.00744476545             0.00030144528           
       2.480638             0.00763566087            0.000306027356           
       2.483279             0.00751393395            0.000304882395           
       2.485919             0.00739042316            0.000300249098           
       2.488560             0.00738619744            0.000301408302           
       2.491200             0.00717945204             0.00029675262           
       2.493840             0.00747848402            0.000301220615           
       2.496481             0.00722225939            0.000299886444           
       2.499121             0.00745438323            0.000300611009           
       2.501761             0.00692911926             0.00029474788           
       2.504402             0.00730488468             0.00029683474           
       2.507042             0.00725369883            0.000300709991           
       2.509683             0.00704528273            0.000293659548           
       2.512323             0.00739651234            0.000302068618           
       2.514963              0.0146872612            0.000426506239           
       2.517604              0.0287521393            0.000594410534           
       2.520244              0.0182324754            0.000473444612           
       2.522884             0.00838883282            0.000320439524           
       2.525525              0.0076855829             0.00030923345           
       2.528165              0.0195786888            0.000491305765           
       2.530806              0.0334953098            0.000640204559           
       2.533446               0.019575505            0.000493771102           
       2.536086              0.0100143051            0.000350202539           
       2.538727              0.0092798034            0.000339276351           
       2.541367              0.0115416478            0.000377289298           
       2.544008             0.00760276043             0.00030647424           
       2.546648             0.00761076203            0.000306983666           
       2.549288             0.00695599614            0.000293523836           
       2.551929             0.00701558265            0.000295752049           
       2.554569             0.00670832355            0.000286560261           
       2.557209             0.00722754939            0.000300804256           
       2.559850             0.00711866265            0.000295096933           
       2.562490             0.00674894559            0.000289423757           
       2.565131             0.00727534063            0.000301021727           
       2.567771             0.00698825077            0.000293459062           
       2.570411             0.00641597393            0.000284608314           
       2.573052             0.00716718832            0.000297297596           
       2.575692             0.00723267899            0.000299445042           
       2.578332             0.00723173584            0.000298540998           
       2.580973             0.00710458696            0.000298304079           
       2.583613             0.00726922997            0.000298991045           
       2.586254             0.00689836549             0.00029384097           
       2.588894             0.00725733505            0.000299781595           
       2.591534             0.00702787301            0.000295546914           
       2.594175              0.0068277519            0.000292999602           
       2.596815             0.00691468349            0.000292117492           
       2.599456             0.00723030223            0.000301153879           
       2.602096             0.00658286025            0.000286278851           
       2.604736             0.00686956944            0.000293213677           
       2.607377             0.00694341414            0.000293658124           
       2.610017             0.00719130662            0.000298749804           
       2.612657             0.00732276591            0.000303597609           
       2.615298             0.00755784186            0.000305415171           
       2.617938             0.00734667842            0.000303752569           
       2.620579             0.00677428485            0.000289297053           
       2.623219             0.00688986407            0.000296421393           
       2.625859             0.00680401063            0.000289604175           
       2.628500             0.00678392511            0.000293798044           
       2.631140             0.00693529745            0.000291819299           
       2.633780             0.00764329129            0.000310287484           
       2.636421             0.00668021954            0.000287441446           
       2.639061             0.00728149551            0.000303686939           
       2.641702             0.00701332036             0.00029485606           
       2.644342             0.00689183402            0.000294688813           
       2.646982             0.00700597379            0.000296866803           
       2.649623             0.00652536782            0.000288221014           
       2.652263             0.00659135099            0.000287369542           
       2.654904              0.0074544679            0.000307265339           
       2.657544             0.00706190577            0.000296961315           
       2.660184             0.00718565425             0.00029993506           
       2.662825             0.00685875372            0.000293735477           
       2.665465             0.00709570161            0.000299318773           
       2.668105             0.00702423077            0.000297925444           
       2.670746             0.00700382926            0.000294975279           
       2.673386             0.00695854864            0.000297583602           
       2.676027             0.00712202214            0.000298499486           
       2.678667             0.00763921326            0.000310755029           
       2.681307             0.00733800517            0.000302172052           
       2.683948             0.00760917101            0.000310760478           
       2.686588              0.0076581608            0.000308898359           
       2.689229             0.00741702762            0.000306724625           
       2.691869             0.00750701861            0.000305499665           
       2.694509             0.00782985508            0.000316278178           
       2.697150             0.00680149613            0.000290072916           
       2.699790             0.00759566686            0.000312908068           
       2.702430             0.00690930235            0.000292713907           
       2.705071             0.00666970942             0.00029152992           
       2.707711             0.00688765119            0.000293316957           
       2.710352             0.00672884157            0.000291565865           
       2.712992             0.00694262275            0.000297124204           
       2.715632             0.00675921239            0.000291505566           
       2.718273             0.00646441001            0.000286024106           
       2.720913             0.00669214137            0.000291504471           
       2.723553             0.00685657716            0.000294038775           
       2.726194             0.00697473556            0.000297991782           
       2.728834              0.0069861394             0.00029558419           
       2.731475             0.00653596793             0.00028840093           
       2.734115             0.00721555586             0.00030121806           
       2.736755             0.00720984592            0.000303089254           
       2.739396             0.00764514176            0.000310454302           
       2.742036               0.006358899            0.000285069071           
       2.744677               0.007150516            0.000302734785           
       2.747317              0.0077783656            0.000314212008           
       2.749957             0.00741435001            0.000308997084           
       2.752598             0.00709509376            0.000303181553           
       2.755238             0.00751565013            0.000311897005           
       2.757878             0.00699884937            0.000300125542           
       2.760519             0.00681962748            0.000293129861           
       2.763159             0.00747800619            0.000311944554           
       2.765800             0.00679835026            0.000292392613           
       2.768440             0.00689984571            0.000298447622           
       2.771080             0.00646092434            0.000286365332           
       2.773721             0.00699655503            0.000301655123           
       2.776361             0.00708317018            0.000300256708           
       2.779001             0.00692877581            0.000300087867           
       2.781642              0.0067128085            0.000293358553           
       2.784282             0.00722119307            0.000304370519           
       2.786923             0.00657780948            0.000288285745           
       2.789563             0.00673172886            0.000292225005           
       2.792203             0.00657170918            0.000290568788           
       2.794844             0.00646966792            0.000286992244           
       2.797484             0.00653186693            0.000288774819           
       2.800125             0.00683544589            0.000295027494           
       2.802765             0.00714097423            0.000307139072           
       2.805405             0.00684629168            0.000296393926           
       2.808046             0.00660529932            0.000295594656           
       2.810686             0.00669684959            0.000294464638           
       2.813326             0.00673600839            0.000298978108           
       2.815967              0.0064877074            0.000291566827           
       2.818607             0.00703554648            0.000306662877           
       2.821248             0.00676579429            0.000296976753           
       2.823888             0.00677037212            0.000301862162           
       2.826528              0.0070454644            0.000306096504           
       2.829169             0.00687447083            0.000301024325           
       2.831809             0.00717546733            0.000307813309           
       2.834449             0.00668571209            0.000291936672           
       2.837090             0.00671739746            0.000294388666           
       2.839730             0.00667912362            0.000291464164           
       2.842371             0.00706537698            0.000301862054           
       2.845011              0.0068534065            0.000296636383           
       2.847651             0.00686336871            0.000297397063           
       2.850292             0.00697643273            0.000298133019           
       2.852932             0.00743502309            0.000308327758           
       2.855573             0.00646530007            0.000290043663           
       2.858213              0.0067161277            0.000292299496           
       2.860853              0.0070321596            0.000301336336           
       2.863494             0.00672326957            0.000295353333           
       2.866134             0.00699561118            0.000305501833           
       2.868774              0.0070946666            0.000302947648           
       2.871415             0.00727133182            0.000309731835           
       2.874055             0.00680841774            0.000301195103           
       2.876696              0.0068384899            0.000299141419           
       2.879336             0.00640071913            0.000291329302           
       2.881976             0.00628426693            0.000288429389           
       2.884617             0.00645904808            0.000290788452           
       2.887257             0.00652814684            0.000290301396           
       2.889897             0.00668104047            0.000297047449           
       2.892538             0.00656315161            0.000292373722           
       2.895178                0.00652371            0.000288521306           
       2.897819             0.00669378602            0.000295263901           
       2.900459             0.00688673446            0.000297009525           
       2.903099             0.00699466664            0.000300890824           
       2.905740             0.00673503046            0.000291957869           
       2.908380             0.00716348267            0.000305115137           
       2.911021             0.00741823456            0.000311083329           
       2.913661             0.00670710886            0.000292542059           
       2.916301              0.0063607411            0.000288941021           
       2.918942             0.00722237428            0.000303244904           
       2.921582             0.00671112829            0.000295382008           
       2.924222             0.00662227934            0.000291718319           
       2.926863             0.00698961209             0.00030049589           
       2.929503             0.00678794026            0.000299416355           
       2.932144             0.00692980066            0.000297567138           
       2.934784             0.00721737288            0.000304969152           
       2.937424             0.00696198867            0.000300078948           
       2.940065             0.00710919219            0.000303481568           
       2.942705             0.00646680848            0.000290325253           
       2.945346             0.00704376335            0.000301210041           
       2.947986             0.00721831151            0.000305985578           
       2.950626             0.00827731404            0.000328670826           
       2.953267             0.00982916707            0.000354353262           
       2.955907             0.00867131582            0.000337228854           
       2.958547             0.00785495625            0.000317671282           
       2.961188             0.00735217263             0.00031001933           
       2.963828             0.00669673898              0.0002942012           
       2.966469             0.00689934657            0.000298692892           
       2.969109             0.00791844468            0.000321629819           
       2.971749              0.0077415687            0.000317081985           
       2.974390             0.00954063993            0.000352968471           
       2.977030             0.00916715251              0.0003453322           
       2.979670             0.00798640125            0.000320247966           
       2.982311             0.00682750536             0.00029823928           
       2.984951             0.00709719942            0.000304858844           
       2.987592               0.007702218            0.000316515419           
       2.990232             0.00733861732             0.00030974311           
       2.992872             0.00794229116            0.000319710042           
       2.995513             0.00881528744            0.000339468677           
       2.998153              0.0123239703            0.000403970523           
       3.000794              0.0215151761            0.000525993932           
       3.003434              0.0332524434            0.000660846929           
       3.006074              0.0240604477            0.000563947076           
       3.008715              0.0168940225            0.000476154098           
       3.011355              0.0178264027            0.000494203759           
       3.013995              0.0167148237             0.00047620734           
       3.016636              0.0287452099            0.000625664411           
       3.019276               0.154194307             0.00148371106           
       3.021917               0.431194364             0.00243906243           
       3.024557               0.157335369             0.00148509066           
       3.027197               0.080184158             0.00107798499           
       3.029838               0.118748346             0.00130557093           
       3.032478              0.0909593826             0.00114947049           
       3.035118              0.0578163514            0.000921147472           
       3.037759              0.0937418356             0.00117499162           
       3.040399              0.0696197717              0.0010241784           
       3.043040              0.0598092709            0.000958498281           
       3.045680              0.0531225609            0.000889418083           
       3.048320              0.0659563575             0.00100695133           
       3.050961              0.0425022934             0.00081643103           
       3.053601              0.0694367334             0.00103892238           
       3.056242              0.0932448719             0.00121166252           
       3.058882              0.0754337239             0.00110602478           
       3.061522                0.24513405             0.00197999659           
       3.064163              0.0872884085             0.00118366946           
       3.066803              0.0253274955            0.000649929274           
       3.069443              0.0233984591            0.000620528094           
       3.072084              0.0535103565            0.000946750664           
       3.074724              0.0736015357             0.00111690717           
       3.077365              0.0139663715            0.000486188171           
       3.080005             0.00912507586             0.00039734737           
       3.082645             0.00879581785            0.000392099136           
       3.085286             0.00821313662            0.000378958364           
       3.087926             0.00737230816            0.000361320963           
       3.090566             0.00697566815            0.000355087149           
       3.093207              0.0074251454             0.00036239051           
       3.095847             0.00787552377            0.000381042375           
       3.098488             0.00799413028            0.000383204831           
       3.101128             0.00758045792            0.000375191018           
       3.103768             0.00787554672            0.000384578424           
       3.106409             0.00924980881              0.0004195755           
       3.109049             0.00943332353            0.000427011138           
       3.111690              0.0112291272            0.000464051808           
       3.114330              0.0165780625            0.000568862758           
       3.116970              0.0194933118            0.000625436831           
       3.119611              0.0142427445            0.000531131872           
       3.122251              0.0111056448            0.000472845904           
       3.124891             0.00903679463             0.00042860601           
       3.127532             0.00773926518            0.000403789092           
       3.130172             0.00936887776            0.000435132166           
       3.132813             0.00744554247            0.000395799984           
       3.135453             0.00694766609            0.000390402803           
       3.138093             0.00614878031            0.000358557753           
       3.140734              0.0063232333            0.000370375799           
       3.143374             0.00595935678            0.000365057597           
       3.146014             0.00600595074            0.000363821648           
       3.148655             0.00613083845            0.000370478898           
       3.151295             0.00611809547            0.000373023054           
       3.153936             0.00748264932            0.000418619726           
       3.156576             0.00725007161            0.000407332296           
       3.159216             0.00641873958            0.000386402685           
       3.161857             0.00582708427            0.000372680021           
       3.164497             0.00583494056             0.00038079454           
       3.167138             0.00632678459            0.000387005886           
       3.169778             0.00649024213            0.000399051128           
       3.172418             0.00607778312            0.000388419525           
       3.175059             0.00617843924            0.000396747788           
       3.177699             0.00616476559            0.000394743181           
       3.180339             0.00637515574            0.000405010656           
       3.182980             0.00651641824            0.000415001058           
       3.185620             0.00560746481            0.000389177833           
       3.188261             0.00596058604            0.000395987834           
       3.190901             0.00547958721             0.00038552476           
       3.193541             0.00585121233            0.000399696196           
       3.196182             0.00505724504            0.000379321542           
       3.198822             0.00662762172            0.000428975482           
       3.201463              0.0059449243            0.000411535156           
       3.204103             0.00559337686            0.000404497469           
       3.206743             0.00597003464            0.000421428178           
       3.209384             0.00634000516            0.000432354151           
       3.212024             0.00598348729            0.000421514077           
       3.214664             0.00536254935            0.000406649688           
       3.217305             0.00596755783            0.000438984315           
       3.219945             0.00619133069            0.000443400144           
       3.222586             0.00619735364            0.000446126306           
       3.225226             0.00536449579            0.000424418696           
       3.227866             0.00569596383            0.000440717737           
       3.230507             0.00586931319            0.000452712238           
       3.233147             0.00576811762            0.000442154419           
       3.235787             0.00578396622            0.000442881792           
       3.238428             0.00656662093            0.000480229829           
       3.241068             0.00577801119            0.000459606042           
       3.243709             0.00643619307            0.000482385045           
       3.246349             0.00544691748            0.000441283797           
       3.248989             0.00575717421            0.000464047228           
       3.251630              0.0070500801            0.000515788528           
       3.254270             0.00658087322            0.000513647292           
       3.256911             0.00476241699            0.000426006929           
       3.259551             0.00514720821            0.000452669318           
       3.262191             0.00543328928            0.000469357521           
       3.264832             0.00586989984             0.00049242911           
       3.267472             0.00622956024             0.00051448503           
       3.270112             0.00603168996            0.000507689433           
       3.272753             0.00512184389            0.000473583281           
       3.275393             0.00594131086            0.000512689036           
       3.278034             0.00590680544            0.000521611726           
       3.280674             0.00505573965            0.000483973938           
       3.283314             0.00613982643            0.000536291309           
       3.285955             0.00536527487             0.00051074065           
       3.288595             0.00627250586             0.00055839712           
       3.291235             0.00563216727            0.000532235838           
       3.293876             0.00594353936            0.000549987535           
       3.296516             0.00651452009            0.000587544019           
       3.299157             0.00535681215            0.000540838254           
       3.301797             0.00508836218            0.000527336364           
       3.304437             0.00603600647            0.000585111827           
       3.307078             0.00528270201            0.000552701583           
       3.309718             0.00567477397            0.000578563003           
       3.312359             0.00505030262            0.000556830225           
       3.314999             0.00530892084            0.000576898562           
       3.317639             0.00565828254            0.000601991172           
       3.320280             0.00615339922            0.000636944402           
       3.322920             0.00444354664            0.000549361929           
       3.325560              0.0063154947            0.000667580337           
       3.328201             0.00549741212            0.000625476495           
       3.330841             0.00654761874            0.000699213061           
       3.333482             0.00456531391            0.000591265752           
       3.336122             0.00585594565            0.000684201478           
       3.338762              0.0050122238             0.00063878524           
       3.341403             0.00659834612            0.000739720313           
       3.344043             0.00513145854            0.000677232422           
       3.346683              0.0054152519            0.000702763677           
       3.349324             0.00530030058            0.000706027498           
       3.351964             0.00565152033            0.000752482108           
       3.354605             0.00631524176            0.000804449471           
       3.357245             0.00520921123            0.000756297915           
       3.359885             0.00646182589            0.000842637177           
       3.362526              0.0050158894            0.000780357981           
       3.365166             0.00468542921            0.000744902315           
       3.367807             0.00551762157            0.000865312553           
       3.370447             0.00510239167            0.000832438756           
       3.373087             0.00582734461            0.000938895331           
       3.375728             0.00557774768            0.000911624183           
       3.378368             0.00430102724              0.0008650224           
       3.381008             0.00574093321             0.00099067018           
       3.383649             0.00471565531            0.000971689372           
       3.386289             0.00454003834            0.000953817437           
       3.388930             0.00428099505             0.00101720357           
       3.391570             0.00622284731             0.00122690843           
       3.394210             0.00382716069             0.00103095389           
       3.396851             0.00350343438             0.00106849124           
       3.399491             0.00395849581             0.00115637978           
       3.402131             0.00466411754             0.00148582596           
       3.404772             0.00733344009             0.00186390237           
       3.407412             0.00213217629             0.00124712086           
       3.410053             0.00523815088             0.00203541412           
       3.412693             0.00300102926             0.00217969598           
       3.415333              0.0043608096             0.00321933813           
