################################################################################
# EDF_DataBlockID                     0.Image.Psd
# EDF_BinarySize                      2105344
# EDF_HeaderSize                      2560
# ByteOrder                           LowByteFirst
# DataType                            FloatValue
# Dim_1                               512
# Dim_2                               1028
# Image                               0
# HeaderID                            EH:000000:000000:000000
# Size                                2105344
# Center_1                            304.9000
# Center_2                            588.7000
# Comment                             Xenocs_Cell_Window - front_window_open_only
# DDummy                              0.6
# Date                                2025-10-19T07:26:12
# Delta                               21.910000
# Dummy                               -1.5
# ExposureTime                        360
# Gamma                               15.360000
# Intensity1                          9.01255e-10
# PSize_1                             7.5e-05
# PSize_2                             7.5e-05
# Pressure                            0.0330877
# SampleDistance                      0.115750
# SampleEnvKind                       large
# SampleEnvPN                         ElectroChemical cell
# SampleEnvSN                         1141
# Thickness                           0
# Wavelength                          1.541891e-10
# Wavelength                          1.54189e-10
# aux                                 0
# aux_dial                            0.002375
# beamx                               588.429
# beamx_dial                          588.429
# beamz                               657.855
# beamz_dial                          657.855
# det0x                               -0.000396875
# det0x_dial                          6.36905
# det0xvd                             -0.0005
# det0xvd_dial                        -0.0005
# det0y                               450.002
# det0y_dial                          481.635
# det0z                               0
# det0z_dial                          1.2295
# det0zvd                             0
# det0zvd_dial                        0
# mag                                 1.818
# mag_dial                            1.818
# om                                  0.2499
# om_dial                             -0.610199
# phi                                 -0.0120535
# phi_dial                            0
# ry                                  0.599993
# ry_dial                             0.599993
# s1bot                               0.8
# s1bot_dial                          -1.66094
# s1hl                                0.8
# s1hl_dial                           -0.608437
# s1hr                                0.8
# s1hr_dial                           0.970938
# s1top                               0.8
# s1top_dial                          -0.461562
# s2bot                               0.45
# s2bot_dial                          1.36109
# s2hl                                0.45
# s2hl_dial                           -0.83375
# s2hr                                0.45
# s2hr_dial                           -0.118594
# s2top                               0.45
# s2top_dial                          1.44734
# w2theta                             32
# w2theta_dial                        32
# waxsch                              19.2605
# waxsch_dial                         -32.7238
# waxsh                               137.085
# waxsh_dial                          -43.5335
# waxsth                              26.0607
# waxsth_dial                         -19.4068
# waxsz                               67.0407
# waxsz_dial                          -23.7962
# wind                                65.9854
# wind_dial                           66.0041
# wpsi                                124
# wpsi_dial                           124
# wstod                               115
# wstod_dial                          115
# x                                   0
# x_dial                              1.00969
# z                                   0
# z_dial                              13.3172
# CountCutoff                         6807993
# DetectorModel                       Dectris EIGER2 Si 500K, S/N E-01-0554
# ThresholdSetting                    4023.88989258
# Saturation                          0
# FlatField                           Corrected
# BackgroundReductionExtra            0.02
# BackgroundCorrectionConstant        0.0026712
# Detector                            0
# Monitor                             0
# Pil_Roi0                            0
# SumForIntensity1                    3.24452e+08
# TransmittedFlux                     901255
# det                                 0
# mon                                 0
# pilai0                              3.24452e+08
# pilai1                              696431
# pilct0                              5.61231e+08
# pilct1                              696431
# pilroi0                             0
# pilroi1                             0
# sec                                 1
# title                               20251017__1_00339.edf
# usaxs0                              0
# Operation                           Azimuthal average I(q)
# Error_model                         ErrorModel.poisson
# Geometrical_correction              True
# Transmission_correction             True
# Thickness_correction                False
# Binning mode                        Uniform
# Binning factor                      1.0
# Psi                                 0.0
# Omega                               0.2499
# MaskInvalidPixels                   True
# DetectorEdge                        3
# MaskFiles                           ['20251017__1_00233_mask.edf']
################################################################################
    q(A⁻¹)                Intensity(a.u.)            Sigma_I(a.u.)            
       0.690460           -2.25355689e-05                         0           
       0.693100             0.00312089697             0.00229407977           
       0.695741             0.00574599258             0.00262976809           
       0.698381             0.00701512154             0.00271768231           
       0.701021             0.00405423977             0.00168616732           
       0.703662             0.00520438841             0.00176837001           
       0.706302             0.00986447717             0.00235126284           
       0.708942             0.00735006762             0.00180282569           
       0.711583             0.00957843556             0.00205767042           
       0.714223             0.00723137646             0.00155798486           
       0.716864             0.00477420204             0.00129179873           
       0.719504             0.00534641999             0.00126518157           
       0.722144              0.0046468501             0.00113916425           
       0.724785             0.00478727702              0.0011372978           
       0.727425             0.00548953257             0.00112962805           
       0.730065             0.00775573194             0.00138156315           
       0.732706               0.009043474             0.00134154375           
       0.735346              0.0064022316             0.00121925689           
       0.737987             0.00603338426             0.00102446699           
       0.740627             0.00536634899             0.00105843631           
       0.743267              0.0074957292             0.00107601356           
       0.745908             0.00454528654            0.000897996382           
       0.748548             0.00519395909            0.000895309972           
       0.751189             0.00554034998            0.000915971125           
       0.753829             0.00532864204            0.000906403474           
       0.756469             0.00582589103            0.000891403834           
       0.759110             0.00560743065            0.000904563101           
       0.761750             0.00678789727            0.000910841315           
       0.764390             0.00528993773            0.000863137806           
       0.767031             0.00523975008             0.00077732565           
       0.769671             0.00579670444            0.000867086548           
       0.772312             0.00587622606            0.000795549744           
       0.774952             0.00685094377            0.000920893923           
       0.777592             0.00595959581            0.000785593513           
       0.780233             0.00639038582            0.000857590329           
       0.782873              0.0067860788            0.000808136195           
       0.785513             0.00782100972            0.000922892084           
       0.788154              0.0067438712            0.000787153031           
       0.790794             0.00604977595            0.000771618231           
       0.793435             0.00721856638            0.000809564106           
       0.796075             0.00665003699            0.000781135339           
       0.798715             0.00674214678            0.000782036368           
       0.801356             0.00672543748            0.000760163979           
       0.803996             0.00555218936            0.000701721098           
       0.806637              0.0069948144             0.00074451528           
       0.809277             0.00801958592            0.000833990071           
       0.811917             0.00733741243            0.000754885203           
       0.814558             0.00866995722            0.000840625727           
       0.817198             0.00759775644            0.000750339765           
       0.819838              0.0069724019            0.000749782619           
       0.822479             0.00762835274            0.000722737085           
       0.825119             0.00847759456            0.000818482531           
       0.827760              0.0064870469            0.000663422446           
       0.830400             0.00756634989            0.000754912457           
       0.833040             0.00652035415            0.000654038351           
       0.835681             0.00643157654            0.000680238887           
       0.838321              0.0062088954             0.00062557176           
       0.840961             0.00629130187            0.000658199804           
       0.843602             0.00680864905            0.000644986426           
       0.846242             0.00558747988            0.000604918716           
       0.848883             0.00602803461            0.000611208633           
       0.851523             0.00644472281            0.000636716824           
       0.854163             0.00615565967            0.000615044418           
       0.856804             0.00713678746            0.000645302891           
       0.859444             0.00683166168            0.000635896945           
       0.862085             0.00663537847            0.000617579112           
       0.864725             0.00754359837            0.000656072216           
       0.867365             0.00795086338            0.000668725887           
       0.870006             0.00746327064            0.000656935973           
       0.872646             0.00672753333            0.000596570697           
       0.875286             0.00697259503             0.00062803302           
       0.877927             0.00782861854            0.000637159171           
       0.880567             0.00719259442            0.000622659493           
       0.883208             0.00753933764            0.000619080747           
       0.885848             0.00674996141            0.000600966763           
       0.888488             0.00711855031            0.000586805369           
       0.891129             0.00674264479            0.000600329974           
       0.893769             0.00713651136            0.000583799682           
       0.896410             0.00675924887            0.000585660493           
       0.899050             0.00737186761            0.000589726638           
       0.901690             0.00664392091            0.000571539448           
       0.904331             0.00756003988            0.000588386291           
       0.906971              0.0070518726            0.000586790457           
       0.909611             0.00685323744            0.000555231217           
       0.912252             0.00707366429            0.000573864358           
       0.914892             0.00673615418             0.00054582217           
       0.917533             0.00684486004            0.000562623618           
       0.920173             0.00805552119            0.000585482205           
       0.922813             0.00618314806            0.000536037793           
       0.925454             0.00687654818             0.00053649945           
       0.928094              0.0077621945            0.000582236841           
       0.930734             0.00781942308            0.000570432625           
       0.933375             0.00734453769            0.000564624795           
       0.936015              0.0077392525            0.000554569479           
       0.938656             0.00803450434            0.000588750167           
       0.941296              0.0077889773            0.000558814179           
       0.943936             0.00710970968            0.000543506908           
       0.946577             0.00778226092            0.000547628689           
       0.949217             0.00716598123            0.000544056681           
       0.951858             0.00720494223            0.000515737985           
       0.954498             0.00781433742            0.000565058776           
       0.957138             0.00808191355            0.000552325473           
       0.959779             0.00749820036             0.00054364244           
       0.962419             0.00705171579            0.000507541119           
       0.965059             0.00662149814            0.000505784952           
       0.967700             0.00778027067            0.000530528674           
       0.970340             0.00826083928            0.000562029122           
       0.972981             0.00795429049            0.000532491484           
       0.975621             0.00737197991            0.000523363559           
       0.978261             0.00694340927            0.000484622132           
       0.980902             0.00822669365            0.000552625983           
       0.983542             0.00753297635            0.000513415239           
       0.986182               0.006446136            0.000481190661           
       0.988823             0.00710131664            0.000488757104           
       0.991463             0.00709276911            0.000500129794           
       0.994104             0.00734213154            0.000491693616           
       0.996744              0.0073993407            0.000509612548           
       0.999384             0.00797465953            0.000511097325           
       1.002025             0.00723755309            0.000500460898           
       1.004665             0.00640739218            0.000451596666           
       1.007306             0.00716817464            0.000493660326           
       1.009946             0.00755251078            0.000487229011           
       1.012586             0.00718735647             0.00048897701           
       1.015227             0.00732531333            0.000478705069           
       1.017867             0.00804322712            0.000515989108           
       1.020507             0.00625280723             0.00043782234           
       1.023148             0.00807300228            0.000503491474           
       1.025788              0.0078777052             0.00049227123           
       1.028429             0.00837500951            0.000518667417           
       1.031069             0.00719320942            0.000463113092           
       1.033709             0.00758206956            0.000484596471           
       1.036350             0.00734155669            0.000464344621           
       1.038990             0.00715444276            0.000469705684           
       1.041630              0.0079220703            0.000484753166           
       1.044271             0.00801468478            0.000487633231           
       1.046911             0.00826963202            0.000486125214           
       1.049552             0.00733972097            0.000474482676           
       1.052192             0.00785599526             0.00046881216           
       1.054832             0.00797519987            0.000481541511           
       1.057473             0.00737979812            0.000457353554           
       1.060113             0.00754261841            0.000467378198           
       1.062754             0.00816698538            0.000480959136           
       1.065394             0.00754694779            0.000457477145           
       1.068034             0.00719066821            0.000444819395           
       1.070675             0.00798442392            0.000476972361           
       1.073315             0.00755300563            0.000449727295           
       1.075955             0.00837644598             0.00048155129           
       1.078596             0.00779948279            0.000463752512           
       1.081236              0.0073822154            0.000444484872           
       1.083877             0.00836675748            0.000487979364           
       1.086517              0.0076022224            0.000454627809           
       1.089157             0.00763522963            0.000458954124           
       1.091798             0.00837827153             0.00047058171           
       1.094438             0.00766530503            0.000457267716           
       1.097078             0.00844911368            0.000467740749           
       1.099719              0.0085016951            0.000481218897           
       1.102359             0.00919733745            0.000474151767           
       1.105000             0.00836677103            0.000470046849           
       1.107640             0.00852444925            0.000458989285           
       1.110280             0.00812013261            0.000456942047           
       1.112921              0.0090667771            0.000474106385           
       1.115561             0.00839624568            0.000462028435           
       1.118202             0.00852812944            0.000452052322           
       1.120842             0.00833599401            0.000461012801           
       1.123482             0.00848865749            0.000452165023           
       1.126123             0.00743453299            0.000425800585           
       1.128763             0.00805238652            0.000440942822           
       1.131403              0.0079576362              0.0004376595           
       1.134044             0.00882409952            0.000460071221           
       1.136684             0.00871048412            0.000460534963           
       1.139325             0.00854446041            0.000443273368           
       1.141965             0.00841499243            0.000445655486           
       1.144605             0.00839780874            0.000447815273           
       1.147246             0.00798402695            0.000428373896           
       1.149886             0.00880570396            0.000453076735           
       1.152527             0.00828676589             0.00043996407           
       1.155167             0.00851902655            0.000439815106           
       1.157807               0.008195326            0.000431675463           
       1.160448             0.00943132915            0.000469421054           
       1.163088             0.00920101519            0.000446452555           
       1.165728             0.00767270998            0.000424495942           
       1.168369             0.00835271277            0.000427095826           
       1.171009             0.00900734384             0.00044719378           
       1.173650             0.00939330647            0.000453381224           
       1.176290              0.0086207029            0.000439432159           
       1.178930              0.0091534445            0.000440077716           
       1.181571             0.00867412781            0.000442392768           
       1.184211             0.00863542595            0.000428073619           
       1.186851             0.00933248971            0.000449118998           
       1.189492             0.00966844037            0.000459669666           
       1.192132             0.00875905245            0.000431038527           
       1.194773             0.00912436865            0.000437281271           
       1.197413             0.00919628198            0.000442582202           
       1.200053             0.00855689353            0.000424233313           
       1.202694              0.0102032001            0.000459758526           
       1.205334               0.010314919            0.000467322015           
       1.207975             0.00893321568            0.000426376594           
       1.210615             0.00894456016            0.000435669189           
       1.213255             0.00928032284            0.000432030891           
       1.215896             0.00973585799            0.000450894991           
       1.218536             0.00868107043            0.000413506687           
       1.221176              0.0095841655            0.000444853856           
       1.223817             0.00859759385            0.000412556474           
       1.226457             0.00961285447            0.000441776539           
       1.229098             0.00887143003            0.000417959479           
       1.231738              0.0104790853            0.000460650906           
       1.234378             0.00972690268             0.00043518706           
       1.237019             0.00943036739            0.000431958402           
       1.239659             0.00956042642            0.000434691562           
       1.242299             0.00875069444            0.000413749886           
       1.244940             0.00930207773            0.000421981319           
       1.247580             0.00944289391            0.000427040615           
       1.250221              0.0093959691            0.000432931659           
       1.252861             0.00986773443            0.000427137682           
       1.255501              0.0095191089            0.000431369393           
       1.258142             0.00921673185            0.000416071221           
       1.260782             0.00955221254            0.000428360423           
       1.263423             0.00980195182            0.000425327148           
       1.266063             0.00927990831            0.000421559435           
       1.268703             0.00908433612            0.000406584962           
       1.271344             0.00919808146            0.000418033171           
       1.273984             0.00935754621            0.000415059128           
       1.276624              0.0106302479            0.000439686096           
       1.279265              0.0106537072            0.000441132022           
       1.281905             0.00949130797            0.000418938169           
       1.284546              0.0102334254            0.000430255956           
       1.287186              0.0102256615            0.000430505898           
       1.289826              0.0101128416            0.000430344537           
       1.292467              0.0105834555            0.000432386474           
       1.295107             0.00997197246            0.000427107569           
       1.297747             0.00982734569            0.000412877724           
       1.300388              0.0107133527            0.000442158111           
       1.303028             0.00978129551            0.000411743247           
       1.305669              0.0100725788            0.000423227393           
       1.308309               0.010751874            0.000430691061           
       1.310949             0.00962273587             0.00041252724           
       1.313590              0.0102865418            0.000419917952           
       1.316230              0.0101307333            0.000424226687           
       1.318871             0.00983131362             0.00040889472           
       1.321511             0.00999092238            0.000414266171           
       1.324151              0.0107025825            0.000430460871           
       1.326792              0.0105849974            0.000424621924           
       1.329432              0.0100945303            0.000416830619           
       1.332072              0.0106438679            0.000420682661           
       1.334713              0.0114191925            0.000441139059           
       1.337353              0.0105054387            0.000416612729           
       1.339994              0.0102020551            0.000416400775           
       1.342634              0.0114403447            0.000431021061           
       1.345274              0.0112868477            0.000433716686           
       1.347915              0.0114841541            0.000438654279           
       1.350555              0.0112857564            0.000433149864           
       1.353195              0.0116085349             0.00043089636           
       1.355836              0.0109410671            0.000426218045           
       1.358476              0.0110998436            0.000428092144           
       1.361117              0.0112583116             0.00042032169           
       1.363757              0.0106569918            0.000422495378           
       1.366397              0.0108276513            0.000412603044           
       1.369038              0.0107423859            0.000419637451           
       1.371678              0.0108374521            0.000412979389           
       1.374319              0.0108345036            0.000416198145           
       1.376959              0.0106502523            0.000406963205           
       1.379599              0.0104749684            0.000411467339           
       1.382240              0.0112141754            0.000417651965           
       1.384880              0.0106940225            0.000412858457           
       1.387520              0.0106490264            0.000407172068           
       1.390161              0.0112409043            0.000417197454           
       1.392801              0.0114086212             0.00042280333           
       1.395442              0.0107754536            0.000406645739           
       1.398082              0.0108139556            0.000408765656           
       1.400722             0.00989498001            0.000389245106           
       1.403363              0.0103037247            0.000400889243           
       1.406003              0.0108827139            0.000401882044           
       1.408644              0.0104971835             0.00040298554           
       1.411284              0.0107995456            0.000406506509           
       1.413924              0.0105601969            0.000397018754           
       1.416565              0.0109447611            0.000403707971           
       1.419205              0.0108053716            0.000405080298           
       1.421845              0.0104948893            0.000394199206           
       1.424486              0.0108900858            0.000403325371           
       1.427126              0.0111138753            0.000407191356           
       1.429767              0.0110174021             0.00039917274           
       1.432407              0.0107175864             0.00040362191           
       1.435047               0.010478807            0.000387107185           
       1.437688              0.0107297196            0.000400388833           
       1.440328              0.0113208878            0.000403301019           
       1.442968               0.010478654            0.000393380215           
       1.445609              0.0101496481            0.000380787381           
       1.448249              0.0103062162            0.000386194184           
       1.450890              0.0104086497            0.000385340047           
       1.453530              0.0109121147            0.000397471899           
       1.456170              0.0100132728            0.000379892865           
       1.458811               0.010488532            0.000385710527           
       1.461451              0.0103430353            0.000385841481           
       1.464092              0.0101390778            0.000378688353           
       1.466732              0.0105422219            0.000383775129           
       1.469372              0.0106505869            0.000384556792           
       1.472013             0.00998961935            0.000379096192           
       1.474653              0.0101428844            0.000372561168           
       1.477293              0.0108756817             0.00039227843           
       1.479934              0.0107064837            0.000385141337           
       1.482574              0.0104115321            0.000378861849           
       1.485215              0.0104872368            0.000381215858           
       1.487855              0.0107068131            0.000385106463           
       1.490495              0.0105063654            0.000380663454           
       1.493136             0.00986597657            0.000364042346           
       1.495776              0.0107393361             0.00038643557           
       1.498416              0.0106632871            0.000377584178           
       1.501057              0.0107530529              0.0003824315           
       1.503697              0.0108030042             0.00037963323           
       1.506338              0.0105619342            0.000378134088           
       1.508978              0.0102103565            0.000369592143           
       1.511618              0.0100615427            0.000366703479           
       1.514259             0.00982178801            0.000362962428           
       1.516899             0.00990461656            0.000364659409           
       1.519540              0.0103613377            0.000370902465           
       1.522180              0.0103035848            0.000365248314           
       1.524820               0.010534074            0.000376770164           
       1.527461              0.0106775575            0.000370936018           
       1.530101             0.00982519748            0.000359501694           
       1.532741             0.00999474657            0.000360872405           
       1.535382              0.0102749137             0.00036670112           
       1.538022             0.00998524307            0.000358296793           
       1.540663              0.0102233385             0.00036596977           
       1.543303              0.0102252485            0.000361449296           
       1.545943             0.00988452957            0.000357367941           
       1.548584              0.0100048074            0.000361450188           
       1.551224             0.00990492047            0.000350421159           
       1.553864              0.0100419065            0.000362053296           
       1.556505              0.0107551131             0.00036892598           
       1.559145              0.0100169685            0.000356864006           
       1.561786              0.0102214174            0.000358854351           
       1.564426              0.0104220387            0.000362031652           
       1.567066             0.00994095893            0.000350817558           
       1.569707             0.00931553287            0.000344519204           
       1.572347              0.0090444914            0.000335065844           
       1.574988             0.00949720493            0.000341990858           
       1.577628             0.00932090517            0.000346429794           
       1.580268             0.00982434196             0.00034338854           
       1.582909             0.00962593899            0.000346261061           
       1.585549             0.00992155908            0.000348252595           
       1.588189             0.00945356963            0.000343736825           
       1.590830             0.00937891394            0.000336499765           
       1.593470             0.00951941795            0.000341779379           
       1.596111              0.0090926534            0.000331144117           
       1.598751             0.00956631412            0.000343131975           
       1.601391             0.00930873614            0.000336316853           
       1.604032             0.00926649379            0.000332750743           
       1.606672              0.0092958899            0.000339985931           
       1.609312             0.00971486582            0.000337221455           
       1.611953             0.00959260908            0.000339949141           
       1.614593             0.00879337982            0.000323003882           
       1.617234             0.00900011038            0.000328631009           
       1.619874             0.00947440793            0.000333212458           
       1.622514             0.00871641246            0.000322432014           
       1.625155             0.00875330555            0.000322314583           
       1.627795             0.00840306646            0.000312609286           
       1.630436             0.00929139149            0.000332021983           
       1.633076             0.00927214405            0.000329992767           
       1.635716             0.00913339078            0.000326943223           
       1.638357             0.00880975864            0.000319734283           
       1.640997              0.0090179535            0.000326020065           
       1.643637             0.00885289092            0.000317024369           
       1.646278             0.00862546908             0.00031760985           
       1.648918             0.00899661226            0.000320189253           
       1.651559             0.00945055757            0.000332293923           
       1.654199             0.00966952664             0.00033151418           
       1.656839              0.0089179088            0.000318283458           
       1.659480             0.00924348004            0.000326895165           
       1.662120             0.00850403175            0.000309345735           
       1.664761             0.00862075685             0.00031483376           
       1.667401             0.00856013916            0.000310802293           
       1.670041             0.00896626617             0.00031845372           
       1.672682              0.0082568578            0.000302720564           
       1.675322             0.00901666557            0.000321935704           
       1.677962             0.00923133158            0.000319276127           
       1.680603              0.0086795963            0.000312335517           
       1.683243             0.00919483132            0.000319094091           
       1.685884             0.00885361604            0.000314308936           
       1.688524             0.00836351678            0.000304626196           
       1.691164             0.00880183892             0.00031170358           
       1.693805             0.00859117454            0.000310441096           
       1.696445             0.00841729206            0.000303018528           
       1.699085             0.00867575175            0.000308863767           
       1.701726             0.00810848581            0.000294711529           
       1.704366             0.00778452761            0.000295790501           
       1.707007             0.00859934981            0.000304251699           
       1.709647             0.00895915034            0.000314410109           
       1.712287               0.008029766            0.000292681518           
       1.714928             0.00900302605            0.000313028061           
       1.717568             0.00847057439            0.000300838468           
       1.720209             0.00822943186            0.000298356454           
       1.722849             0.00917427476             0.00031552383           
       1.725489             0.00848291517            0.000298566407           
       1.728130             0.00843083221            0.000303707629           
       1.730770             0.00791646007            0.000288076387           
       1.733410             0.00829065195            0.000298676232           
       1.736051             0.00836173299            0.000295298011           
       1.738691             0.00896989952            0.000308970206           
       1.741332             0.00856052911            0.000299979391           
       1.743972             0.00843333246            0.000297852863           
       1.746612             0.00836224294            0.000296663052           
       1.749253             0.00837900879            0.000298243645           
       1.751893             0.00817948847            0.000292903496           
       1.754533             0.00838802149            0.000292542762           
       1.757174             0.00846701812             0.00029941235           
       1.759814             0.00831019712            0.000292104388           
       1.762455             0.00836784176             0.00029561117           
       1.765095             0.00846781976             0.00029319582           
       1.767735             0.00845830422            0.000298010321           
       1.770376             0.00840239956            0.000292519412           
       1.773016             0.00785711165            0.000283314864           
       1.775657             0.00850578622            0.000295381974           
       1.778297             0.00860862128            0.000298615918           
       1.780937             0.00794571917            0.000285549499           
       1.783578             0.00919015123            0.000305655351           
       1.786218             0.00837709691            0.000296478354           
       1.788858             0.00822048297            0.000286396976           
       1.791499             0.00884724404            0.000302590309           
       1.794139             0.00863396042            0.000293400874           
       1.796780             0.00825414231            0.000288579336           
       1.799420             0.00885599751            0.000298534631           
       1.802060             0.00859605744            0.000290503221           
       1.804701             0.00850731678            0.000292877012           
       1.807341             0.00906323527            0.000299373794           
       1.809981             0.00904218364            0.000301011814           
       1.812622             0.00916591282            0.000301413098           
       1.815262             0.00895601554            0.000299004299           
       1.817903             0.00869486772            0.000290972926           
       1.820543             0.00906657766            0.000300799969           
       1.823183             0.00865842517            0.000289422193           
       1.825824             0.00854915538            0.000291915005           
       1.828464             0.00846994405            0.000289668015           
       1.831105              0.0082195104            0.000286458265           
       1.833745             0.00811996282            0.000284540599           
       1.836385             0.00800113931            0.000281352469           
       1.839026             0.00820800906            0.000289250173           
       1.841666             0.00798064151            0.000281512379           
       1.844306             0.00823854358            0.000289635849           
       1.846947             0.00847232907            0.000289942117           
       1.849587              0.0085311525            0.000294892981           
       1.852228             0.00870227379            0.000294668106           
       1.854868             0.00857701583            0.000297905121           
       1.857508             0.00833910124            0.000288320385           
       1.860149             0.00860223767            0.000295181165           
       1.862789              0.0083337036            0.000291822941           
       1.865429             0.00863400019            0.000297929705           
       1.868070             0.00800189183            0.000285825414           
       1.870710             0.00815755255            0.000289378035           
       1.873351             0.00843580906            0.000296150695           
       1.875991             0.00851923666            0.000299221388           
       1.878631             0.00820004921            0.000290833921           
       1.881272             0.00847995005            0.000295063143           
       1.883912              0.0082379199            0.000294232598           
       1.886553             0.00781733579            0.000283185047           
       1.889193               0.007659279            0.000283545613           
       1.891833             0.00809474349            0.000288177438           
       1.894474              0.0081525344            0.000291493206           
       1.897114             0.00740616172            0.000275674687           
       1.899754             0.00786782662            0.000287323485           
       1.902395             0.00807986352            0.000291231484           
       1.905035             0.00789206342            0.000286699071           
       1.907676             0.00792865535            0.000287697025           
       1.910316             0.00814492671             0.00029345366           
       1.912956             0.00864510001            0.000302317781           
       1.915597             0.00778427244            0.000283880942           
       1.918237             0.00875208847            0.000305580783           
       1.920878             0.00799809883            0.000286951691           
       1.923518             0.00804704197            0.000295475526           
       1.926158             0.00866634968            0.000299588665           
       1.928799             0.00824764478            0.000296145644           
       1.931439             0.00848357105            0.000297944448           
       1.934079             0.00820777961             0.00029602931           
       1.936720             0.00833745323            0.000296602547           
       1.939360             0.00805204451             0.00029429092           
       1.942001             0.00865136098            0.000303872956           
       1.944641             0.00750418196            0.000281790301           
       1.947281             0.00779168123            0.000288524784           
       1.949922             0.00786288041            0.000290202803           
       1.952562             0.00809823241             0.00029704827           
       1.955202             0.00789959132             0.00028601135           
       1.957843             0.00791392478             0.00029536459           
       1.960483             0.00761200021            0.000285055023           
       1.963124             0.00771858376            0.000286830902           
       1.965764             0.00829830933            0.000297513845           
       1.968404             0.00815603353             0.00030022674           
       1.971045             0.00750314387             0.00028074123           
       1.973685             0.00726361375            0.000281378387           
       1.976326             0.00772180926            0.000288852608           
       1.978966             0.00795878576             0.00029463911           
       1.981606             0.00820204136            0.000295944722           
       1.984247             0.00786624778            0.000292350559           
       1.986887              0.0075315349            0.000288738485           
       1.989527             0.00745336626            0.000281252082           
       1.992168             0.00755097004            0.000289917685           
       1.994808             0.00801717182            0.000295258775           
       1.997449             0.00754025799            0.000285922261           
       2.000089             0.00748137866            0.000283126715           
       2.002729             0.00793261287            0.000298220481           
       2.005370             0.00741740839            0.000282891731           
       2.008010              0.0073392798            0.000285133945           
       2.010650             0.00772069514            0.000291612567           
       2.013291             0.00710919607            0.000281418885           
       2.015931             0.00776351818            0.000291979799           
       2.018572             0.00805938852             0.00030144252           
       2.021212             0.00719234267            0.000282210644           
       2.023852             0.00807378623            0.000300574613           
       2.026493             0.00772949861            0.000292807319           
       2.029133             0.00746223754            0.000285505911           
       2.031774             0.00765197849            0.000291916601           
       2.034414             0.00724121709            0.000282278727           
       2.037054              0.0074177603            0.000289301475           
       2.039695             0.00738567341            0.000282988936           
       2.042335             0.00756953398            0.000291366132           
       2.044975             0.00715712151            0.000281053378           
       2.047616             0.00712215948             0.00028156746           
       2.050256             0.00742593407            0.000284127514           
       2.052897             0.00771040261            0.000298093155           
       2.055537             0.00741495171            0.000284356184           
       2.058177             0.00681168516             0.00027495093           
       2.060818             0.00791154605            0.000297207971           
       2.063458             0.00738972305             0.00028763492           
       2.066098             0.00813703714            0.000300489354           
       2.068739             0.00739727587            0.000289492057           
       2.071379             0.00782232387            0.000293296779           
       2.074020             0.00773898105             0.00029572504           
       2.076660             0.00772145704            0.000293387738           
       2.079300             0.00765972591            0.000292170269           
       2.081941             0.00756397836            0.000292103547           
       2.084581             0.00739247747             0.00028898698           
       2.087222             0.00761059606            0.000293419089           
       2.089862             0.00787860424             0.00029481977           
       2.092502             0.00729799177            0.000288904244           
       2.095143             0.00744025715            0.000287537538           
       2.097783             0.00760776209            0.000295180617           
       2.100423             0.00675276347            0.000272767013           
       2.103064             0.00750036801            0.000292433275           
       2.105704             0.00761175007            0.000293469605           
       2.108345             0.00727436277            0.000288209056           
       2.110985             0.00772033818             0.00029274197           
       2.113625             0.00734015052            0.000289940302           
       2.116266              0.0071337144            0.000283718454           
       2.118906              0.0072533532            0.000285879654           
       2.121546             0.00761714008            0.000292728387           
       2.124187               0.006786458            0.000280127855           
       2.126827             0.00770271278            0.000293759301           
       2.129468             0.00745366548            0.000291986916           
       2.132108             0.00694842028            0.000281333783           
       2.134748             0.00760686026            0.000293252526           
       2.137389             0.00749298841            0.000293487033           
       2.140029             0.00690497565            0.000281051895           
       2.142670             0.00712036213            0.000285867992           
       2.145310             0.00673702374            0.000279128759           
       2.147950             0.00706296732            0.000286906124           
       2.150591             0.00747546658            0.000292458417           
       2.153231             0.00728351937            0.000292947195           
       2.155871             0.00750935392            0.000293158223           
       2.158512             0.00747362776            0.000297729944           
       2.161152             0.00795790191            0.000299550244           
       2.163793             0.00693036496            0.000284091432           
       2.166433             0.00742611552             0.00028897734           
       2.169073             0.00636095906            0.000273695367           
       2.171714             0.00714089893            0.000284085929           
       2.174354             0.00717966087            0.000289208799           
       2.176995             0.00757397097            0.000294580359           
       2.179635              0.0068869578             0.00028621868           
       2.182275               0.007108954            0.000285022595           
       2.184916             0.00736159814            0.000296173089           
       2.187556              0.0071965975            0.000288120729           
       2.190196             0.00712346422            0.000291158603           
       2.192837             0.00718375809            0.000289186392           
       2.195477             0.00741243277            0.000296586648           
       2.198118             0.00730939653            0.000289080762           
       2.200758             0.00726573813            0.000292691933           
       2.203398             0.00727522114            0.000288025865           
       2.206039             0.00709182764            0.000288719014           
       2.208679             0.00714497008            0.000286961924           
       2.211319             0.00748179033            0.000295030048           
       2.213960             0.00712123827            0.000284773069           
       2.216600             0.00752637118            0.000299659429           
       2.219241             0.00761013442             0.00029694158           
       2.221881             0.00689811693             0.00028418294           
       2.224521             0.00735818829            0.000292488782           
       2.227162             0.00737358505            0.000297393526           
       2.229802             0.00746119759            0.000294299114           
       2.232443             0.00696603081            0.000285483759           
       2.235083             0.00731066136            0.000290706701           
       2.237723             0.00692607418            0.000285125324           
       2.240364             0.00732416967            0.000291713674           
       2.243004             0.00723806392            0.000290869953           
       2.245644             0.00726343701            0.000290706466           
       2.248285             0.00725101899            0.000292343384           
       2.250925             0.00704323359            0.000286776915           
       2.253566             0.00760070119            0.000298638375           
       2.256206             0.00760580849            0.000297843833           
       2.258846             0.00702240929             0.00028619554           
       2.261487             0.00747011701            0.000295688284           
       2.264127             0.00739249493            0.000296931178           
       2.266767             0.00682478692            0.000280690683           
       2.269408             0.00706045423            0.000288886611           
       2.272048             0.00747354996            0.000295389336           
       2.274689             0.00769203914            0.000300854493           
       2.277329             0.00740573393            0.000294810087           
       2.279969             0.00731036004            0.000293793378           
       2.282610             0.00752686199            0.000295204893           
       2.285250             0.00684221869            0.000285885599           
       2.287891             0.00750280784            0.000296347282           
       2.290531             0.00717277963            0.000291185109           
       2.293171             0.00700100498            0.000287663129           
       2.295812              0.0073434311            0.000293050409           
       2.298452             0.00705716588            0.000289121673           
       2.301092             0.00741238813            0.000298191022           
       2.303733             0.00685785724             0.00028114703           
       2.306373             0.00687139942            0.000288307882           
       2.309014             0.00738336068            0.000293096306           
       2.311654             0.00724306067            0.000293053281           
       2.314294             0.00743219749            0.000296206775           
       2.316935             0.00711369468            0.000290935725           
       2.319575             0.00696207198            0.000286740725           
       2.322215             0.00696256316            0.000290836976           
       2.324856             0.00742362609            0.000292770726           
       2.327496             0.00685467931            0.000288222876           
       2.330137             0.00691087996             0.00028406472           
       2.332777             0.00712923696            0.000291673062           
       2.335417             0.00708392328             0.00028987181           
       2.338058             0.00712413004            0.000291856713           
       2.340698             0.00695724394            0.000285578297           
       2.343339               0.007186062            0.000295775035           
       2.345979             0.00701785242            0.000286460201           
       2.348619             0.00713875476            0.000294373332           
       2.351260             0.00712753245            0.000287889226           
       2.353900             0.00731770885            0.000297883706           
       2.356540              0.0078260254            0.000303819328           
       2.359181             0.00744696777             0.00030033329           
       2.361821             0.00742827444            0.000296301352           
       2.364462             0.00660167391             0.00028399782           
       2.367102              0.0073096837            0.000290197274           
       2.369742             0.00689911299            0.000292033063           
       2.372383             0.00720182135            0.000289673186           
       2.375023             0.00710310676             0.00029517637           
       2.377663             0.00711159938            0.000289076362           
       2.380304             0.00681481609            0.000286905597           
       2.382944             0.00742404805            0.000296526548           
       2.385585             0.00760025667            0.000302861254           
       2.388225             0.00656418608            0.000280190456           
       2.390865             0.00694589935            0.000288960063           
       2.393506             0.00695756109            0.000287869756           
       2.396146             0.00710600565            0.000291888772           
       2.398787             0.00738658627            0.000297855903           
       2.401427             0.00703382793            0.000288891745           
       2.404067             0.00686061235            0.000289667169           
       2.406708             0.00744379975            0.000297935274           
       2.409348             0.00699210255            0.000290926531           
       2.411988             0.00755350896             0.00030141479           
       2.414629             0.00689857319            0.000288993774           
       2.417269             0.00698937274            0.000288247745           
       2.419910             0.00680226848            0.000287949446           
       2.422550             0.00726049181            0.000292974172           
       2.425190             0.00629342834            0.000281353834           
       2.427831             0.00713125722            0.000288233144           
       2.430471             0.00727448226            0.000299622863           
       2.433112             0.00706406068            0.000288290665           
       2.435752             0.00733192445            0.000301141187           
       2.438392             0.00700834009            0.000289472314           
       2.441033             0.00672074897            0.000284769742           
       2.443673             0.00686378028            0.000288552523           
       2.446313             0.00668394292            0.000283230142           
       2.448954             0.00695914897            0.000291538114           
       2.451594             0.00739503458            0.000298726456           
       2.454235             0.00747220765            0.000299346789           
       2.456875             0.00704713578             0.00029218018           
       2.459515              0.0078184876            0.000308230014           
       2.462156             0.00762947816            0.000302911973           
       2.464796             0.00783686347            0.000312416553           
       2.467436              0.0075192928            0.000299604344           
       2.470077             0.00787578032              0.0003108524           
       2.472717             0.00807072817            0.000310738711           
       2.475358              0.0079972465            0.000312825335           
       2.477998             0.00721587152              0.0002955649           
       2.480638             0.00768553701            0.000305773277           
       2.483279              0.0075361807            0.000304088359           
       2.485919             0.00745996516             0.00030042837           
       2.488560             0.00692944299            0.000290749784           
       2.491200             0.00783468361            0.000308734475           
       2.493840             0.00746490915            0.000299719951           
       2.496481             0.00738812423            0.000302073669           
       2.499121             0.00722772971            0.000294798628           
       2.501761             0.00773793853            0.000310205713           
       2.504402             0.00676979965             0.00028459118           
       2.507042             0.00720367824            0.000298449416           
       2.509683             0.00724286036            0.000296534653           
       2.512323             0.00725310122            0.000297906149           
       2.514963              0.0140618568             0.00041562513           
       2.517604              0.0304694811            0.000609409791           
       2.520244              0.0333900468            0.000638087677           
       2.522884              0.0087269969            0.000325501656           
       2.525525             0.00920877685            0.000337112238           
       2.528165              0.0181028873            0.000470499824           
       2.530806              0.0194761296            0.000486187261           
       2.533446              0.0100409718            0.000352194475           
       2.536086              0.0102035259            0.000352054177           
       2.538727              0.0105918353            0.000360990101           
       2.541367              0.0104507857            0.000357553088           
       2.544008             0.00773363858            0.000307840491           
       2.546648             0.00722676432            0.000297919291           
       2.549288             0.00669245879            0.000286735882           
       2.551929             0.00674767011            0.000288867242           
       2.554569             0.00744746346            0.000300703607           
       2.557209             0.00742548025            0.000303652038           
       2.559850             0.00743118794            0.000300275636           
       2.562490              0.0073936274            0.000301696642           
       2.565131             0.00690866407            0.000292141799           
       2.567771             0.00747765358            0.000302323174           
       2.570411             0.00672952193            0.000290291204           
       2.573052             0.00733141342            0.000299458281           
       2.575692             0.00699013628             0.00029318101           
       2.578332             0.00744777527            0.000301732067           
       2.580973             0.00722267951            0.000299546624           
       2.583613             0.00708277376            0.000293928126           
       2.586254             0.00678946963            0.000290323811           
       2.588894             0.00708310041            0.000294953505           
       2.591534             0.00738959946            0.000301821664           
       2.594175             0.00709239007            0.000297406157           
       2.596815             0.00715567529            0.000295952632           
       2.599456              0.0071850316            0.000298985454           
       2.602096             0.00735133783            0.000301294097           
       2.604736             0.00697427605            0.000294235125           
       2.607377             0.00719570328            0.000297726569           
       2.610017             0.00697329872            0.000292986995           
       2.612657             0.00671729063            0.000289589843           
       2.615298             0.00673929635            0.000287226474           
       2.617938             0.00746917161              0.0003050255           
       2.620579             0.00747736515            0.000302699749           
       2.623219             0.00712564877             0.00030022158           
       2.625859             0.00711473329            0.000294935549           
       2.628500             0.00683178697            0.000293630402           
       2.631140             0.00719856216             0.00029609415           
       2.633780             0.00703941634            0.000296563611           
       2.636421             0.00707890458            0.000294688056           
       2.639061             0.00733267444            0.000303509652           
       2.641702             0.00715925101            0.000296693135           
       2.644342             0.00745782079            0.000305300629           
       2.646982              0.0077087542            0.000310130847           
       2.649623             0.00654804163            0.000287544022           
       2.652263             0.00763540834            0.000308031502           
       2.654904             0.00687369756            0.000293850167           
       2.657544             0.00744231268            0.000303611598           
       2.660184             0.00683310071            0.000291291941           
       2.662825             0.00722185634            0.000300181349           
       2.665465             0.00766563706            0.000309838866           
       2.668105              0.0068521404            0.000293053438           
       2.670746             0.00684016419            0.000290319757           
       2.673386              0.0068566795            0.000294192821           
       2.676027             0.00724239181            0.000299783979           
       2.678667              0.0069204611             0.00029456887           
       2.681307             0.00769082974            0.000308089834           
       2.683948             0.00708523186             0.00029864801           
       2.686588              0.0079670382            0.000313781471           
       2.689229             0.00686726874            0.000293934931           
       2.691869              0.0077368613            0.000308876509           
       2.694509              0.0069732452            0.000297259209           
       2.697150             0.00726842871            0.000298641875           
       2.699790              0.0074872033             0.00030939914           
       2.702430             0.00692465693             0.00029184407           
       2.705071             0.00688517403            0.000294993619           
       2.707711             0.00707737868            0.000296116971           
       2.710352             0.00652486297             0.00028594184           
       2.712992             0.00706441135            0.000298496829           
       2.715632             0.00685774091             0.00029242522           
       2.718273             0.00676981522            0.000291509075           
       2.720913             0.00713617599            0.000299792612           
       2.723553             0.00741733723            0.000304579323           
       2.726194             0.00680191861            0.000293076916           
       2.728834             0.00656882886            0.000285451306           
       2.731475             0.00610495059             0.00027759284           
       2.734115             0.00696862213            0.000294811928           
       2.736755             0.00732391415            0.000304231832           
       2.739396             0.00669395142            0.000289315481           
       2.742036             0.00720877405            0.000302284116           
       2.744677             0.00684992363            0.000295095089           
       2.747317             0.00764719685            0.000310281027           
       2.749957             0.00712177736            0.000301604293           
       2.752598             0.00710302754            0.000302114059           
       2.755238             0.00709036154            0.000301708538           
       2.757878             0.00721747484            0.000303534287           
       2.760519             0.00701253097            0.000296034696           
       2.763159             0.00681915146            0.000296671037           
       2.765800             0.00764878063            0.000308877458           
       2.768440             0.00701071541            0.000299609159           
       2.771080             0.00680624877            0.000292720074           
       2.773721             0.00668952809             0.00029375942           
       2.776361             0.00715433057            0.000300530716           
       2.779001             0.00681790134            0.000296463357           
       2.781642             0.00680965206            0.000294262263           
       2.784282             0.00682013291            0.000294591363           
       2.786923             0.00598601805            0.000273890531           
       2.789563             0.00638678528            0.000283478881           
       2.792203             0.00675802598            0.000293457494           
       2.794844             0.00669487893            0.000290754211           
       2.797484             0.00628757079            0.000282167885           
       2.800125             0.00694455939            0.000296160338           
       2.802765             0.00691164569            0.000300934896           
       2.805405             0.00707289927            0.000300030787           
       2.808046             0.00695752351            0.000302136471           
       2.810686             0.00662992835            0.000291794954           
       2.813326             0.00688109731            0.000300948659           
       2.815967             0.00677629844            0.000296766059           
       2.818607             0.00683716566            0.000301075781           
       2.821248             0.00665536296            0.000293342114           
       2.823888             0.00667445935            0.000298494229           
       2.826528             0.00636192404            0.000289683181           
       2.829169              0.0068110126            0.000298409936           
       2.831809             0.00684586029            0.000299434473           
       2.834449             0.00626043989            0.000281347283           
       2.837090             0.00652738314            0.000289011816           
       2.839730             0.00687262472             0.00029445045           
       2.842371              0.0065774658            0.000290065206           
       2.845011             0.00677178801            0.000293662392           
       2.847651             0.00658310581            0.000290074071           
       2.850292             0.00651937928             0.00028702649           
       2.852932             0.00684288538            0.000294589037           
       2.855573             0.00694190863            0.000299318781           
       2.858213             0.00677408313            0.000292360933           
       2.860853             0.00724714856            0.000304660541           
       2.863494             0.00738185858            0.000308219391           
       2.866134             0.00709796414            0.000306473814           
       2.868774             0.00664994644            0.000292103087           
       2.871415              0.0071636799            0.000306176908           
       2.874055             0.00645824084            0.000292151023           
       2.876696             0.00685400043            0.000298259298           
       2.879336             0.00638783096            0.000289849112           
       2.881976             0.00687937429             0.00030054683           
       2.884617             0.00722454118             0.00030628344           
       2.887257             0.00658761304            0.000290431482           
       2.889897             0.00711362347            0.000305263371           
       2.892538             0.00648439815            0.000289429263           
       2.895178             0.00664840004            0.000290077885           
       2.897819             0.00682262292            0.000296876355           
       2.900459             0.00679249908            0.000293767661           
       2.903099             0.00718965134            0.000303811935           
       2.905740              0.0069756337            0.000295915504           
       2.908380              0.0077423538            0.000315910191           
       2.911021             0.00701114035            0.000301193969           
       2.913661             0.00689579067            0.000295418817           
       2.916301             0.00684182465             0.00029844671           
       2.918942             0.00672229845            0.000291365344           
       2.921582             0.00735028634            0.000307867525           
       2.924222             0.00681722231            0.000294773994           
       2.926863               0.007002696            0.000299550549           
       2.929503             0.00676557642            0.000297703814           
       2.932144              0.0075039719            0.000308386729           
       2.934784             0.00784767312            0.000316710365           
       2.937424             0.00681476452            0.000295678525           
       2.940065             0.00755118705            0.000311498019           
       2.942705             0.00712355368            0.000303468521           
       2.945346             0.00637652508            0.000285420121           
       2.947986             0.00737093662             0.00030794274           
       2.950626             0.00801198838            0.000322041677           
       2.953267              0.0103070321            0.000361385209           
       2.955907             0.00917289208            0.000345430634           
       2.958547             0.00840326898             0.00032723194           
       2.961188             0.00771834002            0.000316350381           
       2.963828              0.0065620858            0.000290040864           
       2.966469             0.00678584951            0.000295017992           
       2.969109             0.00684097981            0.000297728905           
       2.971749             0.00741294198            0.000309013794           
       2.974390             0.00938504705            0.000348650964           
       2.977030              0.0104331473            0.000366904467           
       2.979670             0.00867980259            0.000332499674           
       2.982311             0.00763540071            0.000314105267           
       2.984951             0.00743757788            0.000310811114           
       2.987592             0.00756796882            0.000312465533           
       2.990232             0.00689298285             0.00029896725           
       2.992872             0.00797862001            0.000319133761           
       2.995513             0.00926702828             0.00034663882           
       2.998153             0.00901401328            0.000344079608           
       3.000794              0.0159467728            0.000450993382           
       3.003434              0.0397777426            0.000719837793           
       3.006074              0.0370284522            0.000696754464           
       3.008715              0.0208266875            0.000526522065           
       3.011355              0.0203797235            0.000526258126           
       3.013995              0.0173862232            0.000483696887           
       3.016636              0.0311503148            0.000648657455           
       3.019276               0.135960882             0.00138754678           
       3.021917               0.378876684             0.00227698832           
       3.024557                0.13248987             0.00135723986           
       3.027197              0.0933767809             0.00115854621           
       3.029838              0.0908372114              0.0011372189           
       3.032478              0.0760457187             0.00104673547           
       3.035118              0.0497720649            0.000851181423           
       3.037759              0.0965669819               0.001187703           
       3.040399              0.0957742183             0.00119635235           
       3.043040              0.0501918654            0.000874478702           
       3.045680              0.0583838856            0.000928620858           
       3.048320              0.0721559401             0.00104891834           
       3.050961               0.105767866             0.00128267218           
       3.053601               0.122812919             0.00137605557           
       3.056242               0.066092397             0.00101594554           
       3.058882               0.129531112              0.0014434263           
       3.061522               0.279502046             0.00210562293           
       3.064163              0.0536621594            0.000924297359           
       3.066803              0.0194958578            0.000567893154           
       3.069443              0.0262905822            0.000655078589           
       3.072084              0.0902502098             0.00122452115           
       3.074724               0.058170732            0.000988897749           
       3.077365              0.0123652492            0.000455606083           
       3.080005             0.00888101108            0.000390399084           
       3.082645             0.00844910686            0.000382726608           
       3.085286             0.00861854659            0.000386615689           
       3.087926             0.00792182167            0.000373017694           
       3.090566             0.00727848955             0.00036123362           
       3.093207             0.00738915356            0.000360037025           
       3.095847             0.00767684785            0.000374671365           
       3.098488             0.00785451367             0.00037829491           
       3.101128             0.00760349602            0.000374228499           
       3.103768             0.00815665176            0.000389785791           
       3.106409              0.0101665225            0.000438082031           
       3.109049              0.0092624509            0.000421400728           
       3.111690              0.0116658533            0.000471061062           
       3.114330              0.0138212724            0.000517297182           
       3.116970              0.0161559184             0.00056706383           
       3.119611              0.0155678245            0.000553025259           
       3.122251               0.011995114            0.000489412904           
       3.124891              0.0103086899            0.000455909111           
       3.127532             0.00780845095            0.000403936079           
       3.130172             0.00782527642            0.000396052473           
       3.132813             0.00873563989            0.000426973031           
       3.135453             0.00790048675            0.000414615818           
       3.138093             0.00708850447            0.000383413519           
       3.140734             0.00627722842            0.000367521245           
       3.143374             0.00734340249            0.000403585772           
       3.146014             0.00608958589             0.00036485224           
       3.148655             0.00633714602            0.000375124889           
       3.151295             0.00618694092            0.000373586364           
       3.153936             0.00623227899            0.000380487961           
       3.156576             0.00736459938            0.000408862937           
       3.159216             0.00611292714            0.000375547912           
       3.161857             0.00612837552            0.000380634921           
       3.164497             0.00657874074            0.000402688626           
       3.167138              0.0057427913            0.000367208772           
       3.169778             0.00592917786            0.000379857596           
       3.172418             0.00619315389            0.000390489961           
       3.175059             0.00563223678             0.00037726026           
       3.177699             0.00573872485            0.000379305847           
       3.180339             0.00660567407            0.000410586915           
       3.182980             0.00644047873            0.000410893515           
       3.185620             0.00645857327            0.000415966729           
       3.188261             0.00551563583             0.00037936795           
       3.190901             0.00646841179            0.000417160008           
       3.193541             0.00542776784            0.000383392137           
       3.196182             0.00603204042            0.000412579945           
       3.198822             0.00621851564            0.000413830469           
       3.201463              0.0055902313            0.000397442356           
       3.204103             0.00556643947            0.000401876857           
       3.206743             0.00544615055            0.000400871748           
       3.209384             0.00506379894            0.000384820799           
       3.212024             0.00585114048            0.000415126676           
       3.214664             0.00613367106            0.000433132245           
       3.217305             0.00682220106             0.00046745351           
       3.219945              0.0056734665            0.000422720744           
       3.222586             0.00604957226            0.000438977752           
       3.225226             0.00528960269             0.00041972715           
       3.227866             0.00516769023            0.000418071573           
       3.230507             0.00598171384            0.000455162938           
       3.233147             0.00575418819            0.000439819449           
       3.235787             0.00532176868            0.000423085783           
       3.238428             0.00594628676            0.000455120677           
       3.241068             0.00564903469            0.000452594367           
       3.243709             0.00588277812            0.000459299551           
       3.246349             0.00585786453            0.000455761597           
       3.248989             0.00530990219            0.000443839797           
       3.251630             0.00549333812            0.000453438406           
       3.254270             0.00506329938            0.000448709772           
       3.256911             0.00596144469            0.000474683566           
       3.259551             0.00600144445            0.000486797759           
       3.262191             0.00583579798            0.000484448901           
       3.264832             0.00512403131            0.000458204916           
       3.267472             0.00610812455            0.000507368469           
       3.270112              0.0051340662             0.00046648194           
       3.272753             0.00581809425             0.00050268862           
       3.275393             0.00606839354            0.000516030349           
       3.278034              0.0058708305            0.000517900425           
       3.280674             0.00621874252            0.000534572232           
       3.283314             0.00535535578            0.000498818279           
       3.285955             0.00463947464            0.000473003465           
       3.288595             0.00543819523            0.000517816056           
       3.291235             0.00525250576            0.000511888172           
       3.293876             0.00581509781            0.000541794099           
       3.296516             0.00652144248            0.000585459036           
       3.299157             0.00601585823            0.000570805926           
       3.301797             0.00549178552            0.000545608314           
       3.304437              0.0054181017            0.000552094077           
       3.307078             0.00488522925            0.000529334998           
       3.309718             0.00563034911            0.000573943999           
       3.312359             0.00404092976             0.00049605546           
       3.314999             0.00566193812            0.000593341021           
       3.317639             0.00613858132            0.000624463843           
       3.320280             0.00519598146            0.000582912353           
       3.322920             0.00487568172            0.000573108494           
       3.325560             0.00514795159            0.000600264362           
       3.328201             0.00483749295            0.000584342537           
       3.330841             0.00463153354            0.000585673712           
       3.333482             0.00482435333            0.000605330335           
       3.336122             0.00518525878            0.000641203953           
       3.338762             0.00529698456            0.000654002612           
       3.341403             0.00532265786             0.00066166743           
       3.344043             0.00482479341            0.000654006664           
       3.346683             0.00428437266            0.000622542603           
       3.349324             0.00534363701             0.00070601727           
       3.351964             0.00588421403            0.000764686186           
       3.354605             0.00494137292            0.000708684736           
       3.357245             0.00538455597            0.000765785873           
       3.359885             0.00648401882            0.000840641076           
       3.362526             0.00547484038            0.000811953419           
       3.365166             0.00430570401            0.000711167994           
       3.367807             0.00557692178            0.000866402723           
       3.370447             0.00614556921            0.000909854475           
       3.373087             0.00504041349            0.000869641777           
       3.375728             0.00626800321            0.000962446269           
       3.378368             0.00527617238            0.000954171035           
       3.381008             0.00654428622              0.0010534028           
       3.383649             0.00605798313             0.00109684672           
       3.386289             0.00643774177             0.00113116968           
       3.388930             0.00683035246             0.00127962452           
       3.391570             0.00494615207             0.00108937346           
       3.394210             0.00433831768             0.00109316835           
       3.396851             0.00252169373            0.000902808469           
       3.399491             0.00388666285             0.00114116729           
       3.402131             0.00273892343             0.00113396233           
       3.404772              0.0027378386             0.00113422363           
       3.407412             0.00207878204             0.00122638534           
       3.410053             0.00597348116              0.0021647264           
       3.412693             0.00740247079             0.00340937398           
       3.415333             0.00428396319             0.00317783526           
