################################################################################
# EDF_DataBlockID                     0.Image.Psd
# EDF_BinarySize                      2105344
# EDF_HeaderSize                      2560
# ByteOrder                           LowByteFirst
# DataType                            FloatValue
# Dim_1                               512
# Dim_2                               1028
# Image                               0
# HeaderID                            EH:000000:000000:000000
# Size                                2105344
# Center_1                            304.9000
# Center_2                            588.7000
# Comment                             Xenocs_Cell_Window - 20251028_20perc_iodine_1.23mg
# DDummy                              0.6
# Date                                2025-11-02T13:31:49
# Delta                               21.910000
# Dummy                               -1.5
# ExposureTime                        360
# Gamma                               15.360000
# Intensity1                          8.8165e-10
# PSize_1                             7.5e-05
# PSize_2                             7.5e-05
# Pressure                            0.0325441
# SampleDistance                      0.115750
# SampleEnvKind                       large
# SampleEnvPN                         ElectroChemical cell
# SampleEnvSN                         1141
# Thickness                           0
# Wavelength                          1.541891e-10
# Wavelength                          1.54189e-10
# aux                                 0
# aux_dial                            0.002375
# beamx                               588.434
# beamx_dial                          588.434
# beamz                               657.808
# beamz_dial                          657.808
# det0x                               0
# det0x_dial                          6.36945
# det0xvd                             0
# det0xvd_dial                        0
# det0y                               450.002
# det0y_dial                          481.635
# det0z                               0
# det0z_dial                          1.23302
# det0zvd                             0
# det0zvd_dial                        0
# mag                                 1.818
# mag_dial                            1.818
# om                                  0.2499
# om_dial                             -0.610199
# phi                                 -0.0120535
# phi_dial                            0
# ry                                  0.599993
# ry_dial                             0.599993
# s1bot                               0.8
# s1bot_dial                          -1.66094
# s1hl                                0.8
# s1hl_dial                           -0.608437
# s1hr                                0.8
# s1hr_dial                           0.970938
# s1top                               0.8
# s1top_dial                          -0.461562
# s2bot                               0.45
# s2bot_dial                          1.36109
# s2hl                                0.45
# s2hl_dial                           -0.83375
# s2hr                                0.45
# s2hr_dial                           -0.118594
# s2top                               0.45
# s2top_dial                          1.44734
# w2theta                             32
# w2theta_dial                        32
# waxsch                              19.2605
# waxsch_dial                         -32.7355
# waxsh                               137.085
# waxsh_dial                          -43.5338
# waxsth                              26.0607
# waxsth_dial                         -19.4086
# waxsz                               67.0407
# waxsz_dial                          -23.7954
# wind                                65.9854
# wind_dial                           66.0041
# wpsi                                124
# wpsi_dial                           124
# wstod                               115
# wstod_dial                          115
# x                                   0
# x_dial                              1.00969
# z                                   0
# z_dial                              13.3172
# CountCutoff                         6807993
# DetectorModel                       Dectris EIGER2 Si 500K, S/N E-01-0554
# ThresholdSetting                    4023.88989258
# Saturation                          0
# FlatField                           Corrected
# BackgroundReductionExtra            0.02
# BackgroundCorrectionConstant        0.0026712
# Detector                            0
# Monitor                             0
# Pil_Roi0                            0
# SumForIntensity1                    3.17394e+08
# TransmittedFlux                     881650
# det                                 0
# mon                                 0
# pilai0                              3.17394e+08
# pilai1                              796161
# pilct0                              5.48171e+08
# pilct1                              796161
# pilroi0                             0
# pilroi1                             0
# sec                                 1
# title                               20251028_20perc_iodine_1.23mg_1_01083.edf
# usaxs0                              0
# Operation                           Azimuthal average I(q)
# Error_model                         ErrorModel.poisson
# Geometrical_correction              True
# Transmission_correction             True
# Thickness_correction                False
# Binning mode                        Uniform
# Binning factor                      1.0
# Psi                                 0.0
# Omega                               0.2499
# MaskInvalidPixels                   True
# DetectorEdge                        3
# MaskFiles                           ['WAXS_corrected.edf']
################################################################################
    q(A⁻¹)                Intensity(a.u.)            Sigma_I(a.u.)            
       0.693100             0.00400165179             0.00415322644           
       0.695741              0.0162673303             0.00683332102           
       0.698381              0.0124729258             0.00732943855           
       0.701021              0.0342678504               0.017174423           
       0.703662           -2.29818003e-05                         0           
       0.706302             0.00333744081              0.0023952019           
       0.708942              0.0110842014             0.00563389308           
       0.711583              0.0150002358             0.00567533148           
       0.714223             0.00283368323             0.00284785425           
       0.716864             0.00237407334             0.00170553234           
       0.719504              0.0114337925             0.00403901905           
       0.722144             0.00731400369             0.00299161122           
       0.724785             0.00693167478             0.00232315432           
       0.727425              0.0057176063             0.00285434288           
       0.730065               0.005622407             0.00200217196           
       0.732706             0.00797607277             0.00200255076           
       0.735346              0.0085103187             0.00269641046           
       0.737987             0.00634349721             0.00164503271           
       0.740627             0.00841986407             0.00282780322           
       0.743267             0.00849395364             0.00190236457           
       0.745908               0.012072089              0.0024605871           
       0.748548             0.00382724121             0.00127704111           
       0.751189             0.00543764531             0.00205108628           
       0.753829             0.00785718754              0.0022664031           
       0.756469             0.00848414204             0.00189906972           
       0.759110             0.00845302406             0.00199762301           
       0.761750             0.00476222356             0.00132578479           
       0.764390             0.00767017485             0.00176106847           
       0.767031              0.0074982805             0.00150783427           
       0.769671             0.00800934832             0.00194395407           
       0.772312             0.00489382833             0.00115681291           
       0.774952             0.00545298164              0.0016489804           
       0.777592             0.00949730207             0.00158509681           
       0.780233             0.00884752571             0.00184582428           
       0.782873             0.00418647541             0.00121435689           
       0.785513             0.00639612696             0.00160466501           
       0.788154             0.00506157994             0.00119413318           
       0.790794             0.00922937324             0.00192776839           
       0.793435             0.00679455279             0.00148593361           
       0.796075              0.0045069833             0.00116581088           
       0.798715              0.0100800116             0.00206029017           
       0.801356             0.00994531693             0.00176133961           
       0.803996             0.00742582603             0.00155166831           
       0.806637             0.00861716899             0.00133021252           
       0.809277             0.00844616148             0.00142544265           
       0.811917             0.00798181365             0.00129541374           
       0.814558              0.0076925752             0.00132173211           
       0.817198             0.00756010523             0.00124484857           
       0.819838             0.00899601376             0.00137432635           
       0.822479             0.00666645161              0.0013892528           
       0.825119             0.00583201891             0.00110595409           
       0.827760             0.00560065538             0.00109784215           
       0.830400             0.00682514243             0.00114064772           
       0.833040             0.00604436621             0.00112461721           
       0.835681              0.0121702215             0.00181415199           
       0.838321             0.00647706889              0.0011108295           
       0.840961             0.00698599217             0.00125695053           
       0.843602             0.00641727738             0.00110476072           
       0.846242             0.00872444522              0.0012879439           
       0.848883             0.00834874307             0.00128933377           
       0.851523             0.00814033076              0.0012573243           
       0.854163             0.00771115979             0.00130138353           
       0.856804             0.00815514099              0.0012033366           
       0.859444             0.00798472738             0.00116665348           
       0.862085             0.00628638833             0.00107890814           
       0.864725             0.00719729432             0.00118144239           
       0.867365             0.00633469341             0.00102779528           
       0.870006             0.00634136753            0.000979925734           
       0.872646             0.00849744088              0.0011895194           
       0.875286             0.00645590352             0.00099749098           
       0.877927             0.00743859026             0.00103319456           
       0.880567             0.00647244954             0.00099848007           
       0.883208             0.00785013609             0.00108926317           
       0.885848              0.0069776667             0.00106628321           
       0.888488               0.007869016             0.00106206705           
       0.891129              0.0066213942             0.00100034229           
       0.893769             0.00773928329             0.00103501827           
       0.896410             0.00780224736            0.000968917205           
       0.899050             0.00772306688             0.00106012492           
       0.901690             0.00932248917             0.00126873766           
       0.904331             0.00773360515             0.00102447791           
       0.906971             0.00783165093             0.00109676265           
       0.909611              0.0071125214            0.000951462986           
       0.912252             0.00731311085            0.000996523049           
       0.914892              0.0089058983              0.0012017402           
       0.917533             0.00709670657             0.00101482137           
       0.920173             0.00673840155             0.00091747784           
       0.922813             0.00604965615             0.00091225932           
       0.925454             0.00758900006            0.000920058983           
       0.928094             0.00747825147            0.000975047135           
       0.930734             0.00734756892             0.00104053348           
       0.933375             0.00979209082             0.00118940957           
       0.936015             0.00773081375            0.000959830289           
       0.938656             0.00770299097             0.00102781657           
       0.941296             0.00730836384            0.000907310993           
       0.943936             0.00616461999            0.000817175799           
       0.946577             0.00896281059            0.000978822009           
       0.949217             0.00605179921            0.000739636679           
       0.951858             0.00850881413            0.000918067455           
       0.954498             0.00849669773                0.00106189           
       0.957138             0.00736947703            0.000936891421           
       0.959779             0.00694394117            0.000896520697           
       0.962419             0.00694377154             0.00089054646           
       0.965059             0.00693947142            0.000936331806           
       0.967700             0.00779604112             0.00101645405           
       0.970340             0.00725933875            0.000867948433           
       0.972981             0.00696336086            0.000774495607           
       0.975621             0.00791940746            0.000878672716           
       0.978261             0.00730371452            0.000801782701           
       0.980902             0.00677824399            0.000924140456           
       0.983542             0.00740566979            0.000855425284           
       0.986182             0.00820459411             0.00088399289           
       0.988823             0.00664484142            0.000772471627           
       0.991463             0.00787086083             0.00089696045           
       0.994104             0.00826238276            0.000896497249           
       0.996744             0.00789690838            0.000893967279           
       0.999384             0.00825572202            0.000817467693           
       1.002025              0.0074648885            0.000867601579           
       1.004665             0.00826308043            0.000834194002           
       1.007306             0.00849982179            0.000841729048           
       1.009946             0.00788800095            0.000826973286           
       1.012586             0.00724640183            0.000771972637           
       1.015227             0.00929295066            0.000939179003           
       1.017867             0.00770616294            0.000821949794           
       1.020507             0.00774335256            0.000798088906           
       1.023148             0.00975826012            0.000966730459           
       1.025788             0.00644998743            0.000720660352           
       1.028429             0.00689673251            0.000780719629           
       1.031069             0.00743623773            0.000762882064           
       1.033709              0.0105989753            0.000968159658           
       1.036350             0.00755525345            0.000734145277           
       1.038990             0.00762117942            0.000750891006           
       1.041630             0.00845406849            0.000824873225           
       1.044271             0.00747287541            0.000729357115           
       1.046911             0.00906680194            0.000845055633           
       1.049552              0.0074150231            0.000802902847           
       1.052192             0.00775674109            0.000749855295           
       1.054832             0.00832883014            0.000784084139           
       1.057473             0.00993184652            0.000844052729           
       1.060113             0.00873834956            0.000772138142           
       1.062754             0.00760549599            0.000735465513           
       1.065394             0.00643236078            0.000715096949           
       1.068034             0.00948027827            0.000789889275           
       1.070675             0.00881257446            0.000794406039           
       1.073315             0.00885364747             0.00080766841           
       1.075955             0.00753824582            0.000703566944           
       1.078596             0.00682240153            0.000711362751           
       1.081236             0.00877723462            0.000772626712           
       1.083877             0.00747417466             0.00070657621           
       1.086517              0.0082709688            0.000797019431           
       1.089157             0.00827554313            0.000827225608           
       1.091798             0.00990850955            0.000793576966           
       1.094438             0.00895931463            0.000752173973           
       1.097078             0.00934551005            0.000736798165           
       1.099719             0.00971605297            0.000812605737           
       1.102359             0.00775219223            0.000679767727           
       1.105000             0.00916970621            0.000826691526           
       1.107640              0.0100068963            0.000825747434           
       1.110280             0.00843720969            0.000691820658           
       1.112921             0.00892156713             0.00076419886           
       1.115561             0.00793974813            0.000685177415           
       1.118202             0.00912159255            0.000735095968           
       1.120842             0.00712405312            0.000682775096           
       1.123482             0.00823381942            0.000730825644           
       1.126123             0.00900173599            0.000732943877           
       1.128763             0.00942854474            0.000755261624           
       1.131403             0.00932593622            0.000723788416           
       1.134044             0.00827799854            0.000701688701           
       1.136684             0.00919349318            0.000788406018           
       1.139325             0.00934567491            0.000732265183           
       1.141965             0.00935065714            0.000737302555           
       1.144605             0.00903922724             0.00069121375           
       1.147246             0.00884602268            0.000699796688           
       1.149886             0.00929490401            0.000714785688           
       1.152527             0.00813764979            0.000678536045           
       1.155167               0.010189322            0.000722181127           
       1.157807             0.00942822371            0.000744826963           
       1.160448             0.00887999807            0.000705879419           
       1.163088             0.00842277332            0.000655742029           
       1.165728             0.00839427976            0.000672122976           
       1.168369                0.00985472            0.000734975755           
       1.171009             0.00789099016            0.000638263516           
       1.173650             0.00835304588            0.000673914775           
       1.176290             0.00955059882            0.000704193667           
       1.178930             0.00952691403            0.000689317585           
       1.181571             0.00901573882            0.000683867291           
       1.184211              0.0087580658            0.000676413668           
       1.186851              0.0102317087            0.000714795104           
       1.189492              0.0100119864            0.000702321583           
       1.192132             0.00933369827            0.000670505637           
       1.194773             0.00903497051            0.000662570867           
       1.197413             0.00900781083            0.000633881799           
       1.200053              0.0111048287            0.000721691328           
       1.202694             0.00937863965            0.000630695691           
       1.205334              0.0104933503            0.000718951632           
       1.207975             0.00950544705            0.000653157062           
       1.210615              0.0103520483            0.000751946435           
       1.213255             0.00928892425            0.000637838746           
       1.215896              0.0085765494            0.000623997747           
       1.218536              0.0104993039            0.000663858616           
       1.221176              0.0105146219            0.000722276828           
       1.223817              0.0103216739            0.000671763787           
       1.226457             0.00959288416             0.00066066085           
       1.229098               0.010638464             0.00069570044           
       1.231738               0.010524567            0.000695371889           
       1.234378             0.00976129342             0.00062926699           
       1.237019              0.0106298635            0.000676689001           
       1.239659             0.00985870108            0.000646004294           
       1.242299              0.0103404083            0.000653192635           
       1.244940              0.0105711437            0.000642319387           
       1.247580             0.00973801131            0.000635342102           
       1.250221              0.0101837099            0.000645709909           
       1.252861             0.00945736295            0.000592391218           
       1.255501              0.0113081715            0.000703352701           
       1.258142             0.00933077047            0.000600365091           
       1.260782              0.0111250709            0.000669737775           
       1.263423             0.00968407762            0.000600419518           
       1.266063             0.00953398237            0.000610624976           
       1.268703              0.0103531751            0.000631037743           
       1.271344              0.0101945723            0.000647407462           
       1.273984              0.0106437744             0.00063889495           
       1.276624             0.00994681041            0.000606020122           
       1.279265              0.0103680462            0.000628993992           
       1.281905              0.0100286337            0.000621358321           
       1.284546             0.00984716185            0.000595140326           
       1.287186              0.0102760098            0.000596474766           
       1.289826              0.0109353999            0.000648491113           
       1.292467              0.0116263669            0.000653937273           
       1.295107               0.012292591            0.000665733053           
       1.297747              0.0116289658            0.000619616814           
       1.300388              0.0106506724            0.000646424719           
       1.303028              0.0105072255            0.000612945983           
       1.305669              0.0102249429             0.00061905378           
       1.308309              0.0117232613            0.000656332905           
       1.310949              0.0105484877             0.00062195417           
       1.313590              0.0113035579            0.000623704105           
       1.316230              0.0105761388             0.00064380675           
       1.318871             0.00971634207            0.000604356713           
       1.321511              0.0108295455            0.000626212544           
       1.324151               0.011030192            0.000613250963           
       1.326792              0.0103805445            0.000598595554           
       1.329432              0.0104557392            0.000596520256           
       1.332072              0.0111848506             0.00060777368           
       1.334713               0.011937537            0.000648045677           
       1.337353              0.0106502881            0.000587024965           
       1.339994              0.0107127163             0.00061782704           
       1.342634              0.0124409024            0.000638459299           
       1.345274              0.0119462271             0.00064747585           
       1.347915              0.0119050012            0.000628508592           
       1.350555              0.0106487781             0.00060483472           
       1.353195              0.0107168884            0.000609746047           
       1.355836              0.0110175308            0.000608599253           
       1.358476               0.011691846            0.000608860714           
       1.361117               0.011249424            0.000598049683           
       1.363757              0.0103823027            0.000592081542           
       1.366397              0.0102451792            0.000570360218           
       1.369038              0.0105286545            0.000583954304           
       1.371678             0.00994529084            0.000562542617           
       1.374319              0.0121600698            0.000616678601           
       1.376959             0.00986511117            0.000549860125           
       1.379599              0.0123165862            0.000658443472           
       1.382240               0.010449997            0.000570019742           
       1.384880              0.0112316339            0.000625953997           
       1.387520              0.0113119127            0.000596608612           
       1.390161              0.0119683333            0.000582843698           
       1.392801              0.0112594129            0.000589007002           
       1.395442              0.0109481715            0.000588741578           
       1.398082              0.0112414122             0.00055866559           
       1.400722               0.011531599            0.000592694317           
       1.403363              0.0112565711            0.000616398103           
       1.406003              0.0114295167            0.000581280413           
       1.408644              0.0112777515             0.00060487273           
       1.411284              0.0111747689            0.000570139734           
       1.413924              0.0111544911            0.000567510471           
       1.416565              0.0110187155             0.00056183031           
       1.419205              0.0107139192            0.000577915857           
       1.421845              0.0112618496            0.000592161548           
       1.424486              0.0111792037            0.000567110949           
       1.427126              0.0103883782              0.0005678991           
       1.429767              0.0106173769            0.000540181167           
       1.432407              0.0109552608            0.000574236918           
       1.435047              0.0114972253            0.000552482621           
       1.437688             0.00979039515            0.000517449068           
       1.440328             0.00999329079            0.000533559108           
       1.442968               0.011263618            0.000579149168           
       1.445609              0.0110995945            0.000556678946           
       1.448249              0.0115267657            0.000581653193           
       1.450890              0.0107952338            0.000559219743           
       1.453530              0.0103529394            0.000572945736           
       1.456170               0.011460614            0.000585048182           
       1.458811             0.00985316073             0.00051872105           
       1.461451              0.0102860568             0.00053138381           
       1.464092               0.011120667            0.000556133909           
       1.466732              0.0112645983            0.000554911445           
       1.469372              0.0111081269            0.000538147837           
       1.472013              0.0107403932             0.00057071524           
       1.474653              0.0112056425            0.000573952569           
       1.477293              0.0109983148            0.000580602695           
       1.479934              0.0114788392            0.000565989568           
       1.482574              0.0110655381            0.000537559502           
       1.485215              0.0121364154            0.000573455761           
       1.487855              0.0116550028            0.000569380378           
       1.490495              0.0114157623             0.00056143094           
       1.493136              0.0105648251            0.000532697971           
       1.495776              0.0114708871            0.000552543389           
       1.498416              0.0110257476            0.000559439724           
       1.501057              0.0101219241            0.000524206697           
       1.503697              0.0117301047            0.000551708404           
       1.506338              0.0106155247            0.000534433694           
       1.508978              0.0106508025            0.000530056472           
       1.511618               0.011118117             0.00057675878           
       1.514259              0.0117420905            0.000572245667           
       1.516899              0.0102137389            0.000519652834           
       1.519540              0.0110125799             0.00054829327           
       1.522180              0.0113025475            0.000560344281           
       1.524820              0.0110398228            0.000550686423           
       1.527461              0.0112916561            0.000559686361           
       1.530101               0.010935504            0.000545280579           
       1.532741              0.0116411672            0.000559333944           
       1.535382              0.0114609461            0.000563922048           
       1.538022             0.00997035411            0.000495495186           
       1.540663              0.0107907357            0.000554427835           
       1.543303              0.0103848236            0.000505020024           
       1.545943              0.0107676448            0.000544289511           
       1.548584              0.0105410268            0.000548198413           
       1.551224              0.0119887455            0.000540548285           
       1.553864              0.0103272975            0.000530135973           
       1.556505               0.010934664            0.000526969424           
       1.559145              0.0102280258            0.000515900974           
       1.561786             0.00998618661             0.00051015791           
       1.564426               0.010567862            0.000508481852           
       1.567066              0.0115260036            0.000556420314           
       1.569707             0.00938923495            0.000493181175           
       1.572347              0.0109469423            0.000550148779           
       1.574988             0.00994091512            0.000499007848           
       1.577628              0.0102898647            0.000529395996           
       1.580268             0.00980721551            0.000500754339           
       1.582909             0.00958436585            0.000524714572           
       1.585549             0.00964836838            0.000511179355           
       1.588189             0.00996780714            0.000508232661           
       1.590830              0.0097419884            0.000501812105           
       1.593470              0.0097799433             0.00052269705           
       1.596111             0.00945248118            0.000501698521           
       1.598751             0.00962626779            0.000490577509           
       1.601391             0.00979508079            0.000505778354           
       1.604032             0.00935383395            0.000504587464           
       1.606672             0.00937915505            0.000490917743           
       1.609312             0.00934471367            0.000511518936           
       1.611953             0.00922331322            0.000497291105           
       1.614593             0.00988305919            0.000504948232           
       1.617234             0.00936787959            0.000509494458           
       1.619874             0.00955909317            0.000512634924           
       1.622514             0.00865599454            0.000481164007           
       1.625155             0.00963729961            0.000510705307           
       1.627795              0.0106552247            0.000523842189           
       1.630436             0.00832982825            0.000460748051           
       1.633076              0.0092537114            0.000491996911           
       1.635716              0.0103776189            0.000512912032           
       1.638357             0.00894719198            0.000477507979           
       1.640997             0.00908739999            0.000495812438           
       1.643637             0.00870446215            0.000472206229           
       1.646278             0.00919742389             0.00050064448           
       1.648918              0.0102997557            0.000531242618           
       1.651559             0.00878908685            0.000494548715           
       1.654199             0.00917289583            0.000491382025           
       1.656839              0.0102923962            0.000520685944           
       1.659480              0.0087126039            0.000497051522           
       1.662120             0.00931146169            0.000483962041           
       1.664761             0.00890854861            0.000491715037           
       1.667401             0.00957351954            0.000487199057           
       1.670041             0.00932973303            0.000488289365           
       1.672682             0.00866972183            0.000468766466           
       1.675322             0.00873134393            0.000467404362           
       1.677962             0.00917758459            0.000473913375           
       1.680603             0.00850143808            0.000457525544           
       1.683243             0.00970618248            0.000510044657           
       1.685884              0.0100838662            0.000523712378           
       1.688524             0.00973468608            0.000504618427           
       1.691164             0.00873982545            0.000478246799           
       1.693805             0.00894011319             0.00048900926           
       1.696445             0.00900824304            0.000493716409           
       1.699085             0.00827790197            0.000457420754           
       1.701726             0.00938039864            0.000469071881           
       1.704366             0.00817480918            0.000461307805           
       1.707007             0.00884293782            0.000469093974           
       1.709647             0.00910556091             0.00048138434           
       1.712287              0.0093769914            0.000492758601           
       1.714928             0.00869220421            0.000478249929           
       1.717568             0.00847085671            0.000444740166           
       1.720209             0.00947509305            0.000492674065           
       1.722849             0.00830023717            0.000458748544           
       1.725489             0.00868997248            0.000469789351           
       1.728130             0.00906264314            0.000509847353           
       1.730770             0.00807103859             0.00045695998           
       1.733410             0.00862925345            0.000465070889           
       1.736051             0.00802497271            0.000451613318           
       1.738691             0.00799732553            0.000441695707           
       1.741332             0.00840110944            0.000465946491           
       1.743972             0.00906946681            0.000499942534           
       1.746612             0.00932603292             0.00048681531           
       1.749253             0.00847078262            0.000473119176           
       1.751893             0.00854523714            0.000471705876           
       1.754533             0.00830926516            0.000464712941           
       1.757174             0.00844301759            0.000464051516           
       1.759814             0.00874702463            0.000465172528           
       1.762455             0.00802358078            0.000453701519           
       1.765095             0.00873438601            0.000452837603           
       1.767735             0.00837725545            0.000457164648           
       1.770376             0.00824062015            0.000454616424           
       1.773016             0.00932574313            0.000480383508           
       1.775657             0.00878211602            0.000459464173           
       1.778297             0.00842554859             0.00044616481           
       1.780937             0.00837608041            0.000469542304           
       1.783578             0.00827523987            0.000455037651           
       1.786218             0.00824862051             0.00047411717           
       1.788858              0.0083889905            0.000454112188           
       1.791499             0.00901976693            0.000465586993           
       1.794139             0.00829761998            0.000442937111           
       1.796780             0.00978533568            0.000478690057           
       1.799420             0.00787667833            0.000427096878           
       1.802060             0.00799931815            0.000433885525           
       1.804701             0.00891063243            0.000439454357           
       1.807341             0.00920753644            0.000469401055           
       1.809981             0.00878822113            0.000460117099           
       1.812622             0.00930187684            0.000464850424           
       1.815262             0.00905879923            0.000468481076           
       1.817903             0.00967812859            0.000477056035           
       1.820543             0.00893960626            0.000465637555           
       1.823183             0.00886321163            0.000463388814           
       1.825824              0.0084888086            0.000433251605           
       1.828464             0.00878707124            0.000459550197           
       1.831105             0.00907392038            0.000454079544           
       1.833745             0.00805155346            0.000436869627           
       1.836385             0.00974219959            0.000494266359           
       1.839026             0.00816521218            0.000451067955           
       1.841666             0.00888928415            0.000468974164           
       1.844306             0.00809759675            0.000435390542           
       1.846947             0.00770805478            0.000428512639           
       1.849587             0.00864896308            0.000501230729           
       1.852228             0.00825613677             0.00044282443           
       1.854868             0.00826936877            0.000468153218           
       1.857508             0.00882569349            0.000478900966           
       1.860149             0.00824410582            0.000471262365           
       1.862789             0.00850994877            0.000462153059           
       1.865429             0.00787261506            0.000464000784           
       1.868070             0.00838290864            0.000472421081           
       1.870710              0.0090255946            0.000478894791           
       1.873351             0.00795807801            0.000455241929           
       1.875991             0.00826285282            0.000471447924           
       1.878631             0.00847906694            0.000468429643           
       1.881272             0.00827400634             0.00045963022           
       1.883912             0.00857421255            0.000486941899           
       1.886553             0.00805773625            0.000466770909           
       1.889193             0.00824529991            0.000471365496           
       1.891833             0.00800472115            0.000482336883           
       1.894474             0.00745438939            0.000461407418           
       1.897114             0.00798642802            0.000462153449           
       1.899754             0.00744268084            0.000448010237           
       1.902395             0.00842203543            0.000467257943           
       1.905035              0.0082158267            0.000488808202           
       1.907676             0.00820924152              0.0004605185           
       1.910316             0.00855678777            0.000482649404           
       1.912956             0.00854631429            0.000471742088           
       1.915597             0.00931061518            0.000495136382           
       1.918237             0.00786384471             0.00046994943           
       1.920878             0.00851628491             0.00048705416           
       1.923518             0.00875245784             0.00049397095           
       1.926158             0.00805841864            0.000467830799           
       1.928799             0.00846470283            0.000473929077           
       1.931439               0.008016709            0.000473314523           
       1.934079              0.0086462966            0.000512427761           
       1.936720             0.00740300689            0.000439319723           
       1.939360             0.00802783503             0.00048807156           
       1.942001               0.008165547            0.000451163203           
       1.944641             0.00730343345            0.000435086925           
       1.947281             0.00722480328            0.000428749706           
       1.949922             0.00693028065             0.00043373989           
       1.952562             0.00773398171            0.000472563042           
       1.955202             0.00797594999            0.000479313522           
       1.957843             0.00734854157            0.000448144357           
       1.960483             0.00871401482            0.000510211192           
       1.963124             0.00779208683            0.000472569108           
       1.965764             0.00807223221            0.000453586221           
       1.968404             0.00778155812            0.000441136935           
       1.971045             0.00837374709            0.000466562348           
       1.973685             0.00806706152            0.000480343627           
       1.976326             0.00719703365            0.000447466877           
       1.978966             0.00870016427            0.000496298005           
       1.981606             0.00725807487            0.000462757918           
       1.984247             0.00718850951            0.000457507123           
       1.986887             0.00769525254            0.000467687886           
       1.989527             0.00864606011             0.00049040101           
       1.992168             0.00820338774             0.00049563553           
       1.994808             0.00661617757            0.000443204079           
       1.997449             0.00853731453            0.000493115958           
       2.000089             0.00748637101            0.000459937513           
       2.002729              0.0072638085              0.0004533208           
       2.005370             0.00808096578            0.000472995371           
       2.008010             0.00741741959            0.000472937539           
       2.010650             0.00767100846             0.00048454286           
       2.013291             0.00686808253             0.00043988955           
       2.015931             0.00809520918            0.000474197267           
       2.018572             0.00755388365             0.00048994727           
       2.021212             0.00810744703            0.000498462464           
       2.023852             0.00767344316            0.000458970259           
       2.026493             0.00700594136            0.000458147231           
       2.029133             0.00805003443            0.000481217919           
       2.031774              0.0082497341            0.000511253324           
       2.034414             0.00702340297              0.0004340536           
       2.037054              0.0077311173            0.000466940393           
       2.039695             0.00739264365            0.000453155979           
       2.042335             0.00813157784            0.000493903997           
       2.044975             0.00811174947            0.000487319055           
       2.047616             0.00772059941            0.000474243603           
       2.050256             0.00850873223            0.000502572878           
       2.052897             0.00787472484            0.000492399809           
       2.055537             0.00746728004            0.000463410828           
       2.058177             0.00723045304            0.000446549911           
       2.060818             0.00730326124            0.000470144991           
       2.063458             0.00629705223            0.000454936897           
       2.066098             0.00807254848            0.000485907705           
       2.068739             0.00708543399             0.00046230695           
       2.071379             0.00692423547            0.000468936963           
       2.074020             0.00698148988            0.000460638368           
       2.076660              0.0064469944            0.000446232709           
       2.079300             0.00673096747            0.000467126294           
       2.081941               0.007255325            0.000444054617           
       2.084581             0.00735670324             0.00047196721           
       2.087222             0.00754868919            0.000461068205           
       2.089862             0.00701018703             0.00048393043           
       2.092502              0.0073786074            0.000481270443           
       2.095143              0.0082648832            0.000525984946           
       2.097783             0.00788003941            0.000497244532           
       2.100423             0.00786682501            0.000478738961           
       2.103064             0.00683972794            0.000463193863           
       2.105704             0.00775703404            0.000490834085           
       2.108345             0.00834505588            0.000489107157           
       2.110985             0.00732570843            0.000489457385           
       2.113625             0.00832641976             0.00052637182           
       2.116266              0.0072291996            0.000497424191           
       2.118906             0.00671468404            0.000446770398           
       2.121546             0.00796674014            0.000477353075           
       2.124187             0.00776936956              0.0004948275           
       2.126827             0.00772911763             0.00049905234           
       2.129468             0.00693690909            0.000473993143           
       2.132108             0.00675198497            0.000454970945           
       2.134748             0.00687313892            0.000457253718           
       2.137389             0.00687559199            0.000477114326           
       2.140029             0.00723074218            0.000438034713           
       2.142670             0.00703290316            0.000461688412           
       2.145310             0.00680269614            0.000441953837           
       2.147950             0.00729916773            0.000471197979           
       2.150591             0.00716365284            0.000462085858           
       2.153231             0.00708252593            0.000472944586           
       2.155871             0.00753546411             0.00047127912           
       2.158512             0.00732081183            0.000484691896           
       2.161152             0.00644758651            0.000440612854           
       2.163793             0.00767035419            0.000478417128           
       2.166433             0.00818310501            0.000507439142           
       2.169073              0.0077437593            0.000482639318           
       2.171714             0.00660209855            0.000442312307           
       2.174354             0.00695839615            0.000474482826           
       2.176995             0.00670645657            0.000463853907           
       2.179635             0.00729049979            0.000511059255           
       2.182275             0.00793749949            0.000503476786           
       2.184916             0.00811467293            0.000491690521           
       2.187556             0.00747764466            0.000467265706           
       2.190196             0.00737174893            0.000484816572           
       2.192837             0.00748534229            0.000485879585           
       2.195477             0.00721908962            0.000454915393           
       2.198118             0.00745400687            0.000474102548           
       2.200758              0.0072049995            0.000478207122           
       2.203398             0.00707165942            0.000476792281           
       2.206039             0.00658320354            0.000435380487           
       2.208679             0.00681189492            0.000453185192           
       2.211319             0.00792232911            0.000491547088           
       2.213960             0.00686077495            0.000463559471           
       2.216600             0.00657527326            0.000469458176           
       2.219241             0.00705683052            0.000464814823           
       2.221881             0.00707582628            0.000466396975           
       2.224521             0.00759408549            0.000489096236           
       2.227162             0.00841657686            0.000504592167           
       2.229802             0.00681720174            0.000468341371           
       2.232443             0.00717537927            0.000472908583           
       2.235083             0.00737063465            0.000493437788           
       2.237723             0.00760469202            0.000480984927           
       2.240364             0.00734166043            0.000484236254           
       2.243004              0.0073017766            0.000479064242           
       2.245644             0.00693525576            0.000471559127           
       2.248285             0.00783665775             0.00049122654           
       2.250925             0.00698059459            0.000466436766           
       2.253566              0.0074805549            0.000516205087           
       2.256206             0.00730149194            0.000499792158           
       2.258846             0.00706567025            0.000467699748           
       2.261487             0.00628798028            0.000463091561           
       2.264127             0.00786762274            0.000500279986           
       2.266767             0.00775391327            0.000509883755           
       2.269408             0.00772322784            0.000510957695           
       2.272048             0.00641589674            0.000462928669           
       2.274689             0.00834477981            0.000534906493           
       2.277329             0.00677756878             0.00045389714           
       2.279969             0.00641747669             0.00047013754           
       2.282610             0.00748995487            0.000493778655           
       2.285250             0.00733704524            0.000467764126           
       2.287891             0.00775276359            0.000515525953           
       2.290531             0.00605978846            0.000461902368           
       2.293171             0.00702173863            0.000484331886           
       2.295812             0.00679307633            0.000474465615           
       2.298452              0.0071028159             0.00050735052           
       2.301092             0.00742218568             0.00048187222           
       2.303733              0.0081638228            0.000525765349           
       2.306373             0.00732722849            0.000505942584           
       2.309014              0.0073509811            0.000496876193           
       2.311654              0.0077199704            0.000531368197           
       2.314294             0.00733561575            0.000477209233           
       2.316935              0.0071321638            0.000472489066           
       2.319575             0.00714296363            0.000495433861           
       2.322215             0.00750098096            0.000529107079           
       2.324856             0.00698344184            0.000469377262           
       2.327496             0.00716621366            0.000505584443           
       2.330137              0.0071277571            0.000482506601           
       2.332777             0.00682847183            0.000486958719           
       2.335417             0.00688665416            0.000474431149           
       2.338058             0.00686272166             0.00048775371           
       2.340698             0.00692497667            0.000486110723           
       2.343339             0.00788832411            0.000530239204           
       2.345979             0.00657444753            0.000457969697           
       2.348619             0.00678285845            0.000482175616           
       2.351260             0.00735284795            0.000499101591           
       2.353900             0.00656869605            0.000470243505           
       2.356540             0.00782859221            0.000512634852           
       2.359181             0.00730016842            0.000488091293           
       2.361821               0.007101031            0.000465008048           
       2.364462             0.00670700189            0.000472654407           
       2.367102             0.00692934637            0.000493713575           
       2.369742             0.00607905192            0.000486740476           
       2.372383             0.00799716236            0.000505515836           
       2.375023             0.00746044677            0.000513264792           
       2.377663             0.00658292412            0.000460991665           
       2.380304             0.00641794084            0.000462767803           
       2.382944             0.00741697216            0.000473837204           
       2.385585             0.00667499893            0.000479412453           
       2.388225             0.00647745191            0.000470045901           
       2.390865             0.00723232146            0.000491578395           
       2.393506             0.00716805702            0.000480156599           
       2.396146             0.00718023711            0.000519607882           
       2.398787             0.00712464076            0.000477001488           
       2.401427             0.00681191102            0.000450198235           
       2.404067             0.00675614296            0.000458352346           
       2.406708             0.00713828913            0.000465487191           
       2.409348             0.00754837844            0.000507724683           
       2.411988             0.00793036992            0.000509889652           
       2.414629             0.00610673179            0.000461374035           
       2.417269             0.00706552237            0.000502067373           
       2.419910             0.00688825813            0.000496879593           
       2.422550             0.00669618014            0.000468708897           
       2.425190             0.00708275221            0.000508129365           
       2.427831             0.00648619127            0.000483526116           
       2.430471             0.00731145312            0.000489080063           
       2.433112             0.00681966443            0.000459951745           
       2.435752             0.00743430226            0.000508235131           
       2.438392             0.00711613048            0.000479938726           
       2.441033             0.00811582866            0.000543192522           
       2.443673             0.00650744234            0.000486772752           
       2.446313             0.00717909284            0.000511727347           
       2.448954             0.00611030807            0.000449506636           
       2.451594             0.00756969122            0.000537955675           
       2.454235             0.00723971996            0.000493616114           
       2.456875             0.00643410225            0.000486914711           
       2.459515             0.00712452843            0.000525637874           
       2.462156             0.00732376916            0.000503166795           
       2.464796             0.00780951062            0.000512881442           
       2.467436             0.00812854573            0.000541104776           
       2.470077             0.00805144939             0.00051043113           
       2.472717             0.00727533507            0.000487308322           
       2.475358             0.00775793233            0.000508458243           
       2.477998             0.00789430566            0.000504260865           
       2.480638             0.00763194774            0.000504620906           
       2.483279               0.006521681            0.000487539556           
       2.485919             0.00679441777            0.000479579895           
       2.488560             0.00686599787            0.000480752435           
       2.491200             0.00628613999            0.000473682634           
       2.493840             0.00670766496            0.000517750515           
       2.496481             0.00691873495            0.000517231958           
       2.499121             0.00779094652             0.00053386081           
       2.501761             0.00825929147            0.000556955792           
       2.504402             0.00604977323            0.000469707021           
       2.507042              0.0065787894            0.000486184713           
       2.509683             0.00682878121            0.000487765547           
       2.512323             0.00753048742            0.000537951483           
       2.514963             0.00696726872            0.000511050656           
       2.517604             0.00697787612            0.000530697172           
       2.520244             0.00752253492            0.000516582126           
       2.522884             0.00725653711            0.000514622547           
       2.525525              0.0104223432            0.000623746825           
       2.528165             0.00759622724            0.000524205619           
       2.530806             0.00722619856            0.000520190341           
       2.533446             0.00712762363            0.000505602989           
       2.536086              0.0073654405            0.000509368419           
       2.538727             0.00693817715            0.000474276403           
       2.541367             0.00753805602            0.000499224143           
       2.544008             0.00725763582            0.000505895909           
       2.546648             0.00719351641            0.000512295277           
       2.549288             0.00778571816            0.000543825085           
       2.551929             0.00709320806            0.000510802196           
       2.554569             0.00682048394            0.000482561858           
       2.557209             0.00652818026            0.000476443851           
       2.559850              0.0063959412            0.000473107971           
       2.562490             0.00663984475            0.000498218718           
       2.565131             0.00773508816            0.000557554802           
       2.567771             0.00777234626            0.000538859653           
       2.570411             0.00768294269            0.000529954738           
       2.573052              0.0066764853            0.000500246561           
       2.575692             0.00800799306            0.000544545462           
       2.578332             0.00601029813            0.000473709968           
       2.580973              0.0070428578            0.000507910302           
       2.583613             0.00722310517            0.000502121096           
       2.586254             0.00755800034             0.00051291567           
       2.588894             0.00675488961            0.000503544876           
       2.591534             0.00741697979            0.000546212559           
       2.594175             0.00743285913            0.000536478595           
       2.596815             0.00606746257            0.000487563503           
       2.599456             0.00669581998            0.000485705637           
       2.602096             0.00668644682            0.000489059347           
       2.604736             0.00711915926            0.000516602013           
       2.607377             0.00625462033            0.000471458671           
       2.610017             0.00730894225            0.000500729449           
       2.612657              0.0067526203            0.000511930611           
       2.615298             0.00702659516            0.000509843843           
       2.617938             0.00690036328             0.00054048137           
       2.620579             0.00692820866            0.000519902473           
       2.623219             0.00760102474            0.000543785921           
       2.625859             0.00756732931            0.000527539247           
       2.628500             0.00656937495            0.000488303104           
       2.631140             0.00763440062            0.000534509761           
       2.633780             0.00758616806            0.000532355435           
       2.636421             0.00768412603            0.000548957377           
       2.639061             0.00736215856            0.000505837789           
       2.641702             0.00671121005            0.000494138478           
       2.644342             0.00642519949            0.000485554688           
       2.646982             0.00672688698            0.000489395854           
       2.649623             0.00684299859            0.000517274522           
       2.652263             0.00638898507            0.000494804519           
       2.654904             0.00630593817            0.000492072698           
       2.657544             0.00677533131            0.000480421863           
       2.660184             0.00774852179            0.000543715994           
       2.662825             0.00662108967            0.000514266076           
       2.665465             0.00724870157            0.000520419658           
       2.668105             0.00668695958            0.000526858921           
       2.670746             0.00734308037            0.000510024288           
       2.673386             0.00796152118            0.000547307659           
       2.676027             0.00799202296            0.000539554358           
       2.678667              0.0106008797            0.000606340199           
       2.681307              0.0107372342            0.000599583014           
       2.683948              0.0138394477            0.000699398548           
       2.686588              0.0109222854            0.000611025811           
       2.689229              0.0106024271            0.000588261631           
       2.691869              0.0086739649            0.000562355356           
       2.694509             0.00891097076            0.000570299628           
       2.697150             0.00752860676            0.000515696409           
       2.699790             0.00834226011            0.000569098697           
       2.702430             0.00727399493            0.000507967006           
       2.705071              0.0069917123            0.000514602569           
       2.707711             0.00771453179            0.000524643185           
       2.710352             0.00660215991            0.000512829755           
       2.712992             0.00694142807            0.000535564016           
       2.715632             0.00715021072             0.00050431457           
       2.718273              0.0071838498            0.000523882183           
       2.720913             0.00644962359             0.00049497666           
       2.723553             0.00658292995            0.000503420996           
       2.726194             0.00727898437            0.000553363306           
       2.728834             0.00719338111            0.000550357905           
       2.731475             0.00738725931            0.000514731548           
       2.734115             0.00688788905            0.000512455049           
       2.736755             0.00689520667            0.000516947345           
       2.739396             0.00672472753            0.000507558913           
       2.742036             0.00604461685            0.000503615493           
       2.744677             0.00744587671            0.000542335151           
       2.747317             0.00707644073            0.000524939601           
       2.749957             0.00650728195            0.000506919353           
       2.752598             0.00811545082            0.000572246568           
       2.755238             0.00751575522            0.000560638937           
       2.757878             0.00723283079            0.000545176663           
       2.760519              0.0082528396            0.000576176172           
       2.763159              0.0104726295            0.000642568779           
       2.765800             0.00772919081            0.000526071238           
       2.768440             0.00925212419            0.000579810321           
       2.771080             0.00742349443            0.000523696249           
       2.773721             0.00820268181            0.000564695457           
       2.776361             0.00803425398            0.000566578002           
       2.779001             0.00756817924            0.000569475745           
       2.781642             0.00777453573            0.000572933702           
       2.784282              0.0070460065            0.000554398555           
       2.786923             0.00648834862            0.000536691594           
       2.789563             0.00624318709            0.000507037561           
       2.792203             0.00668621221            0.000501256767           
       2.794844             0.00699046069            0.000561729395           
       2.797484              0.0077903419             0.00055964451           
       2.800125             0.00621067447            0.000525427494           
       2.802765             0.00712124408            0.000552948903           
       2.805405             0.00617257264            0.000516544338           
       2.808046             0.00720254632            0.000567787582           
       2.810686             0.00615250628            0.000482202486           
       2.813326              0.0071411817            0.000539620732           
       2.815967             0.00671901521            0.000538309881           
       2.818607             0.00650290218            0.000505366332           
       2.821248             0.00722046536            0.000521463623           
       2.823888             0.00770940078            0.000559319155           
       2.826528             0.00710432885             0.00051998208           
       2.829169             0.00696576072            0.000539314278           
       2.831809             0.00656580652            0.000530724599           
       2.834449                0.00642346            0.000528257493           
       2.837090              0.0064389856            0.000510829182           
       2.839730             0.00613470329            0.000496178731           
       2.842371             0.00708444696            0.000533974702           
       2.845011             0.00584219573            0.000488769153           
       2.847651             0.00738217527             0.00055009914           
       2.850292             0.00625888603            0.000511491896           
       2.852932             0.00701754839            0.000553408738           
       2.855573             0.00688884686            0.000531876654           
       2.858213             0.00611252014            0.000526122982           
       2.860853             0.00748187997            0.000541467891           
       2.863494             0.00621369825            0.000510897763           
       2.866134             0.00621520799            0.000531079403           
       2.868774             0.00665427581             0.00054006368           
       2.871415             0.00750608634            0.000582524203           
       2.874055             0.00781063608            0.000568004528           
       2.876696             0.00675450695            0.000542495845           
       2.879336             0.00815483954            0.000574510153           
       2.881976             0.00671162938            0.000537581342           
       2.884617              0.0078454873            0.000572683393           
       2.887257             0.00726351082            0.000553877589           
       2.889897             0.00611792999            0.000497864639           
       2.892538              0.0069051876            0.000579442838           
       2.895178             0.00635148286            0.000502061073           
       2.897819             0.00763483687            0.000561512881           
       2.900459             0.00739297715            0.000541798588           
       2.903099              0.0068418994            0.000515879327           
       2.905740              0.0063743012            0.000510821703           
       2.908380             0.00682293769            0.000534497307           
       2.911021             0.00705257637            0.000552252714           
       2.913661             0.00721699393            0.000558485624           
       2.916301             0.00736171808            0.000564595462           
       2.918942             0.00633205096            0.000500859751           
       2.921582               0.006588198            0.000534537943           
       2.924222             0.00692114005            0.000530788623           
       2.926863             0.00603953844            0.000516466389           
       2.929503             0.00700575022            0.000562836879           
       2.932144             0.00754070769            0.000560537717           
       2.934784             0.00637294533            0.000506860758           
       2.937424             0.00699200974            0.000536359118           
       2.940065             0.00606133656            0.000476369796           
       2.942705             0.00616340699            0.000479761329           
       2.945346             0.00682466312             0.00053576506           
       2.947986             0.00648414635            0.000532491873           
       2.950626             0.00626614243            0.000520516581           
       2.953267             0.00711019802             0.00054550777           
       2.955907             0.00752847448            0.000582296471           
       2.958547             0.00665820752            0.000516969506           
       2.961188             0.00677531258            0.000544065871           
       2.963828             0.00844219223            0.000594066921           
       2.966469             0.00753263947            0.000550489219           
       2.969109             0.00712591252            0.000543354167           
       2.971749             0.00584495902            0.000489030257           
       2.974390             0.00704098526             0.00052744254           
       2.977030             0.00723462615             0.00054659459           
       2.979670             0.00883124132             0.00058741326           
       2.982311             0.00805476651            0.000581443568           
       2.984951             0.00767030427            0.000539644904           
       2.987592             0.00684907138            0.000520151941           
       2.990232             0.00740212179            0.000562368947           
       2.992872             0.00753723383            0.000534532431           
       2.995513             0.00812747102            0.000543038692           
       2.998153             0.00989434728            0.000609232013           
       3.000794              0.0113245716            0.000631314436           
       3.003434              0.0117695192            0.000644569019           
       3.006074               0.046465122             0.00126276783           
       3.008715               0.118321595             0.00194518265           
       3.011355               0.182945301             0.00233244574           
       3.013995              0.0936732597             0.00167355018           
       3.016636              0.0608485165              0.0013208202           
       3.019276               0.126304587             0.00187056495           
       3.021917               0.467929869             0.00346198201           
       3.024557                1.63738333             0.00636706939           
       3.027197                1.16506076             0.00523624378           
       3.029838               0.512662229             0.00352272085           
       3.032478               0.266121876             0.00254064634           
       3.035118              0.0715205212             0.00133477188           
       3.037759              0.0954803851             0.00154023893           
       3.040399               0.130602743             0.00185817631           
       3.043040               0.522607276             0.00376261205           
       3.045680               0.405569897             0.00311859321           
       3.048320               0.085681764             0.00146459396           
       3.050961               0.105336906             0.00165252885           
       3.053601              0.0836671202             0.00141846016           
       3.056242              0.0547293361             0.00121974734           
       3.058882              0.0477861829             0.00122261714           
       3.061522              0.0358839824             0.00103946868           
       3.064163               0.042307071             0.00111445885           
       3.066803                0.10447017             0.00184371276           
       3.069443               0.101261684             0.00189914322           
       3.072084              0.0562427963              0.0013781882           
       3.074724              0.0397241975             0.00129350175           
       3.077365              0.0874282867             0.00198645633           
       3.080005               0.018419695            0.000916955446           
       3.082645              0.0107207781            0.000734896008           
       3.085286              0.0120052068            0.000783809542           
       3.087926             0.00951199321            0.000692311182           
       3.090566              0.0110899278            0.000732437338           
       3.093207             0.00999175207            0.000723456154           
       3.095847             0.00764171806            0.000606417976           
       3.098488             0.00817259281            0.000695378098           
       3.101128             0.00797234748            0.000691223075           
       3.103768             0.00876581003            0.000711168791           
       3.106409              0.0103834905            0.000823758208           
       3.109049             0.00849006027            0.000714819745           
       3.111690             0.00756143402            0.000663014503           
       3.114330             0.00816837742            0.000703770109           
       3.116970             0.00825620986            0.000712975626           
       3.119611              0.0132476972            0.000961331721           
       3.122251              0.0198090208             0.00122964629           
       3.124891              0.0356433156             0.00166480876           
       3.127532               0.021531455             0.00126584372           
       3.130172              0.0115665605            0.000943812585           
       3.132813              0.0102028877            0.000872661279           
       3.135453             0.00673205307            0.000703016853           
       3.138093             0.00686881586            0.000769442207           
       3.140734             0.00696838155            0.000714996057           
       3.143374             0.00541358301            0.000666466647           
       3.146014             0.00521394163            0.000704127868           
       3.148655             0.00657713333            0.000735155872           
       3.151295             0.00652781825             0.00078048093           
       3.153936             0.00573546414            0.000706685405           
       3.156576             0.00659774368            0.000747638613           
       3.159216             0.00624405244            0.000730960844           
       3.161857             0.00633603955            0.000733328718           
       3.164497             0.00802919734            0.000867380096           
       3.167138             0.00819738752            0.000905553338           
       3.169778             0.00771558453            0.000864050078           
       3.172418              0.0060638259            0.000758206949           
       3.175059             0.00758950058            0.000752004564           
       3.177699             0.00575285107            0.000693308609           
       3.180339             0.00680156876             0.00080770044           
       3.182980             0.00634951928            0.000806852324           
       3.185620             0.00595771358            0.000795954375           
       3.188261             0.00551839624            0.000779716297           
       3.190901             0.00568710355            0.000727991887           
       3.193541             0.00718892789            0.000860034916           
       3.196182             0.00491791097            0.000741313407           
       3.198822             0.00525793442            0.000766769177           
       3.201463             0.00473685128            0.000715244375           
       3.204103             0.00770237244            0.000906507628           
       3.206743             0.00543762281            0.000761593064           
       3.209384             0.00460679132             0.00075737011           
       3.212024               0.006266397            0.000823530864           
       3.214664             0.00588438964            0.000907478869           
       3.217305             0.00579806529            0.000856270612           
       3.219945             0.00601754465            0.000897849296           
       3.222586             0.00680204391            0.000909224041           
       3.225226             0.00418515263             0.00079117613           
       3.227866             0.00586411814            0.000855973467           
       3.230507             0.00603176383            0.000899903982           
       3.233147             0.00709218677            0.000983686869           
       3.235787             0.00626045193            0.000945811215           
       3.238428             0.00480164472            0.000893858973           
       3.241068             0.00536655389            0.000883601472           
       3.243709             0.00557844594            0.000930748649           
       3.246349             0.00529380933            0.000826534607           
       3.248989             0.00503451476            0.000951751795           
       3.251630             0.00616459345              0.0010141708           
       3.254270             0.00746211518            0.000997230671           
       3.256911             0.00491727301            0.000883274593           
       3.259551             0.00534212281            0.000991152599           
       3.262191             0.00516771777            0.000995749553           
       3.264832             0.00625727164             0.00114484648           
       3.267472             0.00552405894             0.00100910537           
       3.270112              0.0069246479             0.00124858633           
       3.272753              0.0056544468             0.00103273661           
       3.275393             0.00510730156             0.00100147183           
       3.278034             0.00606304958             0.00109177461           
       3.280674             0.00485341648             0.00105997719           
       3.283314             0.00500857033            0.000963028729           
       3.285955             0.00493239845            0.000986049498           
       3.288595             0.00662594423             0.00127147599           
       3.291235             0.00538983778             0.00117885835           
       3.293876             0.00368089855            0.000988205037           
       3.296516             0.00390327546            0.000976936012           
       3.299157             0.00836670041             0.00141233292           
       3.301797             0.00777486509             0.00155300216           
       3.304437             0.00534764938             0.00111587609           
       3.307078             0.00591647395             0.00129292929           
       3.309718             0.00843545393             0.00159350278           
       3.312359             0.00845575891             0.00159579848           
       3.314999             0.00612314062             0.00133702858           
       3.317639             0.00563387278             0.00122655286           
       3.320280              0.0050978642             0.00124049338           
       3.322920             0.00591417933             0.00135861476           
       3.325560             0.00343550255             0.00103618947           
       3.328201             0.00529926257             0.00115902712           
       3.330841             0.00593286559             0.00149255732           
       3.333482             0.00804658486             0.00164301627           
       3.336122             0.00500608731             0.00129653685           
       3.338762             0.00533821434             0.00154658529           
       3.341403             0.00404565762              0.0012865282           
       3.344043             0.00487953639             0.00135650866           
       3.346683             0.00667694724             0.00161999371           
       3.349324             0.00800770004             0.00199467284           
       3.351964             0.00497432096             0.00166245438           
       3.354605             0.00582451124             0.00205734341           
       3.357245             0.00466176156             0.00166038894           
       3.359885             0.00606209755             0.00151541589           
       3.362526             0.00644266328             0.00195367053           
       3.365166             0.00898335328             0.00217589874           
       3.367807              0.0043153546             0.00193005057           
       3.370447             0.00533468801             0.00178007615           
       3.373087             0.00269170458             0.00135215046           
       3.375728             0.00520553787             0.00212218558           
       3.378368             0.00568918317              0.0032926488           
       3.381008              0.0042479516             0.00212123297           
       3.383649           -2.54918028e-05                         0           
       3.386289             0.00761229032             0.00269600852           
       3.388930              0.0143746197              0.0058601008           
       3.391570             0.00689479685             0.00287097975           
       3.394210             0.00191562622             0.00191511451           
       3.396851             0.00476378795             0.00337823119           
       3.399491             0.00463963494             0.00333485652           
       3.402131             0.00473823494             0.00476804156           
       3.404772              0.0093668412             0.00948305116           
       3.407412                       nan                       nan           
       3.410053              0.0179925726              0.0131592859           
       3.412693                       nan                       nan           
       3.415333             0.00872744628             0.00917368561           
