################################################################################
# EDF_DataBlockID                     0.Image.Psd
# EDF_BinarySize                      4366944
# EDF_HeaderSize                      2560
# ByteOrder                           LowByteFirst
# DataType                            FloatValue
# Dim_1                               1028
# Dim_2                               1062
# Image                               0
# HeaderID                            EH:000000:000000:000000
# Size                                4366944
# Center_1                            607.5200
# Center_2                            651.5500
# Comment                             Xenocs_Cell_Window - 20251028_20perc_iodine_1.23mg
# DDummy                              0.6
# Date                                2025-11-01T23:33:00
# Delta                               0
# Dummy                               -1.5
# ExposureTime                        360
# Gamma                               0
# Intensity1                          8.73353e-10
# PSize_1                             7.5e-05
# PSize_2                             7.5e-05
# Pressure                            0.0326767
# SampleDistance                      0.450002
# SampleEnvKind                       large
# SampleEnvPN                         ElectroChemical cell
# SampleEnvSN                         1141
# Thickness                           0
# Wavelength                          1.541891e-10
# Wavelength                          1.54189e-10
# aux                                 0
# aux_dial                            0.002375
# beamx                               588.434
# beamx_dial                          588.434
# beamz                               657.808
# beamz_dial                          657.808
# det0x                               0
# det0x_dial                          6.36945
# det0xvd                             0
# det0xvd_dial                        0
# det0y                               450.002
# det0y_dial                          481.635
# det0z                               0
# det0z_dial                          1.23302
# det0zvd                             0
# det0zvd_dial                        0
# mag                                 1.818
# mag_dial                            1.818
# om                                  0.2499
# om_dial                             -0.610199
# phi                                 -0.0120535
# phi_dial                            0
# ry                                  0.599993
# ry_dial                             0.599993
# s1bot                               0.8
# s1bot_dial                          -1.66094
# s1hl                                0.8
# s1hl_dial                           -0.608437
# s1hr                                0.8
# s1hr_dial                           0.970938
# s1top                               0.8
# s1top_dial                          -0.461562
# s2bot                               0.45
# s2bot_dial                          1.36109
# s2hl                                0.45
# s2hl_dial                           -0.83375
# s2hr                                0.45
# s2hr_dial                           -0.118594
# s2top                               0.45
# s2top_dial                          1.44734
# w2theta                             32
# w2theta_dial                        32
# waxsch                              19.2605
# waxsch_dial                         -32.7355
# waxsh                               137.085
# waxsh_dial                          -43.5338
# waxsth                              26.0607
# waxsth_dial                         -19.4086
# waxsz                               67.0407
# waxsz_dial                          -23.7954
# wind                                65.9854
# wind_dial                           66.0041
# wpsi                                124
# wpsi_dial                           124
# wstod                               115
# wstod_dial                          115
# x                                   0
# x_dial                              1.00969
# z                                   0
# z_dial                              13.3172
# CountCutoff                         15302352
# DetectorModel                       Dectris EIGER2 Si 1M, S/N E-02-0362
# ThresholdSetting                    4023.88989258
# Saturation                          0
# FlatField                           Corrected
# BackgroundReductionExtra            0.02
# BackgroundCorrectionConstant        0.0026712
# Detector                            0
# Monitor                             0
# Pil_Roi0                            0
# SumForIntensity1                    3.14407e+08
# TransmittedFlux                     873353
# det                                 0
# mon                                 0
# pilai0                              3.14407e+08
# pilai1                              792257
# pilct0                              5.43383e+08
# pilct1                              792257
# pilroi0                             0
# pilroi1                             0
# sec                                 1
# title                               20251028_20perc_iodine_1.23mg_0_00956.edf
# usaxs0                              0
# Operation                           Azimuthal average I(q)
# Error_model                         ErrorModel.poisson
# Geometrical_correction              True
# Transmission_correction             True
# Thickness_correction                False
# Binning mode                        Uniform
# Binning factor                      1.0
# Psi                                 0.0
# Omega                               0.2499
# MaskInvalidPixels                   True
# DetectorEdge                        3
# MaskFiles                           ['20251028_20perc_iodine_1.23mg_0_00012_mask.edf']
################################################################################
    q(A⁻¹)                Intensity(a.u.)            Sigma_I(a.u.)            
       0.000340                372157.284                119.181724           
       0.001019                359263.826                71.7081955           
       0.001698                 349643.18                50.0218347           
       0.002377                330818.233                43.5197958           
       0.003056                307944.012                35.4865734           
       0.003735                253616.345                28.4017211           
       0.004415                204542.685                25.5063385           
       0.005094                 152473.22                19.0714486           
       0.005773                 100379.45                14.3263665           
       0.006452                58312.6716                 10.462233           
       0.007131                32202.4417                7.53174721           
       0.007810                16252.6266                 5.3100427           
       0.008490                8205.44322                 3.3444122           
       0.009169                3998.33827                2.30727417           
       0.009848                1226.09615                1.23531374           
       0.010527                473.203316               0.767430682           
       0.011206                118.462995               0.366471438           
       0.011885                54.4340914               0.230808785           
       0.012564                24.6583042                0.15948881           
       0.013244                16.9450375                0.12360324           
       0.013923                12.4871359               0.107817602           
       0.014602                9.18610067                0.08576474           
       0.015281                7.58600455               0.079337516           
       0.015960                6.01173924               0.070120991           
       0.016639                 4.8093847               0.059225312           
       0.017319                3.97199303              0.0529858144           
       0.017998                 3.3450967              0.0465190757           
       0.018677                2.87241355              0.0446473175           
       0.019356                2.45555008              0.0407892191           
       0.020035                2.18570623              0.0361044012           
       0.020714                 1.8040013              0.0331478152           
       0.021394                1.59088765              0.0294527664           
       0.022073                1.43548788              0.0291082076           
       0.022752                1.25712745              0.0260578679           
       0.023431                1.08203146              0.0234663997           
       0.024110               0.998914255              0.0235070068           
       0.024789               0.872333325              0.0204011504           
       0.025469               0.795906904              0.0200815223           
       0.026148               0.736010443               0.018144392           
       0.026827               0.672562882              0.0176222655           
       0.027506               0.616231635               0.017111391           
       0.028185               0.546606948              0.0153687026           
       0.028864               0.495012319              0.0145433329           
       0.029544               0.466003624              0.0136834734           
       0.030223               0.422028833              0.0132085795           
       0.030902               0.401664182              0.0130038765           
       0.031581               0.357811021              0.0116672947           
       0.032260               0.341379936              0.0115904397           
       0.032939               0.322636479              0.0108645776           
       0.033619               0.290960895              0.0104691082           
       0.034298               0.273727461             0.00988181551           
       0.034977               0.251922895             0.00929376301           
       0.035656               0.241454209             0.00933941574           
       0.036335               0.210255383             0.00845262303           
       0.037014               0.194216553             0.00814806671           
       0.037693               0.192141209             0.00779634124           
       0.038373               0.168201119             0.00736607528           
       0.039052               0.177511675             0.00759939544           
       0.039731               0.166688891             0.00719247058           
       0.040410               0.158981184             0.00697711825           
       0.041089               0.153629931             0.00675125297           
       0.041768               0.139743124             0.00647254025           
       0.042448               0.119871407             0.00594818233           
       0.043127               0.131114876             0.00607396453           
       0.043806                0.12899961             0.00606969194           
       0.044485               0.124468896             0.00583966714           
       0.045164               0.104511822             0.00545653162           
       0.045843               0.114492899             0.00547768139           
       0.046523               0.110538687             0.00540084533           
       0.047202               0.101441035             0.00520997515           
       0.047881                0.10293648              0.0051470289           
       0.048560              0.0895958704             0.00484569978           
       0.049239              0.0919926611             0.00471456864           
       0.049918              0.0867365622             0.00466739497           
       0.050598              0.0881664564             0.00463510929           
       0.051277              0.0943629843             0.00478001027           
       0.051956              0.0826794056             0.00444621905           
       0.052635               0.084215083             0.00439209056           
       0.053314              0.0839353384             0.00451298788           
       0.053993              0.0828286281             0.00436017693           
       0.054673              0.0778254495             0.00413229374           
       0.055352              0.0745296241              0.0041032463           
       0.056031              0.0793746776             0.00414554602           
       0.056710              0.0766711988             0.00417417772           
       0.057389              0.0713476715             0.00388295046           
       0.058068              0.0689251688              0.0038558027           
       0.058748              0.0665228308             0.00383526323           
       0.059427              0.0674598352             0.00379678933           
       0.060106              0.0707202109             0.00392425071           
       0.060785              0.0564704736             0.00340160814           
       0.061464              0.0615973817             0.00363830104           
       0.062143              0.0635786897             0.00365880342           
       0.062822              0.0605171269             0.00352773501           
       0.063502              0.0562382176             0.00339465752           
       0.064181               0.049771189             0.00315979394           
       0.064860              0.0515120571             0.00326354108           
       0.065539              0.0569933868             0.00339921972           
       0.066218              0.0502366536             0.00312303846           
       0.066897              0.0505823251             0.00315795623           
       0.067577              0.0529700025             0.00326267753           
       0.068256              0.0472789677             0.00315814794           
       0.068935              0.0481853793             0.00313672486           
       0.069614              0.0485838346             0.00318102161           
       0.070293              0.0449644299             0.00308845724           
       0.070972              0.0466486706             0.00312273509           
       0.071652              0.0420423108             0.00296998775           
       0.072331               0.042293851             0.00292576897           
       0.073010               0.042803123             0.00301058346           
       0.073689              0.0390076526             0.00285821412           
       0.074368              0.0434968615             0.00301271641           
       0.075047              0.0376276237             0.00277197577           
       0.075727              0.0455893789             0.00303233491           
       0.076406              0.0361774812             0.00275514438           
       0.077085              0.0406237029             0.00286498121           
       0.077764              0.0389283801             0.00279473567           
       0.078443              0.0379979145             0.00277822903           
       0.079122              0.0331326794             0.00256935525           
       0.079802              0.0401226994             0.00285741139           
       0.080481              0.0355434854             0.00259869551           
       0.081160              0.0386508009             0.00276551604           
       0.081839              0.0417862696             0.00282946676           
       0.082518              0.0355240215             0.00261104564           
       0.083197              0.0359225963             0.00258485554           
       0.083876              0.0385101118             0.00263185952           
       0.084556              0.0311764494             0.00243389564           
       0.085235              0.0330650814             0.00245810575           
       0.085914              0.0320738944             0.00244450029           
       0.086593              0.0340814008             0.00250362213           
       0.087272              0.0307790759             0.00234560665           
       0.087951              0.0350026943             0.00255787454           
       0.088631              0.0357089731             0.00249555475           
       0.089310              0.0329292638             0.00244728324           
       0.089989              0.0323232641             0.00239631356           
       0.090668               0.035459304             0.00253757396           
       0.091347              0.0301687989               0.002353734           
       0.092026              0.0306254004             0.00226675023           
       0.092706              0.0312226213             0.00237182017           
       0.093385              0.0316016144             0.00234952903           
       0.094064              0.0266642649             0.00218331484           
       0.094743              0.0284961257             0.00222267139           
       0.095422              0.0335717219             0.00238560809           
       0.096101                0.02897863             0.00226206341           
       0.096781              0.0293584281             0.00224423803           
       0.097460              0.0286060619             0.00215486474           
       0.098139              0.0275876908             0.00209987787           
       0.098818              0.0267163988             0.00204100395           
       0.099497              0.0313553471              0.0022156515           
       0.100176              0.0300267713              0.0021112979           
       0.100856              0.0274787399             0.00201843709           
       0.101535              0.0260205079             0.00196036207           
       0.102214              0.0241539484             0.00188875298           
       0.102893               0.029594591              0.0020668578           
       0.103572              0.0314435275              0.0020989709           
       0.104251              0.0252749202             0.00188880494           
       0.104931                0.02745615             0.00195069822           
       0.105610              0.0272744524             0.00195252637           
       0.106289              0.0271932091             0.00191717142           
       0.106968              0.0259653779             0.00187894912           
       0.107647              0.0286139803             0.00197363761           
       0.108326              0.0267885466             0.00188409893           
       0.109005              0.0265057773             0.00186233716           
       0.109685              0.0276158549             0.00187961232           
       0.110364              0.0222865814             0.00170771603           
       0.111043              0.0236593051             0.00175254648           
       0.111722              0.0278775829             0.00187912266           
       0.112401              0.0226711692             0.00169930196           
       0.113080              0.0242389558             0.00173694082           
       0.113760               0.023940697             0.00175505383           
       0.114439              0.0230454325              0.0016973511           
       0.115118              0.0222032885             0.00165348709           
       0.115797              0.0204993233             0.00160349181           
       0.116476              0.0255759138              0.0017642629           
       0.117155              0.0230063836             0.00168678839           
       0.117835              0.0251827584             0.00172968665           
       0.118514              0.0233874087             0.00168802489           
       0.119193              0.0268008264             0.00180702856           
       0.119872              0.0260667945             0.00175982326           
       0.120551              0.0219485856             0.00160407975           
       0.121230              0.0223958583             0.00160403545           
       0.121910              0.0218877511             0.00160106094           
       0.122589              0.0233503901             0.00165539505           
       0.123268              0.0246973229             0.00166948767           
       0.123947              0.0235447959             0.00164061032           
       0.124626              0.0248867606             0.00166609354           
       0.125305              0.0218504439             0.00156881354           
       0.125985              0.0213826473             0.00153988714           
       0.126664              0.0222549566             0.00155601894           
       0.127343              0.0205874829             0.00151393844           
       0.128022              0.0209134702             0.00151417393           
       0.128701              0.0209090719             0.00150612789           
       0.129380               0.022373266             0.00153845743           
       0.130059              0.0197209959             0.00144774684           
       0.130739              0.0212100542              0.0015119676           
       0.131418              0.0234512304             0.00158539247           
       0.132097              0.0210771092             0.00148372608           
       0.132776              0.0205698492             0.00145914557           
       0.133455               0.018983549             0.00141264433           
       0.134134              0.0194889302             0.00142676643           
       0.134814              0.0216698653             0.00148898021           
       0.135493              0.0204970008             0.00145398525           
       0.136172               0.021189652             0.00146718807           
       0.136851              0.0221745012             0.00150962578           
       0.137530              0.0186535212              0.0013516994           
       0.138209              0.0215452021             0.00146975227           
       0.138889              0.0194959731              0.0014042728           
       0.139568              0.0213728167             0.00146967791           
       0.140247                0.01780699             0.00133972922           
       0.140926              0.0223001591             0.00145638777           
       0.141605              0.0183701815             0.00135542506           
       0.142284              0.0217273946             0.00144965869           
       0.142964              0.0184662293             0.00134155649           
       0.143643              0.0186268965             0.00134567793           
       0.144322              0.0191466394               0.001335774           
       0.145001               0.018280659              0.0013320078           
       0.145680              0.0196464956             0.00134820259           
       0.146359              0.0184022122             0.00130958402           
       0.147039               0.017383065             0.00128328283           
       0.147718              0.0221035572             0.00142319402           
       0.148397              0.0174347622             0.00128362389           
       0.149076              0.0163207362             0.00120341027           
       0.149755              0.0175993932             0.00126895791           
       0.150434              0.0214585827             0.00140176789           
       0.151114              0.0184163492             0.00129142315           
       0.151793              0.0194148461             0.00132598251           
       0.152472               0.018473275             0.00127058223           
       0.153151              0.0199661691             0.00133369565           
       0.153830              0.0201219005             0.00132913193           
       0.154509              0.0191902982             0.00129258363           
       0.155188              0.0181033056              0.0012549782           
       0.155868              0.0184625042             0.00125834873           
       0.156547              0.0184446739             0.00126582009           
       0.157226              0.0201128204             0.00128953714           
       0.157905              0.0176740146             0.00121898294           
       0.158584              0.0187673455             0.00125383888           
       0.159263              0.0196712694             0.00128840244           
       0.159943              0.0195223743             0.00128447438           
       0.160622              0.0161050928             0.00114413574           
       0.161301              0.0171286548             0.00119571552           
       0.161980              0.0169492198             0.00116921484           
       0.162659              0.0179667393             0.00121714204           
       0.163338              0.0174611436             0.00119011439           
       0.164018              0.0178968782             0.00119854841           
       0.164697              0.0171259826             0.00118750564           
       0.165376              0.0188066179             0.00121722058           
       0.166055              0.0185312343              0.0012162445           
       0.166734              0.0193068537             0.00123587532           
       0.167413              0.0187728163             0.00121951624           
       0.168093                0.01727032             0.00118076069           
       0.168772              0.0203747202             0.00124499382           
       0.169451              0.0158559816             0.00111849903           
       0.170130              0.0174996514             0.00115961674           
       0.170809               0.016514279             0.00113993941           
       0.171488              0.0157470923             0.00110299849           
       0.172168               0.015743652             0.00109228294           
       0.172847              0.0157020549             0.00110516822           
       0.173526              0.0160111321             0.00109470293           
       0.174205              0.0172866732             0.00114271132           
       0.174884              0.0165829878             0.00111337915           
       0.175563              0.0165026041             0.00111541957           
       0.176243                0.01767168             0.00116580422           
       0.176922              0.0179334377             0.00114380161           
       0.177601              0.0181772514             0.00116420592           
       0.178280              0.0168217193             0.00110745411           
       0.178959              0.0173161522             0.00113264925           
       0.179638              0.0148468711             0.00104576662           
       0.180317              0.0159406882             0.00107571058           
       0.180997              0.0159052749             0.00108034727           
       0.181676              0.0177121604             0.00112788892           
       0.182355              0.0180814668             0.00114643102           
       0.183034               0.016507729             0.00107782472           
       0.183713              0.0149822093             0.00103932051           
       0.184392              0.0168512808             0.00110191129           
       0.185072              0.0161486183             0.00106639954           
       0.185751              0.0171655956             0.00110252442           
       0.186430              0.0174965453             0.00110530569           
       0.187109              0.0172897229             0.00111099005           
       0.187788              0.0173018852             0.00110864077           
       0.188467              0.0157734685             0.00104601422           
       0.189147              0.0172276227             0.00110423779           
       0.189826              0.0175883249             0.00109600746           
       0.190505              0.0159039713             0.00105936334           
       0.191184              0.0170214396             0.00108015373           
       0.191863              0.0150248042             0.00101696451           
       0.192542              0.0171425929             0.00109651847           
       0.193222              0.0171766804             0.00107301054           
       0.193901              0.0172106807             0.00108846841           
       0.194580              0.0179499465             0.00109215496           
       0.195259               0.016934486              0.0010729959           
       0.195938              0.0163446898             0.00105666161           
       0.196617              0.0170180394             0.00106315722           
       0.197297              0.0175783945             0.00108493071           
       0.197976               0.015093506             0.00098988505           
       0.198655              0.0167362207             0.00105374711           
       0.199334              0.0161034944             0.00102452099           
       0.200013              0.0170716005             0.00105428262           
       0.200692              0.0154372952             0.00100857914           
       0.201371              0.0160374179             0.00101641894           
       0.202051              0.0176246478              0.0010688437           
       0.202730              0.0152306946            0.000983681134           
       0.203409              0.0160416549             0.00101630643           
       0.204088              0.0134495879            0.000929552547           
       0.204767              0.0162801279             0.00101732507           
       0.205446              0.0156657747            0.000999895482           
       0.206126              0.0160248014            0.000997548822           
       0.206805              0.0149603225            0.000981517179           
       0.207484              0.0165563652             0.00101398455           
       0.208163              0.0153992788            0.000983786675           
       0.208842              0.0153059831            0.000978144238           
       0.209521              0.0159791757            0.000991117458           
       0.210201              0.0138442493            0.000932829327           
       0.210880              0.0175184072             0.00102874536           
       0.211559              0.0145454403            0.000951257477           
       0.212238              0.0167826451             0.00101659811           
       0.212917              0.0172206959              0.0010259539           
       0.213596              0.0169433488             0.00102367593           
       0.214276               0.015038129            0.000944313732           
       0.214955               0.016751164             0.00101760704           
       0.215634              0.0150862645            0.000958792651           
       0.216313              0.0155366594            0.000970956444           
       0.216992              0.0156613707            0.000974601408           
       0.217671              0.0176965627             0.00102897514           
       0.218351              0.0135374402            0.000908773231           
       0.219030              0.0154499299            0.000955521816           
       0.219709              0.0162485654            0.000986019424           
       0.220388              0.0148439206            0.000941226151           
       0.221067              0.0157129196             0.00096915289           
       0.221746              0.0144160918            0.000927347552           
       0.222426              0.0151330438            0.000935927984           
       0.223105              0.0165163301            0.000991089177           
       0.223784              0.0171827568             0.00100085929           
       0.224463              0.0149725122            0.000941713541           
       0.225142              0.0161569373            0.000962774173           
       0.225821              0.0154139828            0.000944165632           
       0.226500              0.0155464868            0.000954244228           
       0.227180              0.0152317859            0.000929984885           
       0.227859              0.0157271512            0.000949225647           
       0.228538              0.0149464205             0.00091607289           
       0.229217              0.0162790034            0.000963605938           
       0.229896               0.014445616            0.000907286529           
       0.230575              0.0133757827             0.00085912689           
       0.231255              0.0144574237            0.000906561177           
       0.231934              0.0154959376            0.000932144682           
       0.232613               0.015954628            0.000949329727           
       0.233292              0.0154268484            0.000924476456           
       0.233971              0.0170552878            0.000971592274           
       0.234650              0.0134570071            0.000873187089           
       0.235330              0.0151117418             0.00091723638           
       0.236009               0.014709158            0.000902985497           
       0.236688               0.015155718             0.00091330981           
       0.237367              0.0138528746            0.000874440239           
       0.238046               0.014721992            0.000907802269           
       0.238725              0.0140562826            0.000873354925           
       0.239405              0.0143926835            0.000889223957           
       0.240084              0.0151940305            0.000907825763           
       0.240763              0.0143848618            0.000891779672           
       0.241442              0.0140278245            0.000868234328           
       0.242121               0.015705172            0.000920411724           
       0.242800               0.015752154            0.000926151328           
       0.243480              0.0135918762            0.000856275303           
       0.244159              0.0142623796            0.000877566021           
       0.244838              0.0137807297            0.000848426646           
       0.245517              0.0151105049            0.000901198212           
       0.246196              0.0150711875            0.000900458971           
       0.246875              0.0155876785             0.00090299292           
       0.247554              0.0155175444            0.000910115846           
       0.248234              0.0140208578            0.000851994462           
       0.248913              0.0140216189            0.000861574765           
       0.249592              0.0131727788            0.000827153324           
       0.250271              0.0134593849            0.000833675478           
       0.250950              0.0133264972            0.000834630593           
       0.251629              0.0145424162            0.000864465291           
       0.252309              0.0142293149            0.000856844096           
       0.252988              0.0154344843            0.000877020569           
       0.253667              0.0150469338            0.000876057351           
       0.254346              0.0143628004            0.000855733858           
       0.255025              0.0122109015            0.000787300688           
       0.255704              0.0133026887            0.000817980228           
       0.256384               0.013363694            0.000817017372           
       0.257063               0.012303432            0.000788406585           
       0.257742              0.0151263439             0.00086812941           
       0.258421              0.0138111912            0.000827935092           
       0.259100               0.012238921            0.000780744567           
       0.259779              0.0132387173            0.000811319757           
       0.260459              0.0134696595            0.000819972772           
       0.261138              0.0131230357            0.000793536889           
       0.261817              0.0127123446             0.00079678672           
       0.262496              0.0124067707             0.00077943236           
       0.263175              0.0124223686            0.000781597335           
       0.263854              0.0124306851            0.000778226467           
       0.264534              0.0129895637            0.000788734068           
       0.265213               0.013021161            0.000802137425           
       0.265892              0.0129360747              0.0007892692           
       0.266571              0.0130644942            0.000791373403           
       0.267250              0.0126198803            0.000779100984           
       0.267929              0.0130741655            0.000792186757           
       0.268609               0.012917105            0.000791725422           
       0.269288              0.0123920819            0.000762586194           
       0.269967              0.0114813103            0.000741936453           
       0.270646              0.0133589016            0.000796846961           
       0.271325              0.0125058659            0.000772273567           
       0.272004              0.0119727859            0.000748102268           
       0.272683              0.0136970982            0.000801150179           
       0.273363              0.0117767737            0.000747607924           
       0.274042               0.013657921             0.00080035585           
       0.274721              0.0122757212            0.000758327446           
       0.275400              0.0131696703            0.000780253417           
       0.276079              0.0117329133            0.000740645189           
       0.276758              0.0112483187            0.000734340384           
       0.277438              0.0128765045            0.000776872947           
       0.278117              0.0112811675            0.000740379105           
       0.278796               0.011193219              0.0007300017           
       0.279475              0.0134460613            0.000813316554           
       0.280154              0.0110021344            0.000725117126           
       0.280833              0.0112383427            0.000737316406           
       0.281513              0.0133820079            0.000817191818           
       0.282192              0.0136837691            0.000812256318           
       0.282871              0.0126716698             0.00078710262           
       0.283550              0.0124865196            0.000785518266           
       0.284229              0.0107347898            0.000739034341           
       0.284908              0.0111889192            0.000762462941           
       0.285588              0.0112941357            0.000757069133           
       0.286267               0.011188908            0.000765599467           
       0.286946              0.0106609639            0.000742459106           
       0.287625              0.0118656463            0.000796622118           
       0.288304              0.0101829676            0.000728101191           
       0.288983              0.0104613205            0.000747331061           
       0.289663              0.0101601838            0.000740806887           
       0.290342              0.0109520633            0.000765040125           
       0.291021               0.011337411            0.000782576242           
       0.291700              0.0110711547            0.000763229854           
       0.292379              0.0108890255             0.00077425657           
       0.293058              0.0102721658            0.000749165599           
       0.293738             0.00961964197            0.000718892445           
       0.294417              0.0100190766            0.000742193415           
       0.295096               0.011084971             0.00077209326           
       0.295775              0.0126607992            0.000837751913           
       0.296454             0.00977985913            0.000726770305           
       0.297133              0.0109036322            0.000771021116           
       0.297812              0.0107365352            0.000768927705           
       0.298492             0.00902589385            0.000706377458           
       0.299171              0.0108013989            0.000771275086           
       0.299850             0.00993337639            0.000734584825           
       0.300529             0.00978326586            0.000737225222           
       0.301208             0.00878369532            0.000700248851           
       0.301887             0.00893221555            0.000705305032           
       0.302567              0.0104788632            0.000760105553           
       0.303246              0.0102797454            0.000757764418           
       0.303925             0.00901938718            0.000718906295           
       0.304604              0.0105884387            0.000762112958           
       0.305283             0.00882946654            0.000706259686           
       0.305962              0.0101339625            0.000752064755           
       0.306642             0.00845468221            0.000696262315           
       0.307321             0.00867866093            0.000703172049           
       0.308000             0.00941552194            0.000723733852           
       0.308679             0.00843890655            0.000700010085           
       0.309358             0.00955966353            0.000734966709           
       0.310037              0.0094450481             0.00073217519           
       0.310717             0.00868828395            0.000701555256           
       0.311396             0.00950440841            0.000738686836           
       0.312075              0.0105699512            0.000788872897           
       0.312754             0.00878968938            0.000704986708           
       0.313433             0.00911426073            0.000724128516           
       0.314112             0.00857954029            0.000702404418           
       0.314792             0.00777460429             0.00067336488           
       0.315471             0.00889767863            0.000711451726           
       0.316150             0.00912938141            0.000727325177           
       0.316829             0.00860346888             0.00071072764           
       0.317508             0.00955756466            0.000740694591           
       0.318187             0.00968323749              0.0007553834           
       0.318866              0.0086876528            0.000705859381           
       0.319546             0.00919358906            0.000737006212           
       0.320225             0.00953228623            0.000750473968           
       0.320904             0.00763810074            0.000661397024           
       0.321583             0.00942892305            0.000751045469           
       0.322262             0.00982444366            0.000755016833           
       0.322941             0.00759225791            0.000672228338           
       0.323621             0.00821298312            0.000694901563           
       0.324300              0.0082265299             0.00069601952           
       0.324979             0.00665299889            0.000627055887           
       0.325658             0.00888243239            0.000725856296           
       0.326337             0.00848143578            0.000710208528           
       0.327016              0.0085302265            0.000707726585           
       0.327696             0.00771848074            0.000680698195           
       0.328375             0.00852196765            0.000709215698           
       0.329054             0.00731607177            0.000660688126           
       0.329733             0.00882396706            0.000728236766           
       0.330412             0.00701410282            0.000643952233           
       0.331091             0.00880619175            0.000734630454           
       0.331771             0.00943894866            0.000740636276           
       0.332450             0.00698843326            0.000649657097           
       0.333129             0.00695817577            0.000646576443           
       0.333808             0.00667929375             0.00063432391           
       0.334487             0.00784103419            0.000690536669           
       0.335166             0.00647370283            0.000618263283           
       0.335846             0.00744061098            0.000674476828           
       0.336525             0.00687236754            0.000641810479           
       0.337204              0.0078111167            0.000686036544           
       0.337883             0.00687551023            0.000644493362           
       0.338562             0.00689410604            0.000648945674           
       0.339241             0.00606470323            0.000609799659           
       0.339921              0.0067960146            0.000634694471           
       0.340600             0.00564933435            0.000589666325           
       0.341279             0.00758486151            0.000675936461           
       0.341958             0.00705591157            0.000661139244           
       0.342637             0.00660407434            0.000630584441           
       0.343316             0.00725741294            0.000662954557           
       0.343995             0.00667173025            0.000646049353           
       0.344675             0.00789209489            0.000689742536           
       0.345354             0.00651126373            0.000630636065           
       0.346033             0.00698047607            0.000651261034           
       0.346712             0.00682400225            0.000648029088           
       0.347391             0.00665476576            0.000643905413           
       0.348070             0.00668986258            0.000636432654           
       0.348750             0.00634798532            0.000628915415           
       0.349429             0.00751401291            0.000675409376           
       0.350108             0.00652553999            0.000636992348           
       0.350787             0.00630195924            0.000615350028           
       0.351466             0.00592737855            0.000607775504           
       0.352145             0.00703667089            0.000662759131           
       0.352825             0.00809475444            0.000707623618           
       0.353504             0.00574636411            0.000596060759           
       0.354183             0.00650802076            0.000627026399           
       0.354862             0.00550818601            0.000590258212           
       0.355541             0.00565409726            0.000590193031           
       0.356220             0.00635621711            0.000626947775           
       0.356900             0.00536126525             0.00058126115           
       0.357579             0.00692545146            0.000652534534           
       0.358258             0.00611808733            0.000621807673           
       0.358937             0.00492404023            0.000547351624           
       0.359616             0.00512616301            0.000566271214           
       0.360295             0.00588819642            0.000607408786           
       0.360975             0.00521283177            0.000569069649           
       0.361654             0.00646121598            0.000636823308           
       0.362333             0.00569521453            0.000594843809           
       0.363012             0.00541044949             0.00058724145           
       0.363691             0.00567982316            0.000589811927           
       0.364370             0.00388311052            0.000493731158           
       0.365050             0.00633354737            0.000627182609           
       0.365729             0.00563633325             0.00059729684           
       0.366408             0.00533651108            0.000582480169           
       0.367087             0.00534730035            0.000573716988           
       0.367766             0.00571162358            0.000605293672           
       0.368445             0.00525063096            0.000570048895           
       0.369124             0.00514739492            0.000568850919           
       0.369804             0.00512878465            0.000566913081           
       0.370483              0.0047489592            0.000547904078           
       0.371162             0.00601696567            0.000620304192           
       0.371841             0.00547908592            0.000581608918           
       0.372520              0.0050155334            0.000567616138           
       0.373199              0.0035780634              0.0004736966           
       0.373879             0.00417811327             0.00051780432           
       0.374558             0.00578372414            0.000600337239           
       0.375237             0.00493453168            0.000555425499           
       0.375916              0.0049484763            0.000566865251           
       0.376595             0.00523938332              0.0005718894           
       0.377274             0.00477522342            0.000554709356           
       0.377954             0.00373985059            0.000483191489           
       0.378633             0.00506596255            0.000569478117           
       0.379312             0.00398368244             0.00050486906           
       0.379991             0.00430907335            0.000522365736           
       0.380670              0.0047373133            0.000557388221           
       0.381349             0.00414752447            0.000514049884           
       0.382029             0.00382006999            0.000500408839           
       0.382708             0.00408212094             0.00050599161           
       0.383387             0.00473126154            0.000557084534           
       0.384066             0.00464070691             0.00054666525           
       0.384745             0.00423168634            0.000524070883           
       0.385424             0.00452069262            0.000543510994           
       0.386104               0.004028485            0.000507400175           
       0.386783             0.00381575363             0.00050450269           
       0.387462             0.00500424963            0.000563381071           
       0.388141             0.00414337727             0.00052082475           
       0.388820             0.00303481345            0.000442516626           
       0.389499             0.00444266837            0.000538422937           
       0.390178             0.00468319701            0.000555007482           
       0.390858             0.00408896804            0.000514405984           
       0.391537             0.00364543144            0.000490665861           
       0.392216             0.00463316009             0.00054622566           
       0.392895               0.004675274            0.000550551066           
       0.393574             0.00490524688            0.000562531259           
       0.394253             0.00371970571            0.000492062091           
       0.394933             0.00434546097            0.000537920614           
       0.395612              0.0046510033            0.000540345573           
       0.396291             0.00418037534            0.000522707556           
       0.396970             0.00398592641            0.000505883852           
       0.397649              0.0034386032            0.000471316111           
       0.398328             0.00513753695            0.000573568869           
       0.399008             0.00452230552            0.000536961528           
       0.399687             0.00405192171            0.000510245783           
       0.400366             0.00395399033            0.000502114116           
       0.401045             0.00483097229            0.000553962034           
       0.401724             0.00344662408            0.000468688184           
       0.402403             0.00447742303            0.000538360155           
       0.403083             0.00390629199            0.000495602218           
       0.403762             0.00381432801            0.000492148563           
       0.404441             0.00316439997            0.000451117995           
       0.405120             0.00421785031             0.00051911496           
       0.405799             0.00348885506            0.000470076573           
       0.406478             0.00347305842            0.000469022952           
       0.407158             0.00359682358            0.000476411005           
       0.407837             0.00390229341            0.000500608945           
       0.408516             0.00407548523            0.000507146772           
       0.409195             0.00386083451            0.000499210231           
       0.409874             0.00273628497            0.000426112559           
       0.410553             0.00348834271            0.000486294289           
       0.411233             0.00321552839            0.000464472059           
       0.411912             0.00415479906            0.000535449874           
       0.412591             0.00436305733            0.000552336932           
       0.413270             0.00266497755            0.000429622721           
       0.413949               0.003567868            0.000502530609           
       0.414628             0.00362907386              0.0005059127           
       0.415307             0.00255930995            0.000429579288           
       0.415987             0.00372099669            0.000513709833           
       0.416666             0.00298545786            0.000457375457           
       0.417345             0.00250532198            0.000425982407           
       0.418024             0.00265445709            0.000438489104           
       0.418703             0.00298756129            0.000464334317           
       0.419382             0.00345326601            0.000496768384           
       0.420062             0.00341929316            0.000495703739           
       0.420741             0.00295014342            0.000462891351           
       0.421420              0.0029789797            0.000466912198           
       0.422099             0.00333830233             0.00049428288           
       0.422778             0.00360345483            0.000516318601           
       0.423457             0.00334350057            0.000500390477           
       0.424137             0.00200588171            0.000381263416           
       0.424816             0.00338510271            0.000505639852           
       0.425495             0.00307592609            0.000481539897           
       0.426174             0.00247977287            0.000432516142           
       0.426853              0.0030303739            0.000475224056           
       0.427532             0.00318361435            0.000491209699           
       0.428212             0.00297591153            0.000478050921           
       0.428891             0.00212997776            0.000403517857           
       0.429570             0.00228856825            0.000418556414           
       0.430249             0.00165326504            0.000353901659           
       0.430928             0.00213465253            0.000410931547           
       0.431607             0.00250550242            0.000437548537           
       0.432287             0.00200685169            0.000394462421           
       0.432966             0.00315358391            0.000498831137           
       0.433645             0.00190062895            0.000387662078           
       0.434324             0.00219013084            0.000413631746           
       0.435003             0.00235078534            0.000429265954           
       0.435682             0.00247745075            0.000444293398           
       0.436361              0.0019861579            0.000397276249           
       0.437041             0.00254325162            0.000448952519           
       0.437720             0.00240303595             0.00043850608           
       0.438399             0.00299987587            0.000492501447           
       0.439078             0.00224980106            0.000438876668           
       0.439757             0.00187981062            0.000398697725           
       0.440436             0.00251380484            0.000471445333           
       0.441116             0.00258297379            0.000485701783           
       0.441795             0.00151226092            0.000372088274           
       0.442474             0.00318077695            0.000541138637           
       0.443153             0.00171652438            0.000406801426           
       0.443832             0.00219234235            0.000460514264           
       0.444511              0.0032281975            0.000556298226           
       0.445191             0.00240442806            0.000491779624           
       0.445870             0.00159909408            0.000401063837           
       0.446549             0.00224557696            0.000480281838           
       0.447228             0.00324078592            0.000573715228           
       0.447907             0.00145015851            0.000388382072           
       0.448586             0.00197020534            0.000463588909           
       0.449266             0.00277674548            0.000545295736           
       0.449945             0.00212469977            0.000475048351           
       0.450624             0.00278910802            0.000552922507           
       0.451303             0.00205278121            0.000480503338           
       0.451982             0.00246861654            0.000523671327           
       0.452661             0.00302506847            0.000590494805           
       0.453341             0.00280673006            0.000570779144           
       0.454020             0.00212571044            0.000497486319           
       0.454699             0.00310862887            0.000607102526           
       0.455378             0.00239984733            0.000533706398           
       0.456057             0.00237435579            0.000540305441           
       0.456736             0.00175032029            0.000462454293           
       0.457416             0.00249591165            0.000552251605           
       0.458095            0.000567000451            0.000267026377           
       0.458774             0.00162154759            0.000457540179           
       0.459453             0.00189289595            0.000496835494           
       0.460132             0.00167516179            0.000457294324           
       0.460811             0.00208810573            0.000529604989           
       0.461490             0.00178902663            0.000485226641           
       0.462170             0.00197540173            0.000517832078           
       0.462849            0.000789052873            0.000329398781           
       0.463528             0.00227929506            0.000558548557           
       0.464207             0.00264729136            0.000613214725           
       0.464886             0.00121728477             0.00041258446           
       0.465565             0.00110189896            0.000396855519           
       0.466245             0.00168832033             0.00049275897           
       0.466924             0.00134602166            0.000450373354           
       0.467603             0.00140718753            0.000450725162           
       0.468282            0.000740050061            0.000334614404           
       0.468961             0.00243910588            0.000611467084           
       0.469640            0.000605824682            0.000305956959           
       0.470320             0.00168664385            0.000510856137           
       0.470999              0.0012499342            0.000443922889           
       0.471678             0.00130262701            0.000457539437           
       0.472357             0.00111904644            0.000425258777           
       0.473036            0.000994083439            0.000403341907           
       0.473715            0.000845511057            0.000374891655           
       0.474395            0.000712571057            0.000348917238           
       0.475074             0.00173203162            0.000543999993           
       0.475753             0.00118649924            0.000446365935           
       0.476432             0.00110814917            0.000447081116           
       0.477111             0.00144054974            0.000503578836           
       0.477790             0.00146400746            0.000510374813           
       0.478470            0.000585589305            0.000327054226           
       0.479149            0.000429242218            0.000282906782           
       0.479828            0.000778958304            0.000380211878           
       0.480507             0.00156848222            0.000543870781           
       0.481186            0.000855702563            0.000410769931           
       0.481865             0.00122168052            0.000484735125           
       0.482545            7.53391762e-05            0.000121788904           
       0.483224           -0.000127097283                         0           
       0.483903           -0.000118438097                         0           
       0.484582            0.000321959158            0.000261666619           
       0.485261            0.000476239015            0.000310181206           
       0.485940            0.000773885995            0.000411355233           
       0.486619           -9.87128421e-05                         0           
       0.487299            0.000566651813            0.000353672797           
       0.487978            0.000320622111            0.000263325427           
       0.488657           -9.20670414e-05                         0           
       0.489336            0.000580994596            0.000362628186           
       0.490015             0.00101098978            0.000482112696           
       0.490694           -0.000312608575                         0           
       0.491374            0.000145807042             0.00018586007           
       0.492053           -0.000312646458                         0           
       0.492732           -0.000312665365                         0           
       0.493411           -0.000312684517                         0           
       0.494090            0.000934498225             0.00048661066           
       0.494769              0.0012530663            0.000573516727           
       0.495449            -4.9454842e-05                         0           
       0.496128            0.000218238388            0.000239628641           
       0.496807            -3.4399708e-05                         0           
       0.497486            -4.7487279e-05                         0           
       0.498165           -3.33080481e-05                         0           
       0.498844           -0.000312837965                         0           
       0.499524            0.000252888727             0.00026619291           
       0.500203           -3.56456093e-05                         0           
       0.500882             0.00026948038            0.000281623461           
       0.501561           -1.64571498e-05                         0           
       0.502240            -0.00031293475                         0           
       0.502919           -0.000312954169                         0           
       0.503599           -1.84576415e-05                         0           
       0.504278           -0.000312993437                         0           
       0.504957           -0.000313012976                         0           
       0.505636           -0.000313032389                         0           
       0.506315           -0.000313052122                         0           
       0.506994            0.000665706111            0.000470134885           
       0.507673           -0.000313090844                         0           
       0.508353           -0.000313110593                         0           
       0.509032           -0.000313130257                         0           
       0.509711           -0.000313149929                         0           
       0.510390           -0.000313169911                         0           
       0.511069            0.000390410816            0.000372438495           
       0.511748           -0.000313209661                         0           
       0.512428            6.54975355e-05            0.000156396082           
       0.513107           -0.000313249307                         0           
       0.513786           -0.000313269038                         0           
       0.514465           -0.000313289105                         0           
       0.515144           -0.000313309159                         0           
       0.515823            -0.00031332903                         0           
       0.516503           -0.000313349087                         0           
       0.517182           -0.000313369143                         0           
       0.517861            0.000104474521             0.00020885304           
       0.518540           -0.000313409269                         0           
       0.519219           -0.000313429272                         0           
       0.519898            0.000153133799            0.000264423185           
       0.520578           -0.000313469805                         0           
       0.521257           -0.000313489869                         0           
       0.521936           -0.000313509981                         0           
       0.522615           -0.000313530335                         0           
       0.523294            0.000160172833            0.000274786553           
       0.523973            -0.00031357091                         0           
       0.524653           -0.000313590911                         0           
       0.525332            0.000147978304            0.000262048294           
       0.526011           -0.000313631861                         0           
       0.526690           -0.000313652479                         0           
       0.527369           -0.000313672927                         0           
       0.528048              0.0001836693            0.000301678025           
       0.528728            -0.00031371409                         0           
       0.529407            0.000769734339            0.000639590887           
       0.530086            0.000201336344             0.00032205922           
       0.530765           -0.000313775329                         0           
       0.531444           -0.000313795946                         0           
       0.532123           -0.000313816928                         0           
       0.532802           -0.000313837739                         0           
       0.533482           -0.000313858479                         0           
       0.534161           -0.000313879252                         0           
       0.534840           -0.000313899847                         0           
       0.535519           -0.000313920823                         0           
       0.536198           -0.000313941583                         0           
       0.536877           -0.000313962056                         0           
       0.537557           -0.000313982881                         0           
       0.538236           -0.000314003894                         0           
       0.538915             -0.0003140249                         0           
       0.539594           -0.000314045877                         0           
       0.540273           -0.000314067182                         0           
       0.540952           -0.000314088249                         0           
       0.541632           -0.000314108932                         0           
       0.542311           -0.000314129804                         0           
       0.542990           -0.000314150911                         0           
       0.543669           -0.000314172193                         0           
       0.544348            -0.00031419345                         0           
       0.545027           -0.000314214661                         0           
       0.545707           -0.000314235937                         0           
       0.546386           -0.000314257272                         0           
       0.547065           -0.000314278351                         0           
       0.547744            0.000436738394            0.000573940723           
       0.548423           -0.000314320934                         0           
       0.549102           -0.000314342364                         0           
       0.549782           -0.000314363686                         0           
       0.550461           -0.000314385261                         0           
       0.551140             0.00120914932            0.000955147713           
       0.551819           -0.000314428415                         0           
       0.552498           -0.000314450047                         0           
       0.553177           -0.000314471307                         0           
       0.553856           -0.000314492644                         0           
       0.554536           -0.000314514051                         0           
       0.555215             0.00061492863             0.00075507887           
       0.555894           -0.000314557466                         0           
       0.556573           -0.000314579277                         0           
       0.557252            -0.00031460107                         0           
       0.557931           -0.000314622764                         0           
       0.558611           -0.000314644966                         0           
       0.559290           -0.000314666602                         0           
       0.559969            0.000776868807            0.000929196549           
       0.560648            0.000565869387             0.00071067782           
       0.561327           -0.000314731517                         0           
       0.562006           -0.000314753561                         0           
       0.562686           -0.000314775618                         0           
       0.563365           -0.000314797755                         0           
       0.564044           -0.000314819781                         0           
       0.564723           -0.000314841759                         0           
       0.565402           -0.000314863326                         0           
       0.566081           -0.000314885038                         0           
       0.566761           -0.000314906983                         0           
       0.567440           -0.000314929374                         0           
       0.568119           -0.000314951587                         0           
       0.568798             0.00110634112             0.00125368867           
       0.569477           -0.000314996495                         0           
       0.570156           -0.000315018985                         0           
       0.570836           -0.000315041391                         0           
       0.571515           -0.000315063323                         0           
       0.572194           -0.000315085891                         0           
       0.572873           -0.000315107942                         0           
       0.573552           -0.000315129863                         0           
       0.574231            -0.00031515223                         0           
       0.574911           -0.000315175159                         0           
       0.575590           -0.000315197648                         0           
       0.576269           -0.000315220068                         0           
       0.576948           -0.000315242919                         0           
       0.577627             0.00163548326             0.00177886444           
       0.578306           -0.000315287539                         0           
       0.578985           -0.000315310197                         0           
       0.579665           -0.000315332725                         0           
       0.580344           -0.000315355594                         0           
       0.581023             0.00213648088             0.00229240673           
       0.581702            -0.00031540107                         0           
       0.582381           -0.000315423497                         0           
       0.583060           -0.000315446593                         0           
       0.583740           -0.000315469327                         0           
       0.584419           -0.000315492135                         0           
       0.585098           -0.000315514917                         0           
       0.585777           -0.000315537876                         0           
       0.586456           -0.000315561209                         0           
       0.587135           -0.000315583921                         0           
       0.587815           -0.000315606388                         0           
       0.588494           -0.000315629556                         0           
       0.589173           -0.000315653255                         0           
       0.589852           -0.000315675695                         0           
       0.590531           -0.000315698981                         0           
       0.591210           -0.000315721729                         0           
       0.591890           -0.000315744917                         0           
       0.592569           -0.000315767329                         0           
       0.593248           -0.000315791833                         0           
       0.593927           -0.000315815129                         0           
       0.594606           -0.000315838905                         0           
       0.595285           -0.000315861265                         0           
       0.595965           -0.000315882129                         0           
       0.596644             -0.0003159036                         0           
