################################################################################
# EDF_DataBlockID                     0.Image.Psd
# EDF_BinarySize                      2105344
# EDF_HeaderSize                      2560
# ByteOrder                           LowByteFirst
# DataType                            FloatValue
# Dim_1                               512
# Dim_2                               1028
# Image                               0
# HeaderID                            EH:000000:000000:000000
# Size                                2105344
# Center_1                            304.9000
# Center_2                            588.7000
# Comment                             Xenocs_Cell_Window - 20251028_20perc_iodine_1.23mg
# DDummy                              0.6
# Date                                2025-10-30T17:37:26
# Delta                               21.910000
# Dummy                               -1.5
# ExposureTime                        360
# Gamma                               15.360000
# Intensity1                          8.50384e-10
# PSize_1                             7.5e-05
# PSize_2                             7.5e-05
# Pressure                            0.0326891
# SampleDistance                      0.115750
# SampleEnvKind                       large
# SampleEnvPN                         ElectroChemical cell
# SampleEnvSN                         1141
# Thickness                           0
# Wavelength                          1.541891e-10
# Wavelength                          1.54189e-10
# aux                                 0
# aux_dial                            0.002375
# beamx                               588.434
# beamx_dial                          588.434
# beamz                               657.808
# beamz_dial                          657.808
# det0x                               0
# det0x_dial                          6.36945
# det0xvd                             0
# det0xvd_dial                        0
# det0y                               450.002
# det0y_dial                          481.635
# det0z                               0
# det0z_dial                          1.23302
# det0zvd                             0
# det0zvd_dial                        0
# mag                                 1.818
# mag_dial                            1.818
# om                                  0.2499
# om_dial                             -0.610199
# phi                                 -0.0120535
# phi_dial                            0
# ry                                  0.599993
# ry_dial                             0.599993
# s1bot                               0.8
# s1bot_dial                          -1.66094
# s1hl                                0.8
# s1hl_dial                           -0.608437
# s1hr                                0.8
# s1hr_dial                           0.970938
# s1top                               0.8
# s1top_dial                          -0.461562
# s2bot                               0.45
# s2bot_dial                          1.36109
# s2hl                                0.45
# s2hl_dial                           -0.83375
# s2hr                                0.45
# s2hr_dial                           -0.118594
# s2top                               0.45
# s2top_dial                          1.44734
# w2theta                             32
# w2theta_dial                        32
# waxsch                              19.2605
# waxsch_dial                         -32.7355
# waxsh                               137.085
# waxsh_dial                          -43.5338
# waxsth                              26.0607
# waxsth_dial                         -19.4086
# waxsz                               67.0407
# waxsz_dial                          -23.7954
# wind                                65.9854
# wind_dial                           66.0041
# wpsi                                124
# wpsi_dial                           124
# wstod                               115
# wstod_dial                          115
# x                                   0
# x_dial                              1.00969
# z                                   0
# z_dial                              13.3172
# CountCutoff                         6807993
# DetectorModel                       Dectris EIGER2 Si 500K, S/N E-01-0554
# ThresholdSetting                    4023.88989258
# Saturation                          0
# FlatField                           Corrected
# BackgroundReductionExtra            0.02
# BackgroundCorrectionConstant        0.0026712
# Detector                            0
# Monitor                             0
# Pil_Roi0                            0
# SumForIntensity1                    3.06138e+08
# TransmittedFlux                     850384
# det                                 0
# mon                                 0
# pilai0                              3.06138e+08
# pilai1                              776663
# pilct0                              5.29438e+08
# pilct1                              776663
# pilroi0                             0
# pilroi1                             0
# sec                                 1
# title                               20251028_20perc_iodine_1.23mg_1_00466.edf
# usaxs0                              0
# Operation                           Azimuthal average I(q)
# Error_model                         ErrorModel.poisson
# Geometrical_correction              True
# Transmission_correction             True
# Thickness_correction                False
# Binning mode                        Uniform
# Binning factor                      1.0
# Psi                                 0.0
# Omega                               0.2499
# MaskInvalidPixels                   True
# DetectorEdge                        3
# MaskFiles                           ['WAXS_corrected.edf']
################################################################################
    q(A⁻¹)                Intensity(a.u.)            Sigma_I(a.u.)            
       0.693100             0.00830675334             0.00609287384           
       0.695741             0.00840104837             0.00500012648           
       0.698381           -2.38556154e-05                         0           
       0.701021              0.0177519678              0.0125864293           
       0.703662             0.00568969841             0.00411304419           
       0.706302             0.00173524566             0.00175855676           
       0.708942               0.020061797             0.00771759311           
       0.711583              0.0133478142             0.00545114621           
       0.714223             0.00289614447             0.00293151949           
       0.716864             0.00746208231             0.00307881417           
       0.719504             0.00743537704              0.0033164451           
       0.722144             0.00376342409             0.00218504161           
       0.724785             0.00560725461             0.00212752501           
       0.727425             0.00590229465             0.00295290875           
       0.730065             0.00954730835             0.00265657007           
       0.732706             0.00830464761             0.00208060745           
       0.735346             0.00704455089             0.00249793028           
       0.737987             0.00523122279             0.00152108098           
       0.740627             0.00582111725             0.00239408951           
       0.743267             0.00834662281             0.00192014827           
       0.745908             0.00782436137             0.00201703087           
       0.748548             0.00175007863            0.000879288328           
       0.751189             0.00962414612             0.00277843448           
       0.753829              0.0053972743             0.00191263196           
       0.756469              0.0100904404             0.00210878629           
       0.759110              0.0073648232             0.00189858134           
       0.761750              0.0053627723             0.00143252888           
       0.764390             0.00460108543             0.00138881476           
       0.767031             0.00687012145             0.00146958781           
       0.769671             0.00489947046              0.0015481126           
       0.772312             0.00478312958             0.00116448903           
       0.774952             0.00983319095             0.00225468709           
       0.777592             0.00876424158             0.00155043443           
       0.780233             0.00835714343             0.00182662304           
       0.782873             0.00658588969             0.00155085024           
       0.785513             0.00792233789             0.00181841536           
       0.788154             0.00958769079             0.00167342899           
       0.790794             0.00706059488             0.00171684055           
       0.793435             0.00807793849             0.00164971834           
       0.796075             0.00468446413             0.00121019584           
       0.798715             0.00694403626             0.00174118305           
       0.801356             0.00803716615             0.00161222566           
       0.803996             0.00534813407             0.00134081301           
       0.806637             0.00956049389             0.00142665662           
       0.809277             0.00523004419             0.00114212412           
       0.811917             0.00720100552             0.00125283779           
       0.814558             0.00657581878             0.00124429412           
       0.817198             0.00402264629            0.000924589787           
       0.819838             0.00606785916              0.0011492728           
       0.822479             0.00902267286             0.00164566748           
       0.825119             0.00456527268            0.000996326232           
       0.827760             0.00667546357             0.00122039875           
       0.830400             0.00942096396              0.0013645326           
       0.833040              0.0058415253             0.00112572688           
       0.835681             0.00897569212             0.00158634984           
       0.838321             0.00553175071             0.00104527367           
       0.840961             0.00747554848             0.00132393369           
       0.843602             0.00704628455             0.00117872765           
       0.846242             0.00884101371             0.00132013892           
       0.848883             0.00619247625             0.00113064835           
       0.851523              0.0114632013             0.00151921699           
       0.854163             0.00817831918             0.00136463985           
       0.856804             0.00697988498             0.00113353802           
       0.859444             0.00708471083             0.00111895717           
       0.862085             0.00805272071             0.00124335674           
       0.864725             0.00542234892             0.00104414837           
       0.867365             0.00708544478             0.00110679692           
       0.870006             0.00767828178             0.00109792908           
       0.872646              0.0063673636             0.00104845029           
       0.875286             0.00717470195             0.00107071271           
       0.877927             0.00605900772            0.000949463143           
       0.880567             0.00719715154             0.00107207694           
       0.883208             0.00562301099             0.00093868366           
       0.885848             0.00689721228             0.00107943084           
       0.888488             0.00650768765            0.000983434947           
       0.891129             0.00592278747            0.000963335458           
       0.893769               0.006883475            0.000993898606           
       0.896410             0.00695700683            0.000931598093           
       0.899050             0.00738788445             0.00105575405           
       0.901690             0.00624284168             0.00105715244           
       0.904331             0.00732915737             0.00101549827           
       0.906971             0.00699860704             0.00105568016           
       0.909611             0.00646286491            0.000923492153           
       0.912252             0.00942351199             0.00115181632           
       0.914892             0.00553899123              0.0009650007           
       0.917533             0.00644933776            0.000985052343           
       0.920173             0.00672576346            0.000933315547           
       0.922813             0.00612129565            0.000934362085           
       0.925454             0.00577253019            0.000817047046           
       0.928094             0.00588670393            0.000880850572           
       0.930734             0.00762757299             0.00107948839           
       0.933375             0.00792563485              0.0010895604           
       0.936015             0.00790079403            0.000988001903           
       0.938656             0.00725419496             0.00101559627           
       0.941296             0.00945918575             0.00105102618           
       0.943936             0.00863688194            0.000984875646           
       0.946577             0.00617470512            0.000827237652           
       0.949217             0.00746482518            0.000836424164           
       0.951858             0.00667546393            0.000827982897           
       0.954498             0.00906308262             0.00111669091           
       0.957138             0.00788336086            0.000986659261           
       0.959779             0.00587167808            0.000839419372           
       0.962419             0.00861888901             0.00101024121           
       0.965059             0.00801039294             0.00102431624           
       0.967700             0.00724404401            0.000997658245           
       0.970340             0.00752630589            0.000899864026           
       0.972981             0.00588707174             0.00072510306           
       0.975621             0.00728712803            0.000858221841           
       0.978261             0.00736722582             0.00081993107           
       0.980902             0.00846518499             0.00105156997           
       0.983542             0.00696558538            0.000844732661           
       0.986182             0.00712572397             0.00083883257           
       0.988823             0.00762364965            0.000842485155           
       0.991463             0.00613219564            0.000806140506           
       0.994104             0.00776325676            0.000884827979           
       0.996744             0.00714641391            0.000865919904           
       0.999384             0.00882696458            0.000860675271           
       1.002025             0.00763941979            0.000893674621           
       1.004665             0.00804866227            0.000838298117           
       1.007306             0.00803437959            0.000833266925           
       1.009946             0.00711111843            0.000799498264           
       1.012586              0.0072600958            0.000786778424           
       1.015227             0.00785624015             0.00087926442           
       1.017867              0.0079167274            0.000848280744           
       1.020507             0.00852543572            0.000852679094           
       1.023148             0.00853754551            0.000920717268           
       1.025788             0.00718222592            0.000774321453           
       1.028429             0.00833901113            0.000874120389           
       1.031069             0.00884771568            0.000847299435           
       1.033709             0.00776082575            0.000843547563           
       1.036350             0.00857901496            0.000796556835           
       1.038990             0.00773779442            0.000770397685           
       1.041630             0.00759726274            0.000796202368           
       1.044271             0.00818555718            0.000777250557           
       1.046911             0.00816849109            0.000816713477           
       1.049552             0.00675372212            0.000780223277           
       1.052192             0.00780789553            0.000766029293           
       1.054832             0.00832335166            0.000798105593           
       1.057473             0.00842282266            0.000791450892           
       1.060113             0.00771161105            0.000738572995           
       1.062754             0.00944410827            0.000834487021           
       1.065394             0.00888668823            0.000855835438           
       1.068034             0.00804236506            0.000740778095           
       1.070675             0.00923104645            0.000827860519           
       1.073315             0.00664192476            0.000712294393           
       1.075955             0.00897863611            0.000781836659           
       1.078596             0.00946186675            0.000853004775           
       1.081236             0.00740168791            0.000722431735           
       1.083877             0.00839388294            0.000762429005           
       1.086517             0.00850178232            0.000822784827           
       1.089157             0.00891734469            0.000874347474           
       1.091798             0.00742635194             0.00069954107           
       1.094438             0.00937345925            0.000783378091           
       1.097078             0.00871496447            0.000724470002           
       1.099719             0.00858296156            0.000777667763           
       1.102359             0.00847493677            0.000723697504           
       1.105000              0.0082720082            0.000799487759           
       1.107640             0.00861842487            0.000780282825           
       1.110280             0.00763435913            0.000670071216           
       1.112921             0.00854600816            0.000761566846           
       1.115561             0.00792510939            0.000697016204           
       1.118202             0.00905535803             0.00074576515           
       1.120842             0.00909115699            0.000785351797           
       1.123482             0.00880182788            0.000769378615           
       1.126123             0.00907380197            0.000749277687           
       1.128763             0.00821825729             0.00071796871           
       1.131403             0.00808634478            0.000686249594           
       1.134044             0.00783042164            0.000694888222           
       1.136684              0.0105942297            0.000861757177           
       1.139325             0.00908912454            0.000735300131           
       1.141965             0.00946639953            0.000755366383           
       1.144605             0.00958498266            0.000724741196           
       1.147246              0.0100932782            0.000761122475           
       1.149886             0.00843065094            0.000693145668           
       1.152527             0.00838641811            0.000701378172           
       1.155167             0.00956034491            0.000712280144           
       1.157807              0.0084799879             0.00071924795           
       1.160448             0.00909959222            0.000727571393           
       1.163088             0.00883883121            0.000683980074           
       1.165728             0.00914175511            0.000714187721           
       1.168369             0.00936144717            0.000729395248           
       1.171009             0.00950581124            0.000713295408           
       1.173650             0.00940798629            0.000728234833           
       1.176290             0.00909019757            0.000699526289           
       1.178930              0.0110135536            0.000754653405           
       1.181571             0.00956630024            0.000717271773           
       1.184211             0.00908902411            0.000701628895           
       1.186851             0.00941862118            0.000698299477           
       1.189492             0.00951292398            0.000697065306           
       1.192132             0.00967193959            0.000694980962           
       1.194773              0.0103923134             0.00072354517           
       1.197413             0.00897725812             0.00064433404           
       1.200053             0.00958688952            0.000682770868           
       1.202694              0.0104996355            0.000679481467           
       1.205334             0.00862197977            0.000663569863           
       1.207975               0.010131881            0.000686620805           
       1.210615             0.00889446139            0.000709698935           
       1.213255             0.00993868613            0.000671789544           
       1.215896             0.00911280181            0.000654927541           
       1.218536              0.0102387466            0.000667512353           
       1.221176              0.0112712803            0.000761437116           
       1.223817             0.00946187741            0.000654893598           
       1.226457              0.0086053284            0.000637130304           
       1.229098             0.00942346417            0.000666697261           
       1.231738              0.0107056269            0.000714104267           
       1.234378              0.0102890592            0.000657823924           
       1.237019             0.00967845382            0.000657459234           
       1.239659             0.00983633149            0.000657026217           
       1.242299             0.00934954945            0.000632423999           
       1.244940             0.00979305865            0.000629491378           
       1.247580              0.0104275328            0.000669427959           
       1.250221              0.0102186892             0.00065860133           
       1.252861              0.0108481025            0.000646012677           
       1.255501             0.00917397708            0.000645054423           
       1.258142              0.0100022661            0.000632916542           
       1.260782              0.0109911775            0.000677822651           
       1.263423              0.0118206371            0.000675439849           
       1.266063              0.0102880683             0.00064586965           
       1.268703              0.0115568637            0.000678858279           
       1.271344              0.0100099513            0.000653205369           
       1.273984              0.0111710926            0.000666453751           
       1.276624              0.0106210836            0.000637631998           
       1.279265              0.0108474892            0.000655093383           
       1.281905               0.010960961            0.000661433394           
       1.284546              0.0101721136             0.00061589972           
       1.287186              0.0118446492            0.000652050883           
       1.289826              0.0105373801            0.000648176948           
       1.292467              0.0102602942            0.000625510428           
       1.295107              0.0107913965            0.000635122934           
       1.297747              0.0113989059            0.000624632817           
       1.300388               0.010070155            0.000640011955           
       1.303028              0.0102303601            0.000615834766           
       1.305669              0.0107530451            0.000646404294           
       1.308309             0.00989639192            0.000614014977           
       1.310949               0.011708206            0.000667189231           
       1.313590              0.0102278308            0.000604092377           
       1.316230              0.0107889903            0.000662098985           
       1.318871              0.0106970198            0.000645674921           
       1.321511              0.0121572336            0.000675576593           
       1.324151              0.0111901748            0.000628934913           
       1.326792              0.0108668508            0.000623613973           
       1.329432              0.0107701078            0.000616450792           
       1.332072              0.0102883711             0.00059352726           
       1.334713               0.010960842            0.000632281941           
       1.337353               0.010680519            0.000598566817           
       1.339994              0.0128377286            0.000688655105           
       1.342634              0.0102486188             0.00059003872           
       1.345274              0.0121037099            0.000663602495           
       1.347915              0.0110531936            0.000616638948           
       1.350555              0.0117984675            0.000648246514           
       1.353195              0.0110556826            0.000630591317           
       1.355836               0.011513082            0.000633469403           
       1.358476              0.0103136579            0.000582268554           
       1.361117              0.0107134828            0.000594262089           
       1.363757              0.0116355077            0.000638216332           
       1.366397               0.011911373            0.000626196914           
       1.369038              0.0104773393            0.000593141753           
       1.371678              0.0124192364            0.000640080649           
       1.374319              0.0110639709             0.00059894497           
       1.376959              0.0107645985            0.000584844914           
       1.379599              0.0106410066            0.000623168142           
       1.382240              0.0110917217            0.000597959627           
       1.384880              0.0110220262            0.000631382053           
       1.387520              0.0111300575            0.000602574522           
       1.390161              0.0116980019             0.00058672106           
       1.392801              0.0103646307            0.000575413527           
       1.395442              0.0111250358            0.000604289691           
       1.398082              0.0110512246            0.000564010585           
       1.400722              0.0109798837            0.000588878141           
       1.403363              0.0113369342            0.000629863746           
       1.406003              0.0109383008            0.000579011584           
       1.408644              0.0104096593            0.000591713625           
       1.411284              0.0122218479            0.000607115103           
       1.413924             0.00964837185            0.000537423411           
       1.416565              0.0123210992            0.000604929793           
       1.419205              0.0113809123            0.000606484255           
       1.421845              0.0105513625             0.00058362002           
       1.424486              0.0109960473            0.000572692457           
       1.427126              0.0106723823            0.000586095728           
       1.429767              0.0114949273            0.000572300995           
       1.432407              0.0120021395            0.000611997503           
       1.435047              0.0115207536              0.0005631228           
       1.437688              0.0103807813             0.00054252916           
       1.440328              0.0114594447            0.000581769069           
       1.442968              0.0109371112            0.000581089945           
       1.445609              0.0111618787            0.000568408358           
       1.448249               0.011036278            0.000579511776           
       1.450890                0.01014504             0.00055199344           
       1.453530              0.0109917685            0.000601112842           
       1.456170             0.00946189694            0.000541274246           
       1.458811              0.0100880608            0.000534429595           
       1.461451              0.0106929769            0.000551662851           
       1.464092              0.0112390605            0.000569271612           
       1.466732              0.0106236861            0.000548711432           
       1.469372              0.0108847973            0.000542415288           
       1.472013               0.010622983            0.000577927272           
       1.474653                0.01109406            0.000581491597           
       1.477293              0.0113037587            0.000599332707           
       1.479934              0.0106768414             0.00055580366           
       1.482574              0.0107756427             0.00054013514           
       1.485215              0.0101980262            0.000535245878           
       1.487855              0.0100100785            0.000537286109           
       1.490495              0.0121550923            0.000589879875           
       1.493136               0.010981912            0.000553005478           
       1.495776              0.0107740145            0.000545251951           
       1.498416              0.0109740743            0.000568294943           
       1.501057              0.0104702517            0.000542862889           
       1.503697              0.0105103712            0.000531750917           
       1.506338              0.0100597323            0.000529732813           
       1.508978              0.0106073663            0.000538611131           
       1.511618              0.0107266888            0.000576835528           
       1.514259             0.00957533672            0.000526171588           
       1.516899              0.0115237655            0.000562028961           
       1.519540              0.0108991336            0.000555398794           
       1.522180              0.0109893475            0.000562591666           
       1.524820              0.0102647623            0.000540677544           
       1.527461              0.0101480995            0.000540255042           
       1.530101              0.0102778714            0.000538260837           
       1.532741             0.00942228471            0.000512379316           
       1.535382               0.011624002            0.000578265448           
       1.538022              0.0101188724            0.000508265665           
       1.540663              0.0111636621            0.000574200287           
       1.543303              0.0112497439            0.000535205936           
       1.545943              0.0105546859            0.000548697303           
       1.548584              0.0101589681            0.000547976179           
       1.551224              0.0108379278            0.000523312749           
       1.553864              0.0098458421            0.000527061058           
       1.556505              0.0115291288            0.000550961824           
       1.559145              0.0103330401             0.00052798923           
       1.561786             0.00995506508            0.000518641666           
       1.564426               0.010524332            0.000516677711           
       1.567066             0.00996839772            0.000526886225           
       1.569707              0.0105476744            0.000532243433           
       1.572347              0.0097892816            0.000529724081           
       1.574988              0.0101304971            0.000512920595           
       1.577628             0.00933482823             0.00051341618           
       1.580268              0.0100189716            0.000515352042           
       1.582909             0.00961249572            0.000535057036           
       1.585549              0.0106480533            0.000546791862           
       1.588189             0.00957549466            0.000507205475           
       1.590830              0.0095053185            0.000504709212           
       1.593470              0.0102994777            0.000546172774           
       1.596111             0.00943130597            0.000510265719           
       1.598751             0.00904777057            0.000484272736           
       1.601391             0.00945018101            0.000505844296           
       1.604032             0.00907431724            0.000506045041           
       1.606672             0.00896111608            0.000488594404           
       1.609312             0.00919032542            0.000516517127           
       1.611953             0.00927690077            0.000507819337           
       1.614593             0.00849789498            0.000476757356           
       1.617234             0.00954449692            0.000523643722           
       1.619874             0.00923825997            0.000513139561           
       1.622514             0.00950725388            0.000513455438           
       1.625155             0.00948519335            0.000515889098           
       1.627795             0.00844006792            0.000474714725           
       1.630436              0.0102252593            0.000519784367           
       1.633076              0.0091164624            0.000497230933           
       1.635716             0.00883561859            0.000481895725           
       1.638357             0.00890228668            0.000484985337           
       1.640997              0.0088587556            0.000498453352           
       1.643637             0.00930950725            0.000497238393           
       1.646278             0.00915412527            0.000508563658           
       1.648918             0.00863956659            0.000495411393           
       1.651559             0.00894267252            0.000507938847           
       1.654199             0.00945783866            0.000508045432           
       1.656839             0.00923560575            0.000502216369           
       1.659480             0.00914761614            0.000518587393           
       1.662120             0.00960822497            0.000500569653           
       1.664761             0.00861301901            0.000492298238           
       1.667401             0.00901717606            0.000481444761           
       1.670041             0.00860596802            0.000477510677           
       1.672682             0.00869703577            0.000478057513           
       1.675322             0.00954524192            0.000497606734           
       1.677962             0.00898052461            0.000477338196           
       1.680603             0.00878605166            0.000473594434           
       1.683243             0.00855832968            0.000487662149           
       1.685884             0.00822732673            0.000481669602           
       1.688524             0.00794984153            0.000464324855           
       1.691164             0.00845116843             0.00047885016           
       1.693805             0.00904636187            0.000500867806           
       1.696445             0.00868678033            0.000493659501           
       1.699085             0.00910501551            0.000488468583           
       1.701726             0.00780500146            0.000435668151           
       1.704366             0.00809952227            0.000467543752           
       1.707007             0.00832984871             0.00046357573           
       1.709647             0.00791631236             0.00045702571           
       1.712287              0.0091562159            0.000495793732           
       1.714928             0.00868600383            0.000486788744           
       1.717568              0.0089051771            0.000464306253           
       1.720209             0.00833396436            0.000470472609           
       1.722849             0.00870938721            0.000478480026           
       1.725489              0.0085480807            0.000474426392           
       1.728130               0.008802949            0.000511643413           
       1.730770             0.00897870102            0.000490750529           
       1.733410             0.00891351347            0.000481279731           
       1.736051             0.00951025037            0.000500589228           
       1.738691             0.00912782898            0.000480479767           
       1.741332             0.00875283001            0.000484264392           
       1.743972             0.00841646206            0.000490382044           
       1.746612             0.00806253188            0.000460884438           
       1.749253             0.00846503315            0.000481574719           
       1.751893             0.00804258852            0.000465959013           
       1.754533             0.00801987418            0.000464866018           
       1.757174             0.00806176097             0.00046171382           
       1.759814             0.00822771543            0.000459371535           
       1.762455             0.00788938566            0.000458087327           
       1.765095             0.00910158837            0.000470679683           
       1.767735             0.00842846736            0.000466913715           
       1.770376              0.0097436244            0.000503345287           
       1.773016             0.00859229369            0.000469506368           
       1.775657             0.00902121377            0.000474160225           
       1.778297             0.00824314819            0.000449348545           
       1.780937             0.00820878377            0.000473297578           
       1.783578             0.00806319836            0.000457352729           
       1.786218             0.00897692998            0.000503615985           
       1.788858             0.00879004853            0.000473308724           
       1.791499             0.00892710126            0.000471627345           
       1.794139              0.0092654565            0.000476583799           
       1.796780             0.00843725703            0.000452592912           
       1.799420             0.00903837395            0.000465844059           
       1.802060             0.00860993576            0.000458341517           
       1.804701             0.00961580225            0.000464828596           
       1.807341              0.0091813233            0.000477271546           
       1.809981             0.00912299886            0.000477339376           
       1.812622             0.00893805385            0.000463970094           
       1.815262             0.00971794469            0.000494065482           
       1.817903             0.00900515474            0.000468554223           
       1.820543             0.00914913274            0.000479644351           
       1.823183             0.00954885625            0.000489740736           
       1.825824             0.00977373756             0.00047335581           
       1.828464             0.00989307152            0.000496497451           
       1.831105             0.00811126497            0.000437138759           
       1.833745               0.008721593            0.000462967479           
       1.836385             0.00937061825            0.000493579632           
       1.839026              0.0092228272            0.000488124762           
       1.841666             0.00843640929            0.000465194862           
       1.844306             0.00897625385            0.000466755073           
       1.846947             0.00870907287            0.000463786142           
       1.849587             0.00866860266            0.000510941032           
       1.852228             0.00851512228            0.000457908961           
       1.854868             0.00947748817            0.000510315812           
       1.857508             0.00862720631            0.000482110899           
       1.860149             0.00947278414            0.000514363764           
       1.862789             0.00942220279            0.000495152697           
       1.865429             0.00858781946            0.000493447809           
       1.868070             0.00866749606            0.000489124362           
       1.870710             0.00991907984            0.000511185423           
       1.873351             0.00985729472            0.000515890577           
       1.875991             0.00925382672            0.000508007316           
       1.878631             0.00848548408            0.000477143723           
       1.881272             0.00899576761            0.000487989335           
       1.883912             0.00808100173            0.000481341368           
       1.886553             0.00827197289            0.000481551095           
       1.889193             0.00924823435            0.000508305184           
       1.891833              0.0088416446            0.000516160138           
       1.894474             0.00864723549             0.00050600842           
       1.897114             0.00867264637             0.00049037271           
       1.899754             0.00961470105             0.00051847963           
       1.902395             0.00895207053            0.000490512946           
       1.905035             0.00800163348            0.000491182338           
       1.907676             0.00919047187            0.000496140906           
       1.910316             0.00880220755            0.000498439856           
       1.912956              0.0086399234            0.000482959492           
       1.915597             0.00795618001            0.000466045711           
       1.918237             0.00945830044            0.000524784237           
       1.920878             0.00877498914            0.000503403262           
       1.923518             0.00899907978            0.000510006854           
       1.926158              0.0080190056            0.000475187186           
       1.928799             0.00811413565            0.000472464513           
       1.931439             0.00786762571            0.000477434921           
       1.934079             0.00808517376            0.000504548396           
       1.936720             0.00846051317            0.000478206575           
       1.939360             0.00813389075            0.000500234932           
       1.942001             0.00856720911            0.000470545126           
       1.944641             0.00867862664            0.000482923747           
       1.947281             0.00848970317            0.000473235854           
       1.949922             0.00783782837            0.000469669538           
       1.952562             0.00862158832            0.000508033545           
       1.955202             0.00817149849            0.000493991969           
       1.957843             0.00939792182            0.000516028673           
       1.960483             0.00856127025            0.000514932737           
       1.963124             0.00888599446            0.000513844865           
       1.965764             0.00862916205            0.000477515978           
       1.968404             0.00796240626            0.000454362909           
       1.971045             0.00789532014            0.000461291239           
       1.973685             0.00869381746            0.000507738591           
       1.976326             0.00931676366            0.000518390736           
       1.978966             0.00756840647            0.000471326212           
       1.981606             0.00801314646            0.000495091241           
       1.984247             0.00880914692            0.000515686696           
       1.986887             0.00803656395            0.000486654172           
       1.989527             0.00809744851            0.000483233345           
       1.992168             0.00812682918            0.000502304355           
       1.994808             0.00865268927            0.000516079124           
       1.997449             0.00790506517            0.000483149695           
       2.000089             0.00826589501            0.000492094677           
       2.002729             0.00735439397            0.000464448393           
       2.005370             0.00782672185            0.000473975368           
       2.008010             0.00793254345            0.000497994057           
       2.010650             0.00786208455            0.000499476877           
       2.013291             0.00778766027            0.000476946819           
       2.015931             0.00836709175            0.000490877177           
       2.018572             0.00868886011            0.000535039894           
       2.021212             0.00850723899            0.000519906542           
       2.023852             0.00750725845             0.00046224333           
       2.026493             0.00785535493            0.000493963989           
       2.029133             0.00846016058            0.000502311118           
       2.031774             0.00835163306            0.000523772192           
       2.034414             0.00723132581            0.000448455236           
       2.037054             0.00853420254            0.000499530893           
       2.039695             0.00746286772            0.000463597693           
       2.042335             0.00823671157            0.000506142288           
       2.044975              0.0075000283            0.000477120576           
       2.047616             0.00713706486            0.000464276134           
       2.050256              0.0081119144             0.00049965342           
       2.052897             0.00752853094            0.000490225466           
       2.055537             0.00667091536            0.000445982932           
       2.058177             0.00777429166            0.000471474527           
       2.060818             0.00739157316            0.000481595479           
       2.063458             0.00717519115            0.000494469851           
       2.066098             0.00799991546            0.000492528901           
       2.068739             0.00741075597            0.000481414333           
       2.071379             0.00856438643            0.000531027785           
       2.074020             0.00800176765            0.000502133951           
       2.076660             0.00752138433             0.00049076345           
       2.079300             0.00798530445            0.000518062162           
       2.081941             0.00738533149            0.000456177139           
       2.084581             0.00824734588            0.000508824341           
       2.087222             0.00721008249            0.000458817617           
       2.089862             0.00854179908            0.000543917925           
       2.092502             0.00693108759            0.000474944921           
       2.095143             0.00735019531            0.000505062309           
       2.097783             0.00754734801            0.000495499904           
       2.100423             0.00772956572            0.000483189114           
       2.103064             0.00790128728            0.000506912353           
       2.105704             0.00740123772            0.000488179578           
       2.108345             0.00827616808            0.000495957669           
       2.110985             0.00807471601            0.000523231962           
       2.113625             0.00752504322            0.000509516844           
       2.116266             0.00898807231            0.000564749219           
       2.118906             0.00730976541            0.000474639508           
       2.121546             0.00813297309            0.000491094005           
       2.124187             0.00826533093            0.000519674763           
       2.126827              0.0071480432            0.000488669561           
       2.129468             0.00705522617            0.000486726613           
       2.132108             0.00607164144            0.000439300355           
       2.134748             0.00876264448            0.000525699841           
       2.137389             0.00768491671            0.000513603006           
       2.140029             0.00852493502            0.000484287428           
       2.142670             0.00697256016            0.000468078137           
       2.145310              0.0080684533            0.000490085759           
       2.147950               0.007313496            0.000480252713           
       2.150591             0.00618500195            0.000437185649           
       2.153231             0.00740556084            0.000492420035           
       2.155871              0.0068726464            0.000458274573           
       2.158512             0.00765136173            0.000504540541           
       2.161152             0.00723962445             0.00047539779           
       2.163793              0.0066726968            0.000454349727           
       2.166433              0.0078971842            0.000507576611           
       2.169073             0.00703163097            0.000468290532           
       2.171714             0.00740693134            0.000477032258           
       2.174354             0.00838681467            0.000530401827           
       2.176995             0.00768839785            0.000505700229           
       2.179635             0.00718298951             0.00051651839           
       2.182275             0.00810699233             0.00051809338           
       2.184916             0.00714398709            0.000469750469           
       2.187556              0.0072908201            0.000469797016           
       2.190196             0.00833087716             0.00052478102           
       2.192837             0.00765864888            0.000500425538           
       2.195477             0.00738809336            0.000468593401           
       2.198118             0.00816405912            0.000505208945           
       2.200758             0.00716707982             0.00048563586           
       2.203398             0.00736029187            0.000495286661           
       2.206039             0.00758453862            0.000475833997           
       2.208679             0.00675183623            0.000459402397           
       2.211319             0.00707323405            0.000472920639           
       2.213960             0.00738048612            0.000489555485           
       2.216600              0.0079693763            0.000526250761           
       2.219241             0.00727220081             0.00048045047           
       2.221881             0.00770935576            0.000495697528           
       2.224521             0.00764291574            0.000499604891           
       2.227162             0.00733788272             0.00047973202           
       2.229802             0.00778240163            0.000509514837           
       2.232443             0.00756558481            0.000494443399           
       2.235083             0.00767950529            0.000512846211           
       2.237723             0.00718823085            0.000476148286           
       2.240364             0.00742960619            0.000496002217           
       2.243004             0.00733381751            0.000488860672           
       2.245644             0.00782455412            0.000510005993           
       2.248285             0.00706658497            0.000474965146           
       2.250925              0.0081264694            0.000512434175           
       2.253566             0.00619650177            0.000478375828           
       2.256206             0.00767195761            0.000521647698           
       2.258846             0.00742433134            0.000488157192           
       2.261487             0.00767945403            0.000521095136           
       2.264127             0.00693679247            0.000478312006           
       2.266767             0.00705282775            0.000495145584           
       2.269408             0.00729896111            0.000505774129           
       2.272048              0.0076795986            0.000515697731           
       2.274689             0.00729116362            0.000509107408           
       2.277329             0.00695713104            0.000468248222           
       2.279969             0.00808247305             0.00053722409           
       2.282610             0.00677952463            0.000478335815           
       2.285250             0.00794917232            0.000495755835           
       2.287891             0.00800481951            0.000533382302           
       2.290531             0.00748766467            0.000522799563           
       2.293171             0.00665908862            0.000480251461           
       2.295812             0.00735479084            0.000502686505           
       2.298452             0.00668119035            0.000501026064           
       2.301092             0.00737569465            0.000489111657           
       2.303733             0.00677520812            0.000487693606           
       2.306373             0.00746163497            0.000519863029           
       2.309014             0.00689322271            0.000489922355           
       2.311654             0.00736452146            0.000528445948           
       2.314294             0.00692471843            0.000472098017           
       2.316935             0.00744497883            0.000491533823           
       2.319575             0.00776754316            0.000526052234           
       2.322215             0.00766465217            0.000544592093           
       2.324856             0.00617675677            0.000449477652           
       2.327496             0.00757242646            0.000529184267           
       2.330137              0.0075810626            0.000506678435           
       2.332777             0.00683220106            0.000495965275           
       2.335417             0.00745321237            0.000502552424           
       2.338058             0.00736352132            0.000514441183           
       2.340698             0.00781802971            0.000525914649           
       2.343339             0.00776409409            0.000535630652           
       2.345979             0.00710967232            0.000484922649           
       2.348619             0.00675379329            0.000489906627           
       2.351260             0.00716089719            0.000501516754           
       2.353900             0.00748253686            0.000511032147           
       2.356540             0.00717058376            0.000499555927           
       2.359181             0.00631438582            0.000462211496           
       2.361821             0.00693985795            0.000468075189           
       2.364462             0.00719324004            0.000498404941           
       2.367102             0.00711581028            0.000509426671           
       2.369742             0.00752676329             0.00055147297           
       2.372383             0.00626167843            0.000455462635           
       2.375023             0.00696656879            0.000505020593           
       2.377663             0.00713000846            0.000488505251           
       2.380304             0.00730944928            0.000502861254           
       2.382944             0.00705811785            0.000470653022           
       2.385585             0.00677727205            0.000491871587           
       2.388225             0.00726416472            0.000506840812           
       2.390865             0.00685867841            0.000487432757           
       2.393506              0.0074338815            0.000497886739           
       2.396146             0.00701734249            0.000523037996           
       2.398787             0.00772190508            0.000505639559           
       2.401427             0.00650851033            0.000448074955           
       2.404067             0.00733005999            0.000486120989           
       2.406708             0.00766015039            0.000490986873           
       2.409348             0.00612033378            0.000465510589           
       2.411988             0.00659068694            0.000473298777           
       2.414629             0.00749044567            0.000520287177           
       2.417269             0.00706224848            0.000511095344           
       2.419910             0.00841118425            0.000559069234           
       2.422550             0.00649614264            0.000470065064           
       2.425190             0.00715584477             0.00052004903           
       2.427831             0.00733466895            0.000523547252           
       2.430471             0.00702987317            0.000488306404           
       2.433112             0.00674819512            0.000465870435           
       2.435752             0.00738441787            0.000515754793           
       2.438392             0.00656963243             0.00046954254           
       2.441033             0.00636953669            0.000489983928           
       2.443673              0.0066750551            0.000501983092           
       2.446313             0.00775281316            0.000541469584           
       2.448954             0.00674380165            0.000480836596           
       2.451594             0.00788131571            0.000558917026           
       2.454235             0.00892790881            0.000558140945           
       2.456875              0.0078202943            0.000546589181           
       2.459515             0.00755478936            0.000551137972           
       2.462156             0.00795687457            0.000534018708           
       2.464796             0.00792826879             0.00052618059           
       2.467436             0.00776107105            0.000538364403           
       2.470077             0.00740974457            0.000498588554           
       2.472717             0.00730689301             0.00049726085           
       2.475358             0.00810374614            0.000529134134           
       2.477998             0.00784783645            0.000511933834           
       2.480638             0.00763428577            0.000513892544           
       2.483279             0.00684170254            0.000508455256           
       2.485919             0.00736351032             0.00050835589           
       2.488560               0.007108912            0.000498094556           
       2.491200             0.00732440201             0.00052062149           
       2.493840             0.00659135819            0.000522592149           
       2.496481             0.00755907914            0.000550486934           
       2.499121             0.00677769604            0.000507007681           
       2.501761             0.00672570428            0.000511751092           
       2.504402             0.00737373921            0.000528009767           
       2.507042             0.00621755648            0.000481258865           
       2.509683              0.0071888467            0.000509576861           
       2.512323             0.00824652421            0.000573201873           
       2.514963             0.00702578553             0.00052254137           
       2.517604             0.00720557503            0.000549110861           
       2.520244              0.0069560649            0.000505800958           
       2.522884             0.00880066177            0.000577061806           
       2.525525             0.00893411372            0.000588019822           
       2.528165             0.00753679109            0.000531663079           
       2.530806             0.00679318744            0.000513552329           
       2.533446             0.00824220392            0.000553604353           
       2.536086             0.00814762094            0.000545492302           
       2.538727             0.00760662392            0.000505644589           
       2.541367             0.00722298042            0.000497582026           
       2.544008             0.00675178285             0.00049683637           
       2.546648              0.0066057351            0.000499862867           
       2.549288             0.00724582957            0.000534188483           
       2.551929             0.00716994921             0.00052291369           
       2.554569             0.00689810878            0.000494141105           
       2.557209             0.00692097528            0.000499505037           
       2.559850             0.00640679875            0.000482135534           
       2.562490             0.00743474566            0.000536802712           
       2.565131             0.00717079761             0.00054661208           
       2.567771             0.00684419476            0.000514874451           
       2.570411             0.00815311167            0.000555875129           
       2.573052             0.00777383903            0.000549627559           
       2.575692              0.0068701327            0.000513565011           
       2.578332             0.00591907316            0.000478665289           
       2.580973             0.00699372109            0.000515355936           
       2.583613             0.00792472002            0.000535524111           
       2.586254             0.00675025492            0.000493563649           
       2.588894             0.00692343148            0.000519075245           
       2.591534             0.00750935011            0.000559615682           
       2.594175             0.00626035133            0.000501319233           
       2.596815               0.006818557            0.000526277059           
       2.599456             0.00702342764            0.000506508084           
       2.602096             0.00759945597            0.000530879168           
       2.604736             0.00703612074             0.00052293649           
       2.607377             0.00725206837            0.000516909676           
       2.610017             0.00689162863            0.000495082263           
       2.612657             0.00745393273            0.000547656485           
       2.615298             0.00767600166            0.000542591279           
       2.617938             0.00714212203            0.000559885152           
       2.620579             0.00698970773            0.000531718141           
       2.623219             0.00601235363            0.000492441574           
       2.625859             0.00682729892            0.000510209432           
       2.628500             0.00782654804            0.000542691667           
       2.631140             0.00698242875             0.00052048952           
       2.633780             0.00678106608            0.000512483652           
       2.636421             0.00776478438            0.000561883982           
       2.639061             0.00690956448            0.000498970178           
       2.641702             0.00681594771            0.000507051356           
       2.644342             0.00767675999            0.000540411261           
       2.646982             0.00730674339            0.000519344712           
       2.649623             0.00789769025            0.000565833267           
       2.652263             0.00754151974            0.000547378484           
       2.654904             0.00836536061            0.000577081716           
       2.657544             0.00610028126            0.000464165641           
       2.660184             0.00732136552            0.000538144976           
       2.662825             0.00719098045            0.000545704785           
       2.665465             0.00681384415            0.000513759951           
       2.668105             0.00710599157            0.000553009891           
       2.670746              0.0070475403            0.000508757784           
       2.673386             0.00820816803             0.00056584461           
       2.676027              0.0089435828            0.000581169982           
       2.678667             0.00954742328            0.000585907509           
       2.681307               0.010261167             0.00059681819           
       2.683948              0.0155091092            0.000753874998           
       2.686588              0.0107941824             0.00061849791           
       2.689229               0.010037597            0.000582805066           
       2.691869             0.00935816677            0.000594754808           
       2.694509             0.00935953962            0.000595125266           
       2.697150              0.0075962129            0.000527443483           
       2.699790             0.00751632846            0.000550033535           
       2.702430              0.0074952372            0.000525027757           
       2.705071             0.00768661033            0.000549399391           
       2.707711             0.00640430379             0.00048672738           
       2.710352             0.00667739836             0.00052513916           
       2.712992             0.00810474011            0.000589246604           
       2.715632             0.00726405803            0.000517573835           
       2.718273             0.00792200917            0.000560161482           
       2.720913             0.00692334456            0.000522174999           
       2.723553              0.0066276233            0.000514329201           
       2.726194             0.00693028966            0.000549782894           
       2.728834             0.00632462719            0.000525456423           
       2.731475             0.00701812862            0.000510846406           
       2.734115             0.00721659869            0.000534096273           
       2.736755             0.00664162327            0.000516595181           
       2.739396             0.00689109064             0.00052315895           
       2.742036             0.00686967705            0.000546667707           
       2.744677             0.00707808637            0.000538404062           
       2.747317             0.00688775166            0.000527328454           
       2.749957             0.00678642036            0.000527108481           
       2.752598              0.0075190391            0.000560852434           
       2.755238             0.00779667502            0.000581423023           
       2.757878             0.00809900599            0.000587407558           
       2.760519             0.00870214999            0.000602431178           
       2.763159             0.00896771915            0.000605443075           
       2.765800              0.0070161675            0.000510349958           
       2.768440             0.00789328696            0.000545299032           
       2.771080             0.00921716934            0.000594175334           
       2.773721             0.00664399098            0.000517477468           
       2.776361             0.00679413788            0.000530511343           
       2.779001             0.00771871604            0.000585588615           
       2.781642              0.0078334299             0.00058557656           
       2.784282             0.00621542147            0.000530183768           
       2.786923             0.00703732322            0.000569117604           
       2.789563             0.00706932479            0.000549371962           
       2.792203             0.00739331121            0.000536698313           
       2.794844             0.00583644523            0.000522623609           
       2.797484             0.00590960597            0.000496310904           
       2.800125             0.00699101375             0.00056761525           
       2.802765             0.00590743583            0.000512798962           
       2.805405             0.00674399833             0.00054976083           
       2.808046             0.00657663143            0.000552440078           
       2.810686             0.00665374086            0.000510595425           
       2.813326             0.00773938806            0.000572001888           
       2.815967             0.00705697434            0.000561732271           
       2.818607             0.00776577736            0.000562322846           
       2.821248             0.00654406329            0.000505482046           
       2.823888             0.00731666005            0.000554812689           
       2.826528             0.00688013534             0.00052103381           
       2.829169             0.00761475965            0.000574151241           
       2.831809             0.00622053939            0.000525992759           
       2.834449             0.00630566816            0.000532926451           
       2.837090             0.00545355878            0.000478682485           
       2.839730             0.00648863686            0.000519587463           
       2.842371             0.00684175993            0.000534308627           
       2.845011             0.00698688559            0.000544249601           
       2.847651             0.00767002415            0.000570936386           
       2.850292             0.00731303228            0.000562962604           
       2.852932             0.00686973061              0.0005575242           
       2.855573             0.00694750304            0.000543866866           
       2.858213             0.00648069824            0.000551605499           
       2.860853             0.00705275389            0.000535287707           
       2.863494             0.00757065021            0.000574203821           
       2.866134             0.00605222653            0.000533617149           
       2.868774             0.00634814518            0.000537104218           
       2.871415             0.00791700552            0.000609155593           
       2.874055             0.00624907955            0.000517317522           
       2.876696             0.00741161441            0.000578624161           
       2.879336             0.00736702056            0.000556002194           
       2.881976             0.00763347298             0.00058375667           
       2.884617             0.00691951173            0.000547624561           
       2.887257             0.00572882307            0.000500857026           
       2.889897             0.00750801831            0.000561580808           
       2.892538             0.00781550275            0.000627685193           
       2.895178             0.00612312959            0.000501933608           
       2.897819              0.0062007574            0.000515255669           
       2.900459             0.00707957801             0.00053984917           
       2.903099             0.00757849914            0.000552830443           
       2.905740             0.00695885728            0.000543453738           
       2.908380             0.00615934732            0.000517091896           
       2.911021             0.00646495649             0.00053837803           
       2.913661             0.00676368546             0.00055051112           
       2.916301             0.00672867998            0.000549608315           
       2.918942             0.00698458259            0.000535617461           
       2.921582             0.00652039534            0.000541467939           
       2.924222             0.00640607344             0.00051995925           
       2.926863             0.00784646603             0.00059940147           
       2.929503              0.0073149331            0.000585599863           
       2.932144             0.00578858088            0.000500063788           
       2.934784             0.00694196451            0.000538642147           
       2.937424             0.00772297049            0.000573967642           
       2.940065             0.00660215043            0.000506224653           
       2.942705             0.00794506522            0.000554630967           
       2.945346             0.00724682484            0.000562144837           
       2.947986              0.0068965184            0.000559167723           
       2.950626             0.00704234724            0.000561867252           
       2.953267              0.0080254867            0.000590114585           
       2.955907             0.00747944497            0.000590970657           
       2.958547              0.0073162727             0.00055178739           
       2.961188             0.00683611272            0.000556457486           
       2.963828             0.00689734288            0.000546750547           
       2.966469             0.00751875407             0.00056000091           
       2.969109             0.00747086425            0.000566485434           
       2.971749             0.00703826892            0.000546409811           
       2.974390             0.00737864538            0.000549777955           
       2.977030             0.00823906375            0.000593932075           
       2.979670             0.00890537451             0.00060061964           
       2.982311             0.00748070148            0.000570548832           
       2.984951             0.00780427183            0.000554253627           
       2.987592             0.00664032958            0.000521494534           
       2.990232             0.00705046028            0.000558846479           
       2.992872              0.0082423445             0.00056915953           
       2.995513             0.00801348938            0.000549040597           
       2.998153              0.0105016335            0.000639084282           
       3.000794              0.0129856558            0.000688346866           
       3.003434              0.0116993384            0.000654351773           
       3.006074              0.0435541655             0.00124484529           
       3.008715               0.118548275             0.00198251538           
       3.011355               0.191997106             0.00243298161           
       3.013995                 0.1001441             0.00176191183           
       3.016636              0.0618093775             0.00135545922           
       3.019276               0.124825078             0.00189345384           
       3.021917               0.481828591              0.0035770192           
       3.024557                1.61282088             0.00643425153           
       3.027197                1.18097511             0.00536792585           
       3.029838               0.517701019              0.0036044802           
       3.032478                0.27331582             0.00262166307           
       3.035118              0.0702190512             0.00134666557           
       3.037759              0.0962943326             0.00157496876           
       3.040399               0.128771413             0.00187871571           
       3.043040                0.52204626              0.0038291006           
       3.045680               0.409074914             0.00318909798           
       3.048320              0.0878526165              0.0015100487           
       3.050961               0.111294672             0.00172956355           
       3.053601              0.0895495695             0.00149421141           
       3.056242              0.0663646503             0.00136763044           
       3.058882              0.0601889071             0.00139713414           
       3.061522               0.045000921             0.00118525653           
       3.064163              0.0563300954             0.00130938803           
       3.066803               0.118534508             0.00199967804           
       3.069443                0.11279222             0.00204086972           
       3.072084              0.0422247962             0.00121590438           
       3.074724               0.040888238             0.00133622385           
       3.077365              0.0774070046             0.00190319696           
       3.080005              0.0127164456            0.000775765483           
       3.082645              0.0134445638            0.000837966503           
       3.085286              0.0138865559             0.00085834832           
       3.087926             0.00936432819            0.000699430327           
       3.090566              0.0126271799            0.000795792543           
       3.093207                0.01151052            0.000790641176           
       3.095847             0.00867461031            0.000657873077           
       3.098488             0.00751651206            0.000679031345           
       3.101128             0.00826362495            0.000716557396           
       3.103768             0.00980934572            0.000766014956           
       3.106409             0.00804828671            0.000738448742           
       3.109049             0.00915733394            0.000755903307           
       3.111690             0.00877212455            0.000727133084           
       3.114330             0.00778311589            0.000699487944           
       3.116970             0.00830240821             0.00072799254           
       3.119611              0.0143896614              0.0010201615           
       3.122251              0.0198216935             0.00125244783           
       3.124891              0.0367299511             0.00172078275           
       3.127532               0.022057804             0.00130456314           
       3.130172              0.0139833844             0.00105664806           
       3.132813               0.010711165            0.000910422694           
       3.135453             0.00742918426             0.00075197448           
       3.138093             0.00624892872            0.000747271501           
       3.140734             0.00707966605             0.00073381171           
       3.143374             0.00682050145            0.000761701373           
       3.146014             0.00628241247            0.000786995483           
       3.148655              0.0058592976            0.000706519986           
       3.151295             0.00656394188            0.000796895177           
       3.153936             0.00594824275            0.000732785294           
       3.156576             0.00543667827            0.000691037135           
       3.159216             0.00513345511            0.000674848509           
       3.161857             0.00638600831            0.000749626721           
       3.164497             0.00766781733            0.000863077571           
       3.167138              0.0113952933             0.00108712535           
       3.169778             0.00660589103            0.000814068153           
       3.172418             0.00658423337            0.000804465774           
       3.175059             0.00640680995            0.000703518242           
       3.177699              0.0061324397            0.000728856845           
       3.180339             0.00755398737            0.000866711314           
       3.182980             0.00678942649            0.000849533955           
       3.185620             0.00762075416            0.000916616996           
       3.188261             0.00626736775            0.000846083695           
       3.190901             0.00685640552            0.000813897632           
       3.193541             0.00522530749            0.000746587152           
       3.196182             0.00579522984            0.000819383891           
       3.198822             0.00612202181            0.000842451807           
       3.201463             0.00639050616            0.000845897557           
       3.204103             0.00707419572            0.000884582426           
       3.206743             0.00587137273            0.000805802911           
       3.209384             0.00581426306            0.000866356815           
       3.212024             0.00606761837            0.000825126665           
       3.214664             0.00508431088            0.000858899647           
       3.217305             0.00627505509            0.000907024097           
       3.219945             0.00345858666            0.000693080505           
       3.222586             0.00592143828            0.000863784415           
       3.225226             0.00557202134            0.000929532282           
       3.227866             0.00700402436            0.000952518319           
       3.230507             0.00708810511            0.000993298202           
       3.233147             0.00638205069            0.000950139739           
       3.235787             0.00411747431            0.000781011864           
       3.238428             0.00844049938              0.0012066981           
       3.241068             0.00433497957            0.000808616831           
       3.243709             0.00643956173              0.0010182268           
       3.246349             0.00536254158            0.000847037809           
       3.248989             0.00463565774            0.000929910481           
       3.251630             0.00572822598            0.000995427234           
       3.254270             0.00453959873            0.000791979521           
       3.256911             0.00476048484            0.000884911292           
       3.259551             0.00705935408             0.00116012995           
       3.262191             0.00536631523             0.00103318807           
       3.264832              0.0045354365            0.000992441371           
       3.267472             0.00608194553              0.0010781252           
       3.270112             0.00534479251             0.00111692939           
       3.272753             0.00643595167             0.00112186724           
       3.275393             0.00507620595             0.00101660718           
       3.278034             0.00628667231             0.00113197909           
       3.280674             0.00478234496             0.00107135588           
       3.283314             0.00631944811             0.00110144419           
       3.285955             0.00530293288             0.00104104205           
       3.288595             0.00354065215            0.000946382005           
       3.291235             0.00799278099             0.00146171701           
       3.293876             0.00598855033             0.00128342814           
       3.296516             0.00532561561             0.00116192205           
       3.299157             0.00619454865              0.0012373865           
       3.301797             0.00508172125             0.00127841428           
       3.304437             0.00530930262             0.00113212353           
       3.307078             0.00438872904             0.00113384385           
       3.309718              0.0027639958            0.000928769301           
       3.312359             0.00532164005             0.00128903605           
       3.314999             0.00817921577             0.00157343923           
       3.317639             0.00416104251             0.00107330806           
       3.320280             0.00437959476             0.00117073297           
       3.322920             0.00540934915             0.00132300705           
       3.325560              0.0074286441             0.00155145569           
       3.328201              0.0062646329             0.00128314063           
       3.330841             0.00621846789             0.00155589766           
       3.333482             0.00453313682             0.00125567152           
       3.336122             0.00589830923             0.00143297954           
       3.338762             0.00558538897             0.00161080567           
       3.341403             0.00253747071             0.00103744679           
       3.344043             0.00813155572             0.00178303832           
       3.346683             0.00611408736             0.00157844968           
       3.349324              0.0025667034             0.00114986322           
       3.351964             0.00744982936             0.00207155545           
       3.354605             0.00377139995             0.00168565583           
       3.357245             0.00355435759             0.00147623646           
       3.359885             0.00590306087              0.0015226482           
       3.362526             0.00609947432             0.00193555438           
       3.365166             0.00494008496             0.00164296085           
       3.367807              0.0044508156             0.00199581743           
       3.370447             0.00492907591             0.00174223762           
       3.373087             0.00489815234             0.00185724002           
       3.375728             0.00712774451             0.00252852459           
       3.378368            -2.6387513e-05                         0           
       3.381008              0.0021791965             0.00154698945           
       3.383649             0.00569149568             0.00200556535           
       3.386289             0.00294143193             0.00170641066           
       3.388930              0.0100357126             0.00498564759           
       3.391570             0.00736309317             0.00302092613           
       3.394210             0.00796901435             0.00397724396           
       3.396851             0.00247744475             0.00248059413           
       3.399491             0.00495944438             0.00351068873           
       3.402131              0.0146443248             0.00853506788           
       3.404772           -2.65883006e-05                         0           
       3.407412                       nan                       nan           
       3.410053           -2.66537878e-05                         0           
       3.412693                       nan                       nan           
       3.415333           -2.67047227e-05                         0           
