################################################################################
# EDF_DataBlockID                     0.Image.Psd
# EDF_BinarySize                      2105344
# EDF_HeaderSize                      2560
# ByteOrder                           LowByteFirst
# DataType                            FloatValue
# Dim_1                               512
# Dim_2                               1028
# Image                               0
# HeaderID                            EH:000000:000000:000000
# Size                                2105344
# Center_1                            304.9000
# Center_2                            588.7000
# Comment                             Xenocs_Cell_Window - 20251028_20perc_iodine_1.23mg
# DDummy                              0.6
# Date                                2025-10-30T22:01:33
# Delta                               21.910000
# Dummy                               -1.5
# ExposureTime                        360
# Gamma                               15.360000
# Intensity1                          8.48859e-10
# PSize_1                             7.5e-05
# PSize_2                             7.5e-05
# Pressure                            0.0327463
# SampleDistance                      0.115750
# SampleEnvKind                       large
# SampleEnvPN                         ElectroChemical cell
# SampleEnvSN                         1141
# Thickness                           0
# Wavelength                          1.541891e-10
# Wavelength                          1.54189e-10
# aux                                 0
# aux_dial                            0.002375
# beamx                               588.434
# beamx_dial                          588.434
# beamz                               657.808
# beamz_dial                          657.808
# det0x                               0
# det0x_dial                          6.36945
# det0xvd                             0
# det0xvd_dial                        0
# det0y                               450.002
# det0y_dial                          481.635
# det0z                               0
# det0z_dial                          1.23302
# det0zvd                             0
# det0zvd_dial                        0
# mag                                 1.818
# mag_dial                            1.818
# om                                  0.2499
# om_dial                             -0.610199
# phi                                 -0.0120535
# phi_dial                            0
# ry                                  0.599993
# ry_dial                             0.599993
# s1bot                               0.8
# s1bot_dial                          -1.66094
# s1hl                                0.8
# s1hl_dial                           -0.608437
# s1hr                                0.8
# s1hr_dial                           0.970938
# s1top                               0.8
# s1top_dial                          -0.461562
# s2bot                               0.45
# s2bot_dial                          1.36109
# s2hl                                0.45
# s2hl_dial                           -0.83375
# s2hr                                0.45
# s2hr_dial                           -0.118594
# s2top                               0.45
# s2top_dial                          1.44734
# w2theta                             32
# w2theta_dial                        32
# waxsch                              19.2605
# waxsch_dial                         -32.7355
# waxsh                               137.085
# waxsh_dial                          -43.5338
# waxsth                              26.0607
# waxsth_dial                         -19.4086
# waxsz                               67.0407
# waxsz_dial                          -23.7954
# wind                                65.9854
# wind_dial                           66.0041
# wpsi                                124
# wpsi_dial                           124
# wstod                               115
# wstod_dial                          115
# x                                   0
# x_dial                              1.00969
# z                                   0
# z_dial                              13.3172
# CountCutoff                         6807993
# DetectorModel                       Dectris EIGER2 Si 500K, S/N E-01-0554
# ThresholdSetting                    4023.88989258
# Saturation                          0
# FlatField                           Corrected
# BackgroundReductionExtra            0.02
# BackgroundCorrectionConstant        0.0026712
# Detector                            0
# Monitor                             0
# Pil_Roi0                            0
# SumForIntensity1                    3.05589e+08
# TransmittedFlux                     848859
# det                                 0
# mon                                 0
# pilai0                              3.05589e+08
# pilai1                              769863
# pilct0                              5.29271e+08
# pilct1                              769863
# pilroi0                             0
# pilroi1                             0
# sec                                 1
# title                               20251028_20perc_iodine_1.23mg_1_00506.edf
# usaxs0                              0
# Operation                           Azimuthal average I(q)
# Error_model                         ErrorModel.poisson
# Geometrical_correction              True
# Transmission_correction             True
# Thickness_correction                False
# Binning mode                        Uniform
# Binning factor                      1.0
# Psi                                 0.0
# Omega                               0.2499
# MaskInvalidPixels                   True
# DetectorEdge                        3
# MaskFiles                           ['WAXS_corrected.edf']
################################################################################
    q(A⁻¹)                Intensity(a.u.)            Sigma_I(a.u.)            
       0.693100              0.0041562336             0.00431366351           
       0.695741             0.00559732628             0.00408502125           
       0.698381             0.00430231739             0.00438700459           
       0.701021             0.00887998993             0.00890995041           
       0.703662              0.0114535039             0.00584087212           
       0.706302             0.00516269943             0.00303601623           
       0.708942             0.00574427241             0.00413336956           
       0.711583             0.00886367408             0.00444610184           
       0.714223             0.00582651641             0.00416175896           
       0.716864             0.00501215953             0.00252554821           
       0.719504             0.00590338632             0.00295775146           
       0.722144             0.00631167692             0.00283224144           
       0.724785             0.00801506532             0.00254590873           
       0.727425             0.00444055191             0.00256358558           
       0.730065              0.0117561435             0.00295055016           
       0.732706             0.00571722514             0.00172787354           
       0.735346              0.0106267943             0.00307075066           
       0.737987             0.00480006626             0.00145835785           
       0.740627             0.00772200985             0.00275989238           
       0.743267              0.0105456133             0.00216025517           
       0.745908             0.00416558048             0.00147304367           
       0.748548             0.00844574775             0.00193335383           
       0.751189             0.00646185323              0.0022787011           
       0.753829              0.0095026375             0.00254013036           
       0.756469              0.0105645168             0.00215969334           
       0.759110             0.00977915569              0.0021897195           
       0.761750             0.00616045189             0.00153675543           
       0.764390             0.00795702063             0.00182801257           
       0.767031             0.00811847038             0.00159896958           
       0.769671              0.0103064286              0.0022473558           
       0.772312              0.0090684853             0.00160485746           
       0.774952             0.00880053746             0.00213492883           
       0.777592             0.00687119888             0.00137404911           
       0.780233             0.00716222128             0.00169251931           
       0.782873             0.00763413766             0.00167121525           
       0.785513             0.00790971478             0.00181859747           
       0.788154             0.00607015189             0.00133272278           
       0.790794             0.00418509424             0.00132297518           
       0.793435             0.00710439013              0.0015485053           
       0.796075             0.00749285797             0.00153193101           
       0.798715             0.00610723319             0.00163437027           
       0.801356             0.00576858749             0.00136709551           
       0.803996             0.00599545395             0.00142091424           
       0.806637             0.00661144922             0.00118745562           
       0.809277             0.00799008333             0.00141294755           
       0.811917              0.0076540226             0.00129280465           
       0.814558             0.00749977338             0.00133003161           
       0.817198             0.00852545511             0.00134722991           
       0.819838             0.00826424068             0.00134244537           
       0.822479             0.00602738466             0.00134625924           
       0.825119             0.00649512128             0.00118946481           
       0.827760             0.00560107005              0.0011188872           
       0.830400             0.00627833978             0.00111493209           
       0.833040             0.00607070147             0.00114862722           
       0.835681             0.00784340698             0.00148425025           
       0.838321             0.00692740015             0.00117077546           
       0.840961             0.00561233045              0.0011481697           
       0.843602             0.00648702975             0.00113199912           
       0.846242             0.00727074709             0.00119825123           
       0.848883             0.00889578743             0.00135636738           
       0.851523             0.00808373709             0.00127691709           
       0.854163             0.00822411187              0.0013696837           
       0.856804             0.00733404059             0.00116298302           
       0.859444             0.00689141611             0.00110457802           
       0.862085             0.00770517042             0.00121732158           
       0.864725             0.00766941049             0.00124290873           
       0.867365             0.00763082455             0.00114963474           
       0.870006             0.00706300963             0.00105396679           
       0.872646             0.00707857184             0.00110644697           
       0.875286             0.00732811968             0.00108307134           
       0.877927             0.00667928526            0.000997773844           
       0.880567             0.00672353996             0.00103713284           
       0.883208             0.00688698469             0.00103977438           
       0.885848             0.00643573552             0.00104363079           
       0.888488             0.00728583722             0.00104150601           
       0.891129             0.00689875073             0.00104061351           
       0.893769              0.0071626227             0.00101476157           
       0.896410             0.00883620956             0.00105084858           
       0.899050              0.0069534326             0.00102516105           
       0.901690             0.00680872442             0.00110501734           
       0.904331             0.00591419463            0.000913039853           
       0.906971             0.00829642184             0.00115043406           
       0.909611             0.00753203009            0.000997852742           
       0.912252             0.00759119526             0.00103471722           
       0.914892             0.00839664214             0.00118919992           
       0.917533             0.00916903275             0.00117558293           
       0.920173             0.00983852103             0.00112982811           
       0.922813             0.00898762091             0.00113319765           
       0.925454             0.00729072988            0.000919050177           
       0.928094             0.00761329646             0.00100263365           
       0.930734             0.00856235884             0.00114475161           
       0.933375             0.00522493437            0.000885450853           
       0.936015             0.00652949921            0.000898984305           
       0.938656             0.00799315156             0.00106702666           
       0.941296             0.00852928946            0.000998924918           
       0.943936             0.00831541206            0.000967240684           
       0.946577             0.00831956815            0.000961086187           
       0.949217             0.00673347773            0.000795108188           
       0.951858             0.00751456158            0.000879269937           
       0.954498             0.00743247929             0.00101216573           
       0.957138             0.00827878231             0.00101200926           
       0.959779             0.00611437631            0.000857360977           
       0.962419              0.0090096605             0.00103381638           
       0.965059             0.00825130424             0.00104053863           
       0.967700             0.00811010048             0.00105655993           
       0.970340             0.00850121355            0.000957229737           
       0.972981             0.00685800676            0.000783319232           
       0.975621              0.0076021683            0.000877364108           
       0.978261             0.00693532105            0.000796248082           
       0.980902             0.00703566632             0.00095953833           
       0.983542             0.00810449564            0.000911996632           
       0.986182             0.00683507387            0.000822284597           
       0.988823             0.00803343167            0.000865607689           
       0.991463              0.0077306677            0.000905943278           
       0.994104              0.0084612374            0.000924578038           
       0.996744             0.00746387112            0.000885738385           
       0.999384              0.0076494455            0.000801933529           
       1.002025             0.00754932795            0.000889187081           
       1.004665              0.0079523057            0.000834013217           
       1.007306             0.00736695261            0.000798622736           
       1.009946             0.00656793826            0.000769046963           
       1.012586             0.00828262575            0.000841114358           
       1.015227             0.00768475459            0.000870396001           
       1.017867              0.0080063689            0.000853835727           
       1.020507              0.0087167594            0.000862967845           
       1.023148             0.00675803908            0.000819898107           
       1.025788             0.00861207442            0.000848663276           
       1.028429              0.0069721982             0.00079999744           
       1.031069             0.00837239802            0.000824965966           
       1.033709             0.00760199206            0.000835620481           
       1.036350             0.00792391083            0.000766227275           
       1.038990             0.00929802839            0.000845262439           
       1.041630             0.00719510881            0.000775538453           
       1.044271             0.00878333144            0.000805853907           
       1.046911             0.00729026811            0.000772254262           
       1.049552             0.00915276141            0.000909103106           
       1.052192             0.00881678195            0.000814747792           
       1.054832             0.00743961404            0.000755224719           
       1.057473             0.00776504277            0.000760600895           
       1.060113             0.00801308859             0.00075354744           
       1.062754              0.0079700222            0.000767288403           
       1.065394             0.00815580336            0.000820622514           
       1.068034             0.00848627442            0.000761630868           
       1.070675              0.0087134164            0.000805036736           
       1.073315             0.00910622078            0.000834778777           
       1.075955             0.00866784523            0.000768875778           
       1.078596             0.00940602968            0.000851247759           
       1.081236             0.00861426237            0.000780064008           
       1.083877             0.00771072813            0.000731400769           
       1.086517             0.00803994924            0.000800843581           
       1.089157              0.0106549065             0.00095660108           
       1.091798             0.00750420854            0.000703829818           
       1.094438             0.00859412164            0.000750778769           
       1.097078             0.00899368754            0.000736624664           
       1.099719             0.00789620697            0.000746576879           
       1.102359               0.008916779            0.000742989377           
       1.105000             0.00859556018            0.000815705132           
       1.107640             0.00871453795            0.000785326119           
       1.110280             0.00892933852            0.000725327386           
       1.112921             0.00898703977            0.000781671848           
       1.115561             0.00910307448            0.000747694268           
       1.118202             0.00972621503            0.000773590213           
       1.120842             0.00822278639            0.000747573553           
       1.123482             0.00848256189            0.000755974166           
       1.126123              0.0095848908            0.000770781882           
       1.128763             0.00903781449            0.000753593464           
       1.131403             0.00873715605            0.000713971344           
       1.134044             0.00920504246             0.00075409322           
       1.136684             0.00885740138            0.000788666042           
       1.139325             0.00923562594             0.00074186784           
       1.141965             0.00893260434            0.000734419244           
       1.144605             0.00839690683            0.000678948309           
       1.147246             0.00964232873            0.000744593348           
       1.149886             0.00821231411            0.000684725492           
       1.152527             0.00910991903             0.00073166286           
       1.155167             0.00862120378            0.000676998606           
       1.157807             0.00897256802            0.000740506981           
       1.160448             0.00850969299            0.000704224869           
       1.163088             0.00911868027             0.00069534732           
       1.165728             0.00920842134            0.000717430672           
       1.168369             0.00904727033            0.000717695097           
       1.171009             0.00990589286            0.000728805111           
       1.173650             0.00884967632            0.000706930248           
       1.176290             0.00906046791            0.000699008496           
       1.178930             0.00895745631             0.00068118631           
       1.181571             0.00985373088            0.000728621273           
       1.184211             0.00921586113            0.000707141883           
       1.186851             0.00959559088             0.00070546208           
       1.189492             0.00875486462            0.000669315578           
       1.192132             0.00909099313            0.000674390659           
       1.194773              0.0103477937            0.000722641958           
       1.197413             0.00926982938            0.000655337244           
       1.200053             0.00966015962            0.000685990393           
       1.202694              0.0104893211            0.000679757418           
       1.205334             0.00939698968            0.000693373582           
       1.207975             0.00977646625            0.000675075945           
       1.210615             0.00899885648            0.000714492625           
       1.213255             0.00922591643            0.000647833306           
       1.215896             0.00899446324            0.000651245413           
       1.218536              0.0104375887            0.000674568038           
       1.221176                0.01046159            0.000734236596           
       1.223817             0.00984345989            0.000668568231           
       1.226457             0.00906162314            0.000654390969           
       1.229098             0.00973581477            0.000678264819           
       1.231738              0.0116381693            0.000745225443           
       1.234378             0.00979424125            0.000642387367           
       1.237019             0.00992486764            0.000666373874           
       1.239659              0.0105871038            0.000682251451           
       1.242299              0.0111563036            0.000691453412           
       1.244940             0.00942904584            0.000618235932           
       1.247580              0.0103271436            0.000666795919           
       1.250221              0.0110411203            0.000685206291           
       1.252861             0.00992931307            0.000618605124           
       1.255501             0.00985732281            0.000669247539           
       1.258142              0.0104609906            0.000647848431           
       1.260782              0.0101218434            0.000651048789           
       1.263423              0.0108285279             0.00064705427           
       1.266063             0.00961613794            0.000624982794           
       1.268703              0.0107714213            0.000655972134           
       1.271344             0.00989720137            0.000650099343           
       1.273984              0.0106746416            0.000652061565           
       1.276624              0.0104158986            0.000632009815           
       1.279265                 0.0102667            0.000637887066           
       1.281905              0.0117794371            0.000686299734           
       1.284546              0.0102346061            0.000618343406           
       1.287186              0.0109985971            0.000628895946           
       1.289826              0.0116287855            0.000681528781           
       1.292467              0.0101994742            0.000624213706           
       1.295107              0.0101042645             0.00061512175           
       1.297747              0.0112454861            0.000620972106           
       1.300388              0.0112340217            0.000676592842           
       1.303028               0.011042257            0.000640379512           
       1.305669              0.0106196293            0.000642958495           
       1.308309              0.0112744618            0.000655961262           
       1.310949              0.0105446726            0.000633738602           
       1.313590              0.0105938996            0.000615360018           
       1.316230              0.0102366747            0.000645508156           
       1.318871             0.00938948648            0.000605470795           
       1.321511               0.010420568            0.000626026431           
       1.324151              0.0106031217            0.000612764933           
       1.326792              0.0107744989            0.000621515963           
       1.329432              0.0103821759            0.000605790339           
       1.332072              0.0104889235            0.000599822263           
       1.334713               0.011421486            0.000646010961           
       1.337353              0.0113207348            0.000616798812           
       1.339994              0.0110077456            0.000638258532           
       1.342634              0.0120776479            0.000641104441           
       1.345274              0.0111302469            0.000636928846           
       1.347915              0.0108490424            0.000611466303           
       1.350555              0.0103810736            0.000608608882           
       1.353195              0.0105763179            0.000617322653           
       1.355836              0.0130311293            0.000674544543           
       1.358476              0.0105928004            0.000590625415           
       1.361117              0.0120540501            0.000630912228           
       1.363757              0.0118753822            0.000645340325           
       1.366397              0.0111841956            0.000607326387           
       1.369038               0.011243312            0.000614992594           
       1.371678              0.0120802762            0.000631852116           
       1.374319              0.0112235849            0.000603791463           
       1.376959              0.0116820243            0.000609804485           
       1.379599              0.0115542518            0.000649941939           
       1.382240              0.0110812732             0.00059821455           
       1.384880              0.0108640581            0.000627404046           
       1.387520              0.0106612525            0.000590277102           
       1.390161              0.0124068442            0.000604778382           
       1.392801               0.011599608            0.000609276697           
       1.395442              0.0112554744            0.000608367691           
       1.398082              0.0119931074            0.000588081713           
       1.400722              0.0118211959            0.000611571209           
       1.403363              0.0109864872            0.000620608882           
       1.406003              0.0112028827            0.000586498597           
       1.408644              0.0106054407             0.00059778833           
       1.411284              0.0114806445            0.000588946027           
       1.413924              0.0118257885            0.000595517295           
       1.416565              0.0116476802            0.000588694158           
       1.419205              0.0109436777            0.000595254107           
       1.421845              0.0104961209            0.000582612879           
       1.424486              0.0117983617            0.000593750212           
       1.427126              0.0109257199            0.000593543649           
       1.429767              0.0107711949            0.000554489198           
       1.432407              0.0120601975            0.000614026743           
       1.435047              0.0117650329            0.000569572483           
       1.437688              0.0115376528            0.000572475043           
       1.440328              0.0118977503            0.000593322787           
       1.442968              0.0112175911            0.000589022127           
       1.445609              0.0114792715            0.000576950734           
       1.448249              0.0117027694            0.000597289711           
       1.450890              0.0100135601            0.000548897246           
       1.453530              0.0108332252            0.000597297735           
       1.456170              0.0104755592            0.000570041699           
       1.458811              0.0114392182            0.000569606043           
       1.461451              0.0103527318            0.000543302454           
       1.464092             0.00988106653            0.000534252048           
       1.466732               0.012187332            0.000588234476           
       1.469372              0.0113362827              0.0005540473           
       1.472013              0.0109271286             0.00058666845           
       1.474653              0.0104140549             0.00056389453           
       1.477293              0.0098996073            0.000561377866           
       1.479934              0.0110141599            0.000565022127           
       1.482574              0.0108120251            0.000541531999           
       1.485215              0.0111879473            0.000561125798           
       1.487855              0.0118103315            0.000584127532           
       1.490495              0.0112337348            0.000567592037           
       1.493136              0.0111814717            0.000558508387           
       1.495776              0.0114021862            0.000561425682           
       1.498416               0.011222759            0.000575213966           
       1.501057              0.0113284118            0.000565178807           
       1.503697              0.0106769474            0.000536429353           
       1.506338              0.0110515679             0.00055573196           
       1.508978              0.0108478296            0.000545170981           
       1.511618              0.0101487105            0.000561583519           
       1.514259               0.011648501             0.00058086492           
       1.516899              0.0106697089            0.000541286925           
       1.519540              0.0102940592            0.000540246591           
       1.522180              0.0116780464            0.000580473235           
       1.524820              0.0103191446            0.000542594634           
       1.527461              0.0108570702             0.00055930996           
       1.530101              0.0103339513            0.000540211918           
       1.532741              0.0104159444            0.000539203329           
       1.535382              0.0102576715            0.000543705292           
       1.538022              0.0103686466            0.000514962391           
       1.540663              0.0106479659            0.000561284633           
       1.543303               0.010276541            0.000511991609           
       1.545943              0.0103615907            0.000544143125           
       1.548584              0.0105973201             0.00056017622           
       1.551224              0.0109841158            0.000527303315           
       1.553864              0.0100493208            0.000532957541           
       1.556505              0.0106758907            0.000530658447           
       1.559145              0.0102726579            0.000526916962           
       1.561786              0.0105480371            0.000534344001           
       1.564426              0.0109811795            0.000528246603           
       1.567066              0.0105530731            0.000542604512           
       1.569707              0.0106409926             0.00053507269           
       1.572347             0.00996324911            0.000534890101           
       1.574988               0.010269016            0.000516879056           
       1.577628              0.0105572066            0.000546488034           
       1.580268              0.0104524637            0.000526855506           
       1.582909              0.0102587894            0.000553247956           
       1.585549              0.0100933373            0.000532836648           
       1.588189              0.0105228928            0.000532182583           
       1.590830              0.0107783148            0.000537926684           
       1.593470              0.0086499529             0.00050097849           
       1.596111             0.00928577945            0.000506768275           
       1.598751             0.00973033367              0.0005026583           
       1.601391             0.00954754254            0.000508899889           
       1.604032             0.00944023391            0.000516610624           
       1.606672             0.00926009155            0.000497124124           
       1.609312             0.00984655998            0.000535120155           
       1.611953              0.0100748414             0.00052968375           
       1.614593             0.00956983662            0.000506388397           
       1.617234              0.0103088816            0.000544696918           
       1.619874             0.00971103573            0.000526578285           
       1.622514             0.00930620806             0.00050845363           
       1.625155             0.00913700083            0.000506786282           
       1.627795             0.00979919824            0.000511970297           
       1.630436             0.00909748563            0.000490723097           
       1.633076             0.00813779158            0.000470205829           
       1.635716             0.00905835115            0.000488369947           
       1.638357             0.00965392706            0.000505498171           
       1.640997             0.00917964821            0.000507856413           
       1.643637             0.00925020639            0.000496097204           
       1.646278             0.00849943426            0.000490480411           
       1.648918             0.00870887608            0.000497841193           
       1.651559             0.00878377028            0.000503857829           
       1.654199              0.0104866224            0.000535444149           
       1.656839             0.00902831264            0.000496994094           
       1.659480             0.00960543218            0.000531883117           
       1.662120             0.00880325436            0.000479572555           
       1.664761             0.00913812178            0.000507538288           
       1.667401              0.0081269549            0.000457472378           
       1.670041               0.009419027            0.000500006909           
       1.672682             0.00882085939             0.00048188092           
       1.675322             0.00930257628            0.000491681831           
       1.677962             0.00930333001            0.000486277649           
       1.680603             0.00859945878            0.000468959172           
       1.683243             0.00857012229            0.000488436165           
       1.685884             0.00841246605            0.000487496262           
       1.688524              0.0085305376            0.000481416153           
       1.691164             0.00931241952            0.000503109231           
       1.693805             0.00847275653            0.000485163661           
       1.696445             0.00867186354            0.000493678324           
       1.699085              0.0105165201             0.00052543873           
       1.701726             0.00900886113            0.000468483204           
       1.704366             0.00844463285             0.00047782922           
       1.707007             0.00914253739            0.000486099605           
       1.709647             0.00837733224            0.000470567363           
       1.712287              0.0085301682            0.000478973602           
       1.714928             0.00839566483            0.000479013581           
       1.717568             0.00879507507            0.000461841323           
       1.720209             0.00784530466              0.0004568811           
       1.722849             0.00874969562             0.00048001659           
       1.725489             0.00957549715            0.000502579721           
       1.728130             0.00899488547            0.000517655551           
       1.730770             0.00815879734            0.000468227433           
       1.733410             0.00830395163            0.000464948955           
       1.736051             0.00867498841            0.000478530626           
       1.738691             0.00922396573            0.000483437081           
       1.741332             0.00840143546            0.000474870071           
       1.743972             0.00778004909             0.00047190079           
       1.746612             0.00828650421            0.000467661653           
       1.749253             0.00940930736            0.000508180431           
       1.751893             0.00927151044            0.000500742899           
       1.754533             0.00928843881            0.000500731769           
       1.757174             0.00911077822            0.000491275848           
       1.759814             0.00868058981            0.000472268336           
       1.762455             0.00942008464            0.000501007062           
       1.765095             0.00886267801            0.000464878118           
       1.767735             0.00848397504             0.00046886928           
       1.770376             0.00900002104            0.000484191613           
       1.773016             0.00831721489            0.000462344455           
       1.775657             0.00928001476            0.000481345292           
       1.778297             0.00842623196            0.000454719159           
       1.780937             0.00832049013            0.000476934886           
       1.783578             0.00868122178            0.000474982698           
       1.786218             0.00876938136            0.000498207003           
       1.788858             0.00908858166            0.000481711141           
       1.791499             0.00844851729            0.000459223133           
       1.794139             0.00893517864            0.000468432744           
       1.796780              0.0092915519              0.0004753801           
       1.799420             0.00864465113            0.000455993766           
       1.802060             0.00886797338            0.000465576654           
       1.804701             0.00868918869            0.000442261823           
       1.807341              0.0102635174            0.000505069073           
       1.809981              0.0100237706            0.000500799367           
       1.812622             0.00907420801            0.000467910328           
       1.815262             0.00854791903            0.000463785602           
       1.817903             0.00979718641            0.000489164254           
       1.820543             0.00877409958            0.000470132648           
       1.823183             0.00834377088            0.000458206766           
       1.825824             0.00900749262            0.000454829991           
       1.828464             0.00865433159            0.000464791284           
       1.831105             0.00913753771            0.000464386273           
       1.833745             0.00861903442            0.000460650606           
       1.836385             0.00798102651             0.00045592378           
       1.839026             0.00903115541            0.000483459638           
       1.841666              0.0092689847            0.000488047321           
       1.844306             0.00909496061            0.000470253088           
       1.846947             0.00820451189            0.000450555133           
       1.849587             0.00890288362            0.000518264357           
       1.852228             0.00835360209            0.000453952437           
       1.854868             0.00856554253            0.000485578667           
       1.857508             0.00835372625            0.000474833924           
       1.860149             0.00836909218            0.000483905415           
       1.862789             0.00773521801             0.00044904407           
       1.865429             0.00865356027             0.00049577765           
       1.868070             0.00851698844            0.000485294376           
       1.870710             0.00931600789             0.00049584673           
       1.873351             0.00774693529            0.000457755372           
       1.875991             0.00866866312            0.000492124639           
       1.878631             0.00839668503            0.000475066708           
       1.881272             0.00897658208            0.000487906362           
       1.883912             0.00855825023            0.000495795796           
       1.886553             0.00840125402            0.000485735274           
       1.889193             0.00771724628            0.000464746435           
       1.891833             0.00807554367            0.000493734621           
       1.894474             0.00886998605            0.000512944444           
       1.897114             0.00768783853            0.000462106802           
       1.899754              0.0080616649            0.000475188518           
       1.902395              0.0086618637            0.000482929972           
       1.905035             0.00775443621            0.000483969831           
       1.907676             0.00838682811            0.000474378244           
       1.910316             0.00782570935             0.00047040137           
       1.912956             0.00702531936            0.000435891658           
       1.915597              0.0078132605            0.000462255545           
       1.918237             0.00789781307            0.000479973672           
       1.920878             0.00812857591            0.000484941918           
       1.923518             0.00831027818            0.000490540087           
       1.926158             0.00897524892            0.000503173169           
       1.928799             0.00786933161            0.000465700546           
       1.931439             0.00768539595            0.000472297037           
       1.934079             0.00753412198            0.000487488344           
       1.936720             0.00875633904             0.00048693191           
       1.939360             0.00767249307             0.00048627603           
       1.942001             0.00809264861            0.000457737717           
       1.944641             0.00753007562            0.000450238356           
       1.947281              0.0079031545            0.000457005456           
       1.949922             0.00835717877            0.000485416045           
       1.952562              0.0071855947            0.000464215747           
       1.955202             0.00780157048            0.000483114214           
       1.957843             0.00836929415            0.000487407376           
       1.960483              0.0074078612            0.000479421581           
       1.963124             0.00766589353            0.000477694405           
       1.965764             0.00692197217            0.000428063582           
       1.968404             0.00793801152             0.00045407368           
       1.971045             0.00797533778            0.000464039167           
       1.973685             0.00808428678            0.000490055798           
       1.976326             0.00745132858            0.000464014243           
       1.978966             0.00763947855            0.000473959233           
       1.981606             0.00785204278            0.000490529118           
       1.984247             0.00740346169             0.00047317978           
       1.986887             0.00720053034            0.000461059794           
       1.989527             0.00834570936            0.000491025658           
       1.992168              0.0088078115            0.000523395693           
       1.994808             0.00794886429             0.00049508873           
       1.997449             0.00792370262            0.000484153223           
       2.000089             0.00748690622            0.000468753672           
       2.002729             0.00831680223            0.000494347074           
       2.005370             0.00759031323            0.000467181281           
       2.008010             0.00770363303             0.00049119675           
       2.010650             0.00753370492            0.000489373668           
       2.013291             0.00736331642            0.000464186976           
       2.015931             0.00821113246            0.000486717391           
       2.018572             0.00735481018            0.000492697386           
       2.021212             0.00794579949            0.000502909139           
       2.023852             0.00759452597            0.000465339658           
       2.026493             0.00740875708            0.000480147666           
       2.029133             0.00749227531            0.000473129593           
       2.031774              0.0072393254            0.000488085094           
       2.034414             0.00783694924            0.000467275933           
       2.037054             0.00699698287            0.000452716211           
       2.039695             0.00773540997            0.000472410806           
       2.042335             0.00738054232             0.00047954525           
       2.044975              0.0073909412            0.000474063294           
       2.047616             0.00753145812            0.000477359788           
       2.050256             0.00741500864            0.000478137467           
       2.052897             0.00715955017            0.000478490564           
       2.055537             0.00695562048            0.000455809343           
       2.058177             0.00690273616            0.000444660157           
       2.060818             0.00794784886             0.00049983714           
       2.063458             0.00838924158            0.000535148351           
       2.066098             0.00795792119            0.000491675535           
       2.068739             0.00871148112            0.000522424482           
       2.071379             0.00790757387            0.000510717228           
       2.074020              0.0079212575            0.000500050016           
       2.076660             0.00757201914            0.000492854734           
       2.079300             0.00724352495            0.000493856615           
       2.081941             0.00798645415            0.000474804999           
       2.084581             0.00754117228            0.000486989914           
       2.087222             0.00706760874            0.000454669664           
       2.089862             0.00835492926            0.000538418341           
       2.092502             0.00838903698            0.000522983961           
       2.095143             0.00729660178            0.000503669443           
       2.097783             0.00690401873            0.000474337138           
       2.100423             0.00756491771            0.000478444382           
       2.103064             0.00680066136            0.000470705513           
       2.105704              0.0075112395            0.000492235574           
       2.108345             0.00752185385            0.000473240785           
       2.110985             0.00782094568            0.000515406668           
       2.113625              0.0076036124            0.000512629734           
       2.116266             0.00779531815            0.000526415955           
       2.118906             0.00744275728            0.000479367796           
       2.121546               0.008077197            0.000489846561           
       2.124187             0.00771904821            0.000502658627           
       2.126827             0.00701855426              0.0004846579           
       2.129468              0.0084809094             0.00053412216           
       2.132108             0.00655902677            0.000457001851           
       2.134748             0.00786064336            0.000498355273           
       2.137389             0.00732092185             0.00050174219           
       2.140029             0.00791417655            0.000467035921           
       2.142670             0.00708564606            0.000472282344           
       2.145310             0.00790396282            0.000485499899           
       2.147950             0.00799371269            0.000502540817           
       2.150591             0.00629077394            0.000441303913           
       2.153231             0.00719210693            0.000485707228           
       2.155871             0.00740050021             0.00047597491           
       2.158512             0.00673196467             0.00047368254           
       2.161152             0.00760938924            0.000487824716           
       2.163793             0.00806080335            0.000499825605           
       2.166433              0.0076500892             0.00050002127           
       2.169073             0.00772262099            0.000491201251           
       2.171714             0.00727493016            0.000473186956           
       2.174354             0.00783134138            0.000512996412           
       2.176995             0.00723141661            0.000490881515           
       2.179635             0.00655876124            0.000494007844           
       2.182275             0.00691032778            0.000478759326           
       2.184916             0.00771590089            0.000488629826           
       2.187556             0.00698521409            0.000460258359           
       2.190196             0.00678441558            0.000474000431           
       2.192837             0.00625284417            0.000452576448           
       2.195477             0.00809678446            0.000490993827           
       2.198118             0.00692324375            0.000465653137           
       2.200758             0.00689487141            0.000476751946           
       2.203398             0.00743927838            0.000498384216           
       2.206039              0.0071977392            0.000463958034           
       2.208679             0.00787039325            0.000496444021           
       2.211319             0.00686983436            0.000466489795           
       2.213960             0.00713384528            0.000481738151           
       2.216600             0.00703085066             0.00049473686           
       2.219241             0.00715620914            0.000477031397           
       2.221881             0.00712287056            0.000476897446           
       2.224521             0.00821353499            0.000518384447           
       2.227162             0.00839435909            0.000513566701           
       2.229802             0.00735563577            0.000495792422           
       2.232443             0.00832398998            0.000519099807           
       2.235083             0.00709955676            0.000493544036           
       2.237723             0.00637633341            0.000448855434           
       2.240364             0.00673910857            0.000472815503           
       2.243004             0.00705453488            0.000479892546           
       2.245644               0.007299867            0.000493051989           
       2.248285             0.00735537537            0.000485008255           
       2.250925             0.00663402048            0.000463409891           
       2.253566             0.00761203138            0.000530683988           
       2.256206             0.00686010004            0.000493718253           
       2.258846             0.00675029905            0.000465888818           
       2.261487             0.00691735633             0.00049500739           
       2.264127             0.00728117885            0.000490481399           
       2.266767             0.00706326717            0.000495956801           
       2.269408             0.00769771355            0.000519872351           
       2.272048             0.00700495981            0.000492967792           
       2.274689             0.00719784186             0.00050629298           
       2.277329             0.00773417928            0.000494149003           
       2.279969             0.00827103893            0.000543942684           
       2.282610             0.00645577421            0.000467193945           
       2.285250             0.00674945798             0.00045722618           
       2.287891             0.00664967813            0.000486578486           
       2.290531             0.00636919331            0.000482607425           
       2.293171              0.0070802333            0.000495649695           
       2.295812             0.00664014637            0.000478069074           
       2.298452             0.00696062599            0.000511855421           
       2.301092             0.00692205297            0.000474257021           
       2.303733              0.0078087117            0.000524040916           
       2.306373             0.00701957629            0.000504681219           
       2.309014             0.00637204136             0.00047146033           
       2.311654             0.00726752185            0.000525425614           
       2.314294              0.0071708654            0.000480846726           
       2.316935             0.00692217874            0.000474387066           
       2.319575             0.00710909553            0.000503713938           
       2.322215             0.00700955544            0.000521266848           
       2.324856              0.0067523703            0.000470376634           
       2.327496             0.00677618262            0.000501039198           
       2.330137             0.00675976327            0.000478875793           
       2.332777              0.0076383151            0.000524879363           
       2.335417              0.0073718098             0.00050024925           
       2.338058             0.00821728033            0.000543934703           
       2.340698             0.00733236143             0.00050977473           
       2.343339             0.00729506594            0.000519666115           
       2.345979             0.00739123916            0.000494875628           
       2.348619             0.00743207832            0.000514380306           
       2.351260              0.0076605819            0.000519185277           
       2.353900             0.00689503379            0.000491000291           
       2.356540             0.00774181624            0.000519538876           
       2.359181             0.00776377443            0.000512981144           
       2.361821             0.00660546826            0.000457069137           
       2.364462             0.00675089949              0.0004832709           
       2.367102             0.00711922149            0.000510006267           
       2.369742             0.00798711262            0.000568597266           
       2.372383             0.00747240026            0.000497997541           
       2.375023             0.00785944821             0.00053689012           
       2.377663             0.00787807551            0.000513953757           
       2.380304             0.00745699938            0.000508367362           
       2.382944             0.00710594569             0.00047266898           
       2.385585             0.00686893478            0.000495631311           
       2.388225             0.00730970654            0.000508883616           
       2.390865             0.00694171004            0.000490814617           
       2.393506             0.00691069007            0.000480477673           
       2.396146             0.00818312127            0.000565322353           
       2.398787             0.00706352498            0.000484037845           
       2.401427             0.00742032957            0.000478862941           
       2.404067             0.00669694488            0.000465070435           
       2.406708             0.00704100409            0.000471149021           
       2.409348             0.00706516763            0.000500602492           
       2.411988              0.0071476215            0.000493333464           
       2.414629             0.00684710392             0.00049788898           
       2.417269              0.0070040181            0.000509440911           
       2.419910             0.00729025369            0.000520952471           
       2.422550             0.00746285941            0.000504280982           
       2.425190             0.00716866887            0.000520982165           
       2.427831             0.00674725041            0.000502595738           
       2.430471             0.00751639018            0.000505374233           
       2.433112             0.00773774837            0.000499307854           
       2.435752             0.00714888988            0.000507918703           
       2.438392             0.00713257893            0.000489685747           
       2.441033             0.00604515379            0.000477772723           
       2.443673             0.00759320507            0.000535875605           
       2.446313             0.00642712586            0.000493449338           
       2.448954             0.00706803552            0.000492701907           
       2.451594             0.00781659821            0.000557117284           
       2.454235             0.00709818425            0.000498118196           
       2.456875             0.00687227811            0.000512849111           
       2.459515             0.00676362877            0.000521949873           
       2.462156             0.00822717586            0.000543501025           
       2.464796             0.00782803121            0.000523313184           
       2.467436              0.0086421677            0.000568612775           
       2.470077             0.00745500212            0.000500557914           
       2.472717             0.00715443268             0.00049248755           
       2.475358             0.00784501129            0.000521086008           
       2.477998             0.00792129997            0.000514786149           
       2.480638             0.00750698447            0.000510047509           
       2.483279             0.00783298428            0.000544532789           
       2.485919             0.00747682779            0.000512712447           
       2.488560             0.00782395105            0.000523013681           
       2.491200             0.00734165536            0.000521702313           
       2.493840             0.00667329129             0.00052630225           
       2.496481             0.00749729002             0.00054872467           
       2.499121              0.0071055568             0.00051959183           
       2.501761             0.00775318033            0.000549945431           
       2.504402              0.0073043404            0.000525991024           
       2.507042             0.00652497932            0.000493455739           
       2.509683             0.00770419978            0.000527999629           
       2.512323             0.00714364912            0.000533976262           
       2.514963             0.00750406865            0.000540519536           
       2.517604             0.00703830405            0.000543187147           
       2.520244             0.00652023296            0.000490138878           
       2.522884             0.00811028867            0.000554463016           
       2.525525             0.00782802026            0.000550911655           
       2.528165             0.00960015098            0.000600581647           
       2.530806             0.00845139616            0.000573326341           
       2.533446             0.00788874237            0.000542090089           
       2.536086             0.00746972117            0.000522775438           
       2.538727             0.00824408402            0.000526878355           
       2.541367             0.00768337831            0.000513655965           
       2.544008             0.00753398181            0.000525298538           
       2.546648             0.00776867652            0.000542567254           
       2.549288             0.00761065164            0.000547962888           
       2.551929             0.00648193611            0.000497638654           
       2.554569              0.0072328755            0.000506443753           
       2.557209             0.00713919293            0.000507774098           
       2.559850             0.00627690226            0.000477651388           
       2.562490             0.00667476803            0.000509084053           
       2.565131             0.00742727811            0.000556801116           
       2.567771             0.00624661968            0.000492325643           
       2.570411             0.00766676651            0.000539524819           
       2.573052             0.00703958779            0.000523496889           
       2.575692             0.00638414368            0.000495511745           
       2.578332             0.00701840614            0.000521691897           
       2.580973             0.00696394945            0.000514719586           
       2.583613             0.00658773296            0.000488702791           
       2.586254             0.00633141067            0.000478435154           
       2.588894             0.00721988222              0.0005305477           
       2.591534             0.00714863636            0.000546499871           
       2.594175             0.00651115259            0.000511721556           
       2.596815             0.00649706402            0.000514181605           
       2.599456              0.0076923416            0.000530555557           
       2.602096             0.00705556323            0.000511988301           
       2.604736             0.00727213112            0.000532111834           
       2.607377             0.00619425739             0.00047815434           
       2.610017             0.00683477006            0.000493478402           
       2.612657             0.00798153105            0.000567215859           
       2.615298             0.00649527663            0.000499567143           
       2.617938             0.00739444497            0.000570200861           
       2.620579             0.00684301333            0.000526581289           
       2.623219              0.0069463399            0.000529785697           
       2.625859             0.00767995069            0.000541617891           
       2.628500             0.00621326129            0.000483969057           
       2.631140              0.0062896215            0.000494436758           
       2.633780             0.00733068529            0.000533326394           
       2.636421             0.00705085293            0.000535910839           
       2.639061             0.00677426133            0.000494504204           
       2.641702             0.00637404289            0.000490779118           
       2.644342             0.00774073904            0.000543145747           
       2.646982             0.00806566842            0.000546139677           
       2.649623             0.00722294042             0.00054160817           
       2.652263             0.00651124736            0.000509073095           
       2.654904             0.00589426996            0.000484841464           
       2.657544             0.00688990837            0.000493735716           
       2.660184             0.00669747506            0.000515167621           
       2.662825             0.00758770198            0.000561059088           
       2.665465             0.00663159889            0.000507297866           
       2.668105             0.00680376222            0.000541607763           
       2.670746             0.00797847087            0.000541803588           
       2.673386             0.00873468492            0.000584234833           
       2.676027             0.00750433775             0.00053283575           
       2.678667             0.00993451287            0.000598203604           
       2.681307              0.0104873196            0.000603900916           
       2.683948              0.0147039362            0.000734704128           
       2.686588              0.0126184644            0.000669323967           
       2.689229              0.0108622884            0.000606818576           
       2.691869               0.010479855             0.00062995564           
       2.694509             0.00923217755            0.000591592937           
       2.697150             0.00760187344            0.000528113714           
       2.699790             0.00704851241            0.000533119771           
       2.702430             0.00766594392            0.000531449684           
       2.705071              0.0067251548            0.000514353435           
       2.707711             0.00690047577            0.000505683862           
       2.710352             0.00690540603            0.000534509137           
       2.712992             0.00759891631            0.000571074981           
       2.715632             0.00719781944            0.000515671222           
       2.718273             0.00749026982            0.000545172656           
       2.720913             0.00791577851             0.00055884926           
       2.723553             0.00692099503            0.000526061239           
       2.726194             0.00707790187            0.000556105973           
       2.728834             0.00782582134            0.000585024381           
       2.731475             0.00844479167            0.000560872197           
       2.734115             0.00667657566            0.000514185611           
       2.736755             0.00688190984            0.000526329221           
       2.739396             0.00652086826             0.00050936858           
       2.742036             0.00753028349            0.000572862882           
       2.744677             0.00713869357            0.000541189709           
       2.747317             0.00701581638            0.000532686063           
       2.749957              0.0060147898            0.000496683364           
       2.752598             0.00724482901            0.000551024956           
       2.755238             0.00758707757            0.000574069577           
       2.757878             0.00759890212            0.000569493612           
       2.760519             0.00759380269            0.000563266047           
       2.763159             0.00859075285            0.000593113339           
       2.765800             0.00777923478            0.000537868747           
       2.768440             0.00724218467            0.000522793693           
       2.771080             0.00762243859            0.000540819776           
       2.773721             0.00625333832            0.000502484479           
       2.776361             0.00696047183            0.000537448181           
       2.779001             0.00714724688            0.000564000184           
       2.781642             0.00697762402             0.00055316061           
       2.784282             0.00691182111            0.000559599273           
       2.786923             0.00729527223            0.000579974345           
       2.789563             0.00652334501             0.00052820494           
       2.792203               0.007183201            0.000529492127           
       2.794844             0.00791828411            0.000609284485           
       2.797484             0.00666468398            0.000527538423           
       2.800125             0.00784293631             0.00060174582           
       2.802765             0.00717381092            0.000565603847           
       2.805405             0.00677119454            0.000551362816           
       2.808046             0.00738578057             0.00058596461           
       2.810686             0.00709843326            0.000527855427           
       2.813326              0.0065639624            0.000527250444           
       2.815967             0.00662853064            0.000544902124           
       2.818607             0.00790990751            0.000568026666           
       2.821248             0.00800786191            0.000559667436           
       2.823888             0.00812880107            0.000585319451           
       2.826528              0.0077452284            0.000553317353           
       2.829169             0.00637108113             0.00052564742           
       2.831809             0.00712783595            0.000563552463           
       2.834449             0.00626651734            0.000531746456           
       2.837090             0.00685243395            0.000537056192           
       2.839730             0.00604722044            0.000502053027           
       2.842371             0.00609404395            0.000504720359           
       2.845011             0.00636475911             0.00051992063           
       2.847651             0.00690988189            0.000542393441           
       2.850292             0.00563753035            0.000494726312           
       2.852932             0.00661569307            0.000547609918           
       2.855573             0.00686111586            0.000540960265           
       2.858213             0.00583095271            0.000523693529           
       2.860853             0.00641621147            0.000511018945           
       2.863494             0.00664707069            0.000538523175           
       2.866134             0.00644717894             0.00055124773           
       2.868774             0.00660088561            0.000548183555           
       2.871415             0.00741775236            0.000590165324           
       2.874055             0.00807670496            0.000588648488           
       2.876696             0.00632682632            0.000535085119           
       2.879336             0.00768172563            0.000568263447           
       2.881976             0.00692902441             0.00055666841           
       2.884617             0.00702247533            0.000552179228           
       2.887257             0.00794294637            0.000590284856           
       2.889897             0.00710654183            0.000546850377           
       2.892538             0.00722552881            0.000604071024           
       2.895178             0.00725074092            0.000546689214           
       2.897819             0.00630185337            0.000519905386           
       2.900459             0.00850283362            0.000592161754           
       2.903099             0.00699338148            0.000531537267           
       2.905740             0.00722688195            0.000554317842           
       2.908380             0.00635445033            0.000525689304           
       2.911021             0.00723289524            0.000569967871           
       2.913661             0.00748362176            0.000579588915           
       2.916301             0.00679608078            0.000552850091           
       2.918942             0.00707174465            0.000539433042           
       2.921582             0.00726745596            0.000572159019           
       2.924222             0.00740010138            0.000559347818           
       2.926863             0.00739096971            0.000582265726           
       2.929503             0.00647265357            0.000551349176           
       2.932144             0.00678605278            0.000541923184           
       2.934784             0.00691055233            0.000537904626           
       2.937424             0.00649426837            0.000526805255           
       2.940065             0.00701444139            0.000522260151           
       2.942705             0.00632045518             0.00049513009           
       2.945346             0.00730824374            0.000565028843           
       2.947986             0.00736187212            0.000578243875           
       2.950626             0.00700920952            0.000561047053           
       2.953267             0.00712492638            0.000556519787           
       2.955907             0.00654686598            0.000553398171           
       2.958547             0.00624694397            0.000510329173           
       2.961188             0.00730380646             0.00057569409           
       2.963828             0.00664262096            0.000537041461           
       2.966469               0.007660593            0.000565765875           
       2.969109              0.0067476259            0.000538850865           
       2.971749             0.00675246267            0.000535681216           
       2.974390              0.0074748708            0.000553848022           
       2.977030             0.00812166118            0.000590214729           
       2.979670             0.00844096622            0.000585274062           
       2.982311             0.00854418862            0.000610304867           
       2.984951             0.00741989364              0.0005409174           
       2.987592             0.00624565805            0.000506213597           
       2.990232             0.00795261708            0.000594057634           
       2.992872             0.00796953902             0.00056016374           
       2.995513             0.00825059363            0.000557604135           
       2.998153               0.010355269            0.000635184893           
       3.000794              0.0123303903            0.000671357072           
       3.003434              0.0117270561            0.000655714661           
       3.006074               0.038044801             0.00116449587           
       3.008715               0.112925764             0.00193666821           
       3.011355               0.213499745             0.00256791076           
       3.013995                0.12170814             0.00194411102           
       3.016636              0.0701852165             0.00144567894           
       3.019276               0.134245413             0.00196536531           
       3.021917               0.494057166             0.00362537847           
       3.024557                1.47836279             0.00616574046           
       3.027197                1.16965056             0.00534692341           
       3.029838                0.55098371             0.00372187922           
       3.032478               0.266089731             0.00258909693           
       3.035118              0.0671333923             0.00131792694           
       3.037759              0.0858348572             0.00148830927           
       3.040399               0.118562326              0.0018043237           
       3.043040               0.467910356             0.00362838507           
       3.045680               0.405919769             0.00317962791           
       3.048320                 0.1003022              0.0016149482           
       3.050961               0.110622193             0.00172587855           
       3.053601              0.0880558352             0.00148302725           
       3.056242              0.0609151757             0.00131145341           
       3.058882              0.0549094583             0.00133565169           
       3.061522              0.0404459608             0.00112468006           
       3.064163              0.0533503877             0.00127543014           
       3.066803               0.112092898             0.00194633005           
       3.069443               0.109535707             0.00201299794           
       3.072084              0.0470375559             0.00128448127           
       3.074724               0.040988396             0.00133906063           
       3.077365              0.0797519902             0.00193354432           
       3.080005               0.015778519            0.000864909093           
       3.082645              0.0124133659            0.000805912405           
       3.085286              0.0135465318            0.000848535684           
       3.087926             0.00911291325            0.000690596742           
       3.090566              0.0115365546             0.00076133274           
       3.093207              0.0107744896            0.000765631991           
       3.095847             0.00984228966            0.000701382554           
       3.098488             0.00836453637            0.000716955733           
       3.101128              0.0092022746            0.000756838192           
       3.103768             0.00886987952            0.000729064329           
       3.106409             0.00759410627            0.000717954186           
       3.109049              0.0090982961            0.000754139196           
       3.111690             0.00777547348            0.000685195802           
       3.114330             0.00835564348             0.00072540943           
       3.116970             0.00716983275            0.000677125488           
       3.119611              0.0114266551            0.000909898529           
       3.122251              0.0185839858             0.00121380371           
       3.124891               0.034370792             0.00166609745           
       3.127532               0.022626684             0.00132246499           
       3.130172              0.0160046163             0.00113145323           
       3.132813             0.00995388765            0.000878437461           
       3.135453             0.00826888924            0.000794046408           
       3.138093             0.00690030191            0.000785958187           
       3.140734             0.00624925813            0.000690052676           
       3.143374             0.00758321734            0.000803883471           
       3.146014               0.006814501            0.000820381404           
       3.148655             0.00766930291            0.000809038856           
       3.151295             0.00707373482            0.000828005046           
       3.153936             0.00685823721            0.000787550508           
       3.156576             0.00756077436            0.000815656816           
       3.159216             0.00720127065            0.000800010591           
       3.161857             0.00632694177            0.000746821821           
       3.164497             0.00669683469            0.000807306599           
       3.167138             0.00902386516            0.000968284386           
       3.169778              0.0055943799            0.000749826528           
       3.172418             0.00648376364            0.000799021219           
       3.175059             0.00579243983            0.000669537597           
       3.177699             0.00623991243            0.000735875938           
       3.180339             0.00546468522            0.000737834019           
       3.182980             0.00574540963            0.000782193958           
       3.185620             0.00595928157            0.000811289106           
       3.188261             0.00606347796            0.000832954731           
       3.190901             0.00590228018            0.000755824924           
       3.193541             0.00672237809            0.000847570465           
       3.196182             0.00534053653            0.000787289203           
       3.198822             0.00520009824            0.000777129088           
       3.201463             0.00673213337            0.000868992962           
       3.204103             0.00588793495            0.000807738966           
       3.206743             0.00676369297            0.000865646765           
       3.209384             0.00542135281            0.000837323065           
       3.212024              0.0052785032            0.000770294238           
       3.214664             0.00537996967            0.000884313084           
       3.217305               0.005378941            0.000840520297           
       3.219945              0.0072230103             0.00100249734           
       3.222586             0.00618112784            0.000883314552           
       3.225226             0.00637747019            0.000995341407           
       3.227866              0.0070014101            0.000953195608           
       3.230507             0.00526627637            0.000856951335           
       3.233147             0.00764606253             0.00104091686           
       3.235787             0.00547350343            0.000901290184           
       3.238428             0.00829500019             0.00119732629           
       3.241068             0.00377516797            0.000755278549           
       3.243709             0.00662296391             0.00103355198           
       3.246349              0.0060492654            0.000900447799           
       3.248989              0.0069115879             0.00113648613           
       3.251630             0.00553616153            0.000979475517           
       3.254270              0.0062357242            0.000929048593           
       3.256911             0.00475597235            0.000885285937           
       3.259551             0.00593323679             0.00106453454           
       3.262191             0.00679491264             0.00116365166           
       3.264832             0.00695243572             0.00122985403           
       3.267472             0.00553114055             0.00102907029           
       3.270112             0.00506825879             0.00108862786           
       3.272753              0.0052975975             0.00101874225           
       3.275393             0.00449211474            0.000957191284           
       3.278034             0.00344046626            0.000838158989           
       3.280674             0.00552983266               0.001153079           
       3.283314             0.00556039966              0.0010341075           
       3.285955             0.00411056688            0.000917383293           
       3.288595             0.00586773462             0.00121941024           
       3.291235             0.00452421169             0.00110071672           
       3.293876             0.00579388221             0.00126352924           
       3.296516             0.00607741704             0.00124234257           
       3.299157             0.00593300381             0.00121206975           
       3.301797              0.0064028408             0.00143629056           
       3.304437              0.0043385144             0.00102431931           
       3.307078             0.00729530728             0.00146317212           
       3.309718               0.006865906              0.0014651357           
       3.312359             0.00501021594             0.00125187308           
       3.314999             0.00544113989             0.00128448444           
       3.317639             0.00501134803             0.00117893635           
       3.320280             0.00654673692             0.00143265986           
       3.322920             0.00322814059             0.00102295289           
       3.325560             0.00355465383                0.00107417           
       3.328201             0.00367364545            0.000983478395           
       3.330841             0.00816931796              0.0017849333           
       3.333482             0.00381516209             0.00115298296           
       3.336122             0.00454297076             0.00125873977           
       3.338762             0.00511528452             0.00154291178           
       3.341403              0.0029239378             0.00111465159           
       3.344043             0.00351179619             0.00117281164           
       3.346683             0.00526929462             0.00146666498           
       3.349324             0.00361034706             0.00136496834           
       3.351964             0.00227788271             0.00114651262           
       3.354605             0.00225572121             0.00130481844           
       3.357245             0.00420810217             0.00160771206           
       3.359885             0.00515183144             0.00142374275           
       3.362526             0.00911582687             0.00236835592           
       3.365166             0.00544921975             0.00172709779           
       3.367807             0.00808919211             0.00269304336           
       3.370447             0.00614962814             0.00194777516           
       3.373087             0.00628381433             0.00210549068           
       3.375728             0.00175454237             0.00125563326           
       3.378368             0.00387435559             0.00276917574           
       3.381008             0.00220131398             0.00155621613           
       3.383649             0.00425301171             0.00173524845           
       3.386289             0.00892987705             0.00297588851           
       3.388930             0.00995820921             0.00497081791           
       3.391570              0.0036414677             0.00212636566           
       3.394210             0.00797991661             0.00398353708           
       3.396851             0.00494476247             0.00350764959           
       3.399491             0.00467149585             0.00341030764           
       3.402131           -2.66232177e-05                         0           
       3.404772           -2.66360673e-05                         0           
       3.407412                       nan                       nan           
       3.410053           -2.67016721e-05                         0           
       3.412693                       nan                       nan           
       3.415333           -2.67526985e-05                         0           
