################################################################################
# EDF_DataBlockID                     0.Image.Psd
# EDF_BinarySize                      4366944
# EDF_HeaderSize                      2560
# ByteOrder                           LowByteFirst
# DataType                            FloatValue
# Dim_1                               1028
# Dim_2                               1062
# Image                               0
# HeaderID                            EH:000000:000000:000000
# Size                                4366944
# Center_1                            607.5200
# Center_2                            651.5500
# Comment                             Xenocs_Cell_Window - 20251028_20perc_iodine_1.23mg
# DDummy                              0.6
# Date                                2025-10-29T23:02:14
# Delta                               0
# Dummy                               -1.5
# ExposureTime                        360
# Gamma                               0
# Intensity1                          8.46102e-10
# PSize_1                             7.5e-05
# PSize_2                             7.5e-05
# Pressure                            0.0326767
# SampleDistance                      0.450002
# SampleEnvKind                       large
# SampleEnvPN                         ElectroChemical cell
# SampleEnvSN                         1141
# Thickness                           0
# Wavelength                          1.541891e-10
# Wavelength                          1.54189e-10
# aux                                 0
# aux_dial                            0.002375
# beamx                               588.434
# beamx_dial                          588.434
# beamz                               657.808
# beamz_dial                          657.808
# det0x                               0
# det0x_dial                          6.36945
# det0xvd                             0
# det0xvd_dial                        0
# det0y                               450.002
# det0y_dial                          481.635
# det0z                               0
# det0z_dial                          1.23302
# det0zvd                             0
# det0zvd_dial                        0
# mag                                 1.818
# mag_dial                            1.818
# om                                  0.2499
# om_dial                             -0.610199
# phi                                 -0.0120535
# phi_dial                            0
# ry                                  0.599993
# ry_dial                             0.599993
# s1bot                               0.8
# s1bot_dial                          -1.66094
# s1hl                                0.8
# s1hl_dial                           -0.608437
# s1hr                                0.8
# s1hr_dial                           0.970938
# s1top                               0.8
# s1top_dial                          -0.461562
# s2bot                               0.45
# s2bot_dial                          1.36109
# s2hl                                0.45
# s2hl_dial                           -0.83375
# s2hr                                0.45
# s2hr_dial                           -0.118594
# s2top                               0.45
# s2top_dial                          1.44734
# w2theta                             32
# w2theta_dial                        32
# waxsch                              19.2605
# waxsch_dial                         -32.7355
# waxsh                               137.085
# waxsh_dial                          -43.5338
# waxsth                              26.0607
# waxsth_dial                         -19.4086
# waxsz                               67.0407
# waxsz_dial                          -23.7954
# wind                                65.9854
# wind_dial                           66.0041
# wpsi                                124
# wpsi_dial                           124
# wstod                               115
# wstod_dial                          115
# x                                   0
# x_dial                              1.00969
# z                                   0
# z_dial                              13.3172
# CountCutoff                         15302352
# DetectorModel                       Dectris EIGER2 Si 1M, S/N E-02-0362
# ThresholdSetting                    4023.88989258
# Saturation                          0
# FlatField                           Corrected
# BackgroundReductionExtra            0.02
# BackgroundCorrectionConstant        0.0026712
# Detector                            0
# Monitor                             0
# Pil_Roi0                            0
# SumForIntensity1                    3.04597e+08
# TransmittedFlux                     846102
# det                                 0
# mon                                 0
# pilai0                              3.04597e+08
# pilai1                              773996
# pilct0                              5.27215e+08
# pilct1                              773996
# pilroi0                             0
# pilroi1                             0
# sec                                 1
# title                               20251028_20perc_iodine_1.23mg_0_00297.edf
# usaxs0                              0
# Operation                           Azimuthal average I(q)
# Error_model                         ErrorModel.poisson
# Geometrical_correction              True
# Transmission_correction             True
# Thickness_correction                False
# Binning mode                        Uniform
# Binning factor                      1.0
# Psi                                 0.0
# Omega                               0.2499
# MaskInvalidPixels                   True
# DetectorEdge                        3
# MaskFiles                           ['20251028_20perc_iodine_1.23mg_0_00012_mask.edf']
################################################################################
    q(A⁻¹)                Intensity(a.u.)            Sigma_I(a.u.)            
       0.000340                372139.153                121.082849           
       0.001019                359026.424                72.8297473           
       0.001698                350018.362                50.8482543           
       0.002377                331159.421                44.2378727           
       0.003056                307885.131                 36.050068           
       0.003735                253438.002                28.8453262           
       0.004415                  204865.9                25.9342998           
       0.005094                152952.921                19.4065945           
       0.005773                100935.609                14.5955143           
       0.006452                58810.4596                10.6746526           
       0.007131                32353.8173                 7.6700403           
       0.007810                16215.9327                5.38878367           
       0.008490                8131.69337                3.38253907           
       0.009169                3934.81381                2.32543968           
       0.009848                1214.69676                1.24920149           
       0.010527                469.697427               0.776797657           
       0.011206                118.157537               0.371845938           
       0.011885                54.6063322               0.234866944           
       0.012564                24.8817268               0.162769272           
       0.013244                17.1354226               0.126281446           
       0.013923                12.3115433               0.108767224           
       0.014602                9.36555837              0.0879819453           
       0.015281                7.50448505              0.0801707682           
       0.015960                6.03374521              0.0713715303           
       0.016639                5.02453035              0.0615026577           
       0.017319                4.13166757              0.0549036995           
       0.017998                3.34594846               0.047268292           
       0.018677                2.92623311              0.0457835955           
       0.019356                2.45810389               0.041462421           
       0.020035                2.08671884               0.035840971           
       0.020714                1.84643776              0.0340711953           
       0.021394                1.60752091               0.030079333           
       0.022073                1.48021255              0.0300304118           
       0.022752                1.25266788              0.0264271751           
       0.023431                 1.0831971              0.0238541425           
       0.024110                1.00096126               0.023907018           
       0.024789               0.866139787               0.020653372           
       0.025469               0.868524045              0.0213127733           
       0.026148               0.720664907               0.018241085           
       0.026827               0.688356862               0.018112803           
       0.027506               0.629724872              0.0175740675           
       0.028185               0.551251927              0.0156804398           
       0.028864               0.502509281              0.0148871489           
       0.029544               0.490743044               0.014266332           
       0.030223               0.425927406              0.0134814435           
       0.030902               0.406358448              0.0132886076           
       0.031581               0.396468247              0.0124776001           
       0.032260               0.346374321               0.011861437           
       0.032939               0.320495083              0.0110014605           
       0.033619               0.294455466              0.0107000482           
       0.034298               0.259348105             0.00977243169           
       0.034977                0.23725409              0.0091632213           
       0.035656               0.236918697             0.00939908405           
       0.036335               0.226776134             0.00891867133           
       0.037014               0.203899696             0.00848209811           
       0.037693               0.189590899             0.00786815435           
       0.038373               0.184766177             0.00784361913           
       0.039052                0.17472957             0.00766006287           
       0.039731               0.172937049             0.00744307397           
       0.040410                0.14804528             0.00684044019           
       0.041089               0.142756115             0.00661191665           
       0.041768               0.145099785             0.00670079709           
       0.042448               0.125272382             0.00617785463           
       0.043127               0.128142998             0.00610066609           
       0.043806               0.127693993             0.00613537669           
       0.044485               0.120495219             0.00583748973           
       0.045164               0.128187408             0.00613960171           
       0.045843               0.109573017             0.00544431005           
       0.046523              0.0958972531             0.00511082747           
       0.047202              0.0944650488             0.00510796532           
       0.047881              0.0883743131             0.00484527602           
       0.048560              0.0866075626             0.00484031876           
       0.049239              0.0954670134             0.00487950298           
       0.049918              0.0910292862             0.00485788877           
       0.050598              0.0910551052             0.00478568361           
       0.051277              0.0854672288             0.00462180219           
       0.051956              0.0833850078             0.00453648748           
       0.052635              0.0795759968             0.00433761435           
       0.053314               0.079612315             0.00446545192           
       0.053993              0.0762876587             0.00425132758           
       0.054673              0.0792019257             0.00423527666           
       0.055352              0.0696739805             0.00403071396           
       0.056031              0.0696834173             0.00394629022           
       0.056710              0.0717129204             0.00410144659           
       0.057389              0.0725277991             0.00397747761           
       0.058068              0.0671450126             0.00386648483           
       0.058748              0.0661704522             0.00388620239           
       0.059427              0.0616596647             0.00368789026           
       0.060106              0.0615553741             0.00371964512           
       0.060785              0.0589261157              0.0035302952           
       0.061464              0.0600286117             0.00364905326           
       0.062143              0.0573081396             0.00352918961           
       0.062822              0.0561232017             0.00345152935           
       0.063502              0.0548350784              0.0034055948           
       0.064181              0.0521527216             0.00328618335           
       0.064860              0.0520352632             0.00333247625           
       0.065539              0.0573129058             0.00346319357           
       0.066218              0.0495864851             0.00315233374           
       0.066897              0.0477436059             0.00311707942           
       0.067577              0.0567455418             0.00343090408           
       0.068256              0.0489878037             0.00326607391           
       0.068935              0.0444818247             0.00306191852           
       0.069614              0.0454084827             0.00312444416           
       0.070293              0.0442758363             0.00311368002           
       0.070972              0.0436262962             0.00306812625           
       0.071652               0.039724299             0.00293307412           
       0.072331              0.0366531169             0.00276719916           
       0.073010              0.0367757809             0.00283515914           
       0.073689              0.0378665503             0.00286108836           
       0.074368              0.0387802031             0.00289013333           
       0.075047              0.0407969338             0.00293246842           
       0.075727              0.0435546134             0.00301124407           
       0.076406              0.0340266087             0.00271467647           
       0.077085              0.0382297187             0.00282368419           
       0.077764              0.0387713164             0.00283365121           
       0.078443              0.0423831176             0.00298104245           
       0.079122              0.0378462264             0.00278991336           
       0.079802              0.0351165317             0.00271592051           
       0.080481              0.0404256681             0.00281570752           
       0.081160              0.0325381596             0.00257796474           
       0.081839              0.0356141955             0.00265388996           
       0.082518              0.0379171972             0.00274065938           
       0.083197              0.0390423534             0.00273781412           
       0.083876              0.0353083594             0.00256033995           
       0.084556              0.0323988274             0.00252079089           
       0.085235              0.0301808033             0.00238596852           
       0.085914              0.0319379127             0.00247828391           
       0.086593               0.033060161             0.00250522129           
       0.087272              0.0322380008             0.00243890562           
       0.087951              0.0319370844             0.00248233095           
       0.088631              0.0308057646              0.0023549298           
       0.089310              0.0336344951             0.00251286541           
       0.089989              0.0302467883             0.00235509928           
       0.090668                 0.0290829               0.002334834           
       0.091347              0.0351039108             0.00257952458           
       0.092026              0.0297538729             0.00226995935           
       0.092706              0.0283478122             0.00229609788           
       0.093385               0.027947837             0.00224483192           
       0.094064              0.0318086373             0.00242274462           
       0.094743              0.0308244334             0.00234862376           
       0.095422               0.028157128             0.00221967819           
       0.096101              0.0289951769             0.00229885871           
       0.096781               0.025883168              0.0021408921           
       0.097460              0.0275412353             0.00214815805           
       0.098139              0.0283202052             0.00216156404           
       0.098818              0.0245322846             0.00198704375           
       0.099497              0.0295238929             0.00218431869           
       0.100176              0.0265785896             0.00201810942           
       0.100856              0.0267123861             0.00202188617           
       0.101535              0.0274974076             0.00204742418           
       0.102214              0.0243335015             0.00192604729           
       0.102893              0.0254048039             0.00194556569           
       0.103572              0.0247311502             0.00189123934           
       0.104251              0.0262700712             0.00195639429           
       0.104931              0.0214654212             0.00175236078           
       0.105610              0.0236892068             0.00184874791           
       0.106289              0.0270576745             0.00194294048           
       0.106968              0.0225244239             0.00177798499           
       0.107647              0.0212613873             0.00172845319           
       0.108326              0.0247715003             0.00184072466           
       0.109005              0.0258734135             0.00186938369           
       0.109685               0.025353244             0.00182973987           
       0.110364              0.0228811212             0.00175798888           
       0.111043              0.0258241487             0.00186022342           
       0.111722              0.0234359662             0.00175046145           
       0.112401              0.0268595652             0.00187917244           
       0.113080              0.0239015215             0.00175236426           
       0.113760              0.0252445832              0.0018310057           
       0.114439              0.0223465487             0.00169811865           
       0.115118              0.0229519281             0.00170798988           
       0.115797              0.0231007649             0.00172939305           
       0.116476              0.0220950852             0.00166601578           
       0.117155              0.0236530353             0.00173765443           
       0.117835              0.0256177005             0.00177243128           
       0.118514              0.0234230311             0.00171629876           
       0.119193              0.0241733522             0.00174358415           
       0.119872              0.0208331017             0.00159840104           
       0.120551               0.020445535              0.0015729158           
       0.121230              0.0229967757             0.00165138041           
       0.121910              0.0184119317             0.00149190276           
       0.122589              0.0232718942             0.00167901276           
       0.123268               0.023522928             0.00165534116           
       0.123947              0.0223042928             0.00162231711           
       0.124626              0.0230114929             0.00162768792           
       0.125305              0.0200003312             0.00152490693           
       0.125985              0.0198919722             0.00150897007           
       0.126664               0.019399373             0.00147597465           
       0.127343              0.0206670693             0.00154109561           
       0.128022              0.0177600933             0.00141764954           
       0.128701              0.0203664569              0.0015102045           
       0.129380              0.0205992079             0.00149978704           
       0.130059              0.0222463015             0.00156221449           
       0.130739               0.018891158             0.00144972101           
       0.131418               0.020965006              0.0015229478           
       0.132097              0.0213282395             0.00151638423           
       0.132776              0.0184455335             0.00140382258           
       0.133455              0.0176438548             0.00138364415           
       0.134134              0.0202588305             0.00147791554           
       0.134814              0.0178173157             0.00137172011           
       0.135493              0.0183981109               0.001399539           
       0.136172              0.0161091384             0.00129970138           
       0.136851              0.0184395104             0.00139862283           
       0.137530              0.0202781368              0.0014318492           
       0.138209              0.0195364617             0.00142192063           
       0.138889              0.0179386135             0.00136853846           
       0.139568               0.020411934             0.00145920702           
       0.140247              0.0161995886             0.00129824696           
       0.140926               0.019170253             0.00137189386           
       0.141605                0.01713707             0.00133005813           
       0.142284              0.0197104692             0.00140279421           
       0.142964              0.0185823896             0.00136726967           
       0.143643              0.0178307869             0.00133764134           
       0.144322              0.0180338759               0.001317088           
       0.145001              0.0190900822             0.00138292393           
       0.145680              0.0195142006             0.00136512223           
       0.146359              0.0200612617             0.00138918798           
       0.147039              0.0174712593             0.00130708809           
       0.147718              0.0195881015             0.00136117118           
       0.148397              0.0183113467             0.00133651387           
       0.149076              0.0172368196             0.00125648108           
       0.149755              0.0177196969             0.00129362995           
       0.150434              0.0196093948              0.0013614172           
       0.151114              0.0173549269             0.00127368413           
       0.151793              0.0172407329             0.00126949861           
       0.152472              0.0203335302             0.00135431837           
       0.153151              0.0195568598             0.00134104228           
       0.153830              0.0191485282             0.00131730044           
       0.154509              0.0194206398             0.00132109213           
       0.155188              0.0177993346             0.00126427826           
       0.155868                0.01526519             0.00116249305           
       0.156547              0.0191400617             0.00131006157           
       0.157226               0.017431378             0.00121968245           
       0.157905              0.0177956248             0.00124271114           
       0.158584              0.0203325939             0.00132592894           
       0.159263              0.0178618684             0.00124733278           
       0.159943              0.0187810853             0.00127997952           
       0.160622              0.0165354383             0.00117784282           
       0.161301              0.0193784137             0.00129213799           
       0.161980              0.0190836891             0.00126047483           
       0.162659              0.0178864812             0.00123382235           
       0.163338              0.0158156993             0.00115074769           
       0.164018              0.0169769107              0.0011859867           
       0.164697              0.0155633473             0.00115011954           
       0.165376              0.0160154398             0.00114121355           
       0.166055              0.0159625672             0.00114684212           
       0.166734              0.0163298838             0.00115476604           
       0.167413              0.0162528507             0.00115284572           
       0.168093              0.0149064887              0.0011145073           
       0.168772              0.0174926209             0.00117201282           
       0.169451              0.0159623989             0.00114017542           
       0.170130              0.0185191649             0.00121197602           
       0.170809               0.017606423             0.00119583448           
       0.171488              0.0165106123             0.00114746612           
       0.172168              0.0164888824             0.00113569462           
       0.172847              0.0151406999             0.00110257125           
       0.173526               0.014977275             0.00107568524           
       0.174205              0.0172365765             0.00115928408           
       0.174884              0.0166365737              0.0011329929           
       0.175563              0.0169435725             0.00114828069           
       0.176243              0.0169704666              0.0011606924           
       0.176922               0.016623244             0.00111882038           
       0.177601              0.0162182346             0.00111725172           
       0.178280              0.0164543679              0.0011127938           
       0.178959              0.0172407336             0.00114823601           
       0.179638              0.0148024994             0.00106088517           
       0.180317              0.0161457029             0.00109990185           
       0.180997               0.016725119             0.00112554003           
       0.181676              0.0162163683             0.00109645524           
       0.182355              0.0168624937             0.00112480061           
       0.183034                0.01538003             0.00105697963           
       0.183713              0.0154587614             0.00107258684           
       0.184392              0.0153043298             0.00106689303           
       0.185072              0.0173196153              0.0011220312           
       0.185751              0.0172801545             0.00112387015           
       0.186430              0.0166104339             0.00109415862           
       0.187109              0.0174335093             0.00113342323           
       0.187788              0.0165314881             0.00110099071           
       0.188467              0.0174136119             0.00111661116           
       0.189147              0.0156838059             0.00107043231           
       0.189826              0.0148937268             0.00102467587           
       0.190505              0.0155422506               0.001063978           
       0.191184              0.0165958541             0.00108360445           
       0.191863              0.0162985365             0.00107611637           
       0.192542              0.0166044528             0.00109641137           
       0.193222              0.0153027637             0.00102897034           
       0.193901              0.0149395982              0.0010303145           
       0.194580              0.0172905204             0.00108903105           
       0.195259              0.0149707188             0.00102498363           
       0.195938               0.014612019             0.00101504723           
       0.196617              0.0140709572            0.000982173243           
       0.197297              0.0147698127             0.00101037698           
       0.197976              0.0146371393            0.000990378831           
       0.198655              0.0153619738             0.00102568678           
       0.199334              0.0140773612            0.000973206435           
       0.200013              0.0168160495             0.00106307882           
       0.200692              0.0153874471             0.00102303669           
       0.201371               0.015030155            0.000999702556           
       0.202051              0.0161461384             0.00103937402           
       0.202730              0.0165255394             0.00104101229           
       0.203409              0.0159559464             0.00102978111           
       0.204088               0.015460557             0.00101254789           
       0.204767              0.0156315617             0.00101278107           
       0.205446              0.0139052111              0.0009570861           
       0.206126              0.0171711135             0.00104910899           
       0.206805               0.015689307             0.00102120482           
       0.207484              0.0162371104             0.00102020338           
       0.208163              0.0123300804            0.000894370048           
       0.208842              0.0156174467             0.00100383157           
       0.209521              0.0144719412            0.000958285423           
       0.210201              0.0137569612             0.00094473997           
       0.210880              0.0149465599            0.000965416581           
       0.211559              0.0156638869             0.00100292386           
       0.212238              0.0136639377            0.000931945631           
       0.212917              0.0153653664            0.000984594733           
       0.213596              0.0156322526            0.000998980925           
       0.214276              0.0150330557            0.000959238459           
       0.214955              0.0144199714            0.000959231328           
       0.215634              0.0186707575             0.00108367325           
       0.216313              0.0158224146            0.000995499059           
       0.216992              0.0148185923            0.000963161625           
       0.217671              0.0146109607            0.000949911961           
       0.218351              0.0142284406            0.000946562838           
       0.219030              0.0154113721            0.000969575319           
       0.219709              0.0167146002             0.00101603695           
       0.220388              0.0136016669             0.00091537551           
       0.221067              0.0132499449            0.000904179038           
       0.221746              0.0143914582            0.000941357763           
       0.222426              0.0170042251             0.00100795527           
       0.223105              0.0155706643            0.000977671767           
       0.223784              0.0152014413            0.000956428558           
       0.224463              0.0133759503            0.000904310032           
       0.225142              0.0148281559            0.000937069993           
       0.225821              0.0149972996            0.000946195404           
       0.226500              0.0145532494            0.000938008867           
       0.227180              0.0138080569            0.000899601784           
       0.227859              0.0153946693            0.000954142328           
       0.228538              0.0157243257            0.000954621025           
       0.229217              0.0142663612            0.000916485749           
       0.229896              0.0157385756            0.000962149791           
       0.230575              0.0153411725            0.000934782415           
       0.231255              0.0145659289            0.000924494438           
       0.231934              0.0151853411            0.000937497719           
       0.232613              0.0143677102            0.000915273876           
       0.233292              0.0149464258            0.000924505443           
       0.233971              0.0147022591            0.000916495022           
       0.234650              0.0125313794            0.000856083352           
       0.235330              0.0135892857            0.000883702067           
       0.236009              0.0135816291            0.000881548782           
       0.236688              0.0143827036            0.000903927664           
       0.237367              0.0146055824            0.000912227522           
       0.238046              0.0150183289            0.000931541759           
       0.238725              0.0138381259            0.000880395311           
       0.239405              0.0136675107            0.000880376671           
       0.240084              0.0144458563            0.000899334389           
       0.240763              0.0148501564            0.000920563566           
       0.241442              0.0145285924            0.000897712162           
       0.242121              0.0136462845              0.0008716689           
       0.242800              0.0147780958            0.000911391064           
       0.243480              0.0143740531            0.000894637057           
       0.244159              0.0132668476            0.000859906477           
       0.244838              0.0153073781            0.000908473253           
       0.245517              0.0153627067            0.000923205218           
       0.246196              0.0142731543            0.000890294563           
       0.246875              0.0128481923            0.000832910209           
       0.247554              0.0137891219            0.000871639757           
       0.248234              0.0151523323             0.00089985549           
       0.248913              0.0166047639             0.00095256318           
       0.249592              0.0143587337            0.000877382441           
       0.250271              0.0134246345            0.000845900346           
       0.250950              0.0129373868            0.000835493587           
       0.251629              0.0135077903             0.00084645715           
       0.252309              0.0123952435            0.000812495364           
       0.252988              0.0135073147            0.000833550225           
       0.253667              0.0127803619            0.000820282897           
       0.254346              0.0119813516            0.000794064181           
       0.255025               0.012715772            0.000816247155           
       0.255704              0.0118203891            0.000783380084           
       0.256384              0.0147249161            0.000871320621           
       0.257063              0.0134975193            0.000838972322           
       0.257742              0.0125850283            0.000804503855           
       0.258421              0.0143913242            0.000858646983           
       0.259100              0.0132932461             0.00082667818           
       0.259779                0.01333303            0.000827212473           
       0.260459              0.0129213796             0.00081594167           
       0.261138              0.0136855381             0.00082331201           
       0.261817              0.0128755343             0.00081469572           
       0.262496              0.0137198044            0.000832734508           
       0.263175              0.0132617652            0.000820474483           
       0.263854              0.0120838769            0.000779552122           
       0.264534              0.0120090645            0.000770497892           
       0.265213              0.0132335441            0.000821571863           
       0.265892              0.0133448263            0.000814449023           
       0.266571              0.0114508335             0.00075272657           
       0.267250              0.0126388081            0.000792141457           
       0.267929              0.0136791167            0.000823252699           
       0.268609               0.013844598            0.000832752063           
       0.269288              0.0119325882            0.000760269688           
       0.269967              0.0118064857            0.000764389747           
       0.270646              0.0110019507            0.000734696447           
       0.271325              0.0113366905            0.000747035051           
       0.272004              0.0128366614            0.000786996776           
       0.272683              0.0130182959            0.000793524364           
       0.273363              0.0137840702            0.000821737329           
       0.274042              0.0123139063            0.000772097764           
       0.274721              0.0132073135            0.000799142184           
       0.275400              0.0142663431            0.000825064892           
       0.276079              0.0109944472            0.000728412718           
       0.276758              0.0116128957            0.000758066694           
       0.277438              0.0119090747            0.000759055555           
       0.278117              0.0118968545            0.000772461338           
       0.278796              0.0115440159            0.000753196646           
       0.279475              0.0118021518            0.000774151952           
       0.280154              0.0108589341            0.000731891723           
       0.280833              0.0117739512            0.000766738774           
       0.281513              0.0117874539            0.000779214309           
       0.282192              0.0125028864            0.000788821829           
       0.282871              0.0100448984            0.000711984854           
       0.283550              0.0111289093            0.000753434384           
       0.284229              0.0107400165            0.000751024094           
       0.284908              0.0096264536            0.000718524168           
       0.285588              0.0115607122            0.000778188629           
       0.286267              0.0103230315            0.000747127882           
       0.286946              0.0108081353            0.000759509544           
       0.287625              0.0102486504            0.000752183057           
       0.288304              0.0108844814            0.000764789609           
       0.288983              0.0107482572            0.000769612921           
       0.289663             0.00947505959            0.000726823149           
       0.290342              0.0114657095            0.000795280355           
       0.291021             0.00948675829            0.000727297642           
       0.291700             0.00958617618            0.000721547857           
       0.292379               0.011151744            0.000796059142           
       0.293058             0.00964405066             0.00073749674           
       0.293738              0.0102003249            0.000752099005           
       0.294417             0.00931425739            0.000727044367           
       0.295096              0.0108275464            0.000775266565           
       0.295775             0.00995903934            0.000754878644           
       0.296454             0.00908713505            0.000711750717           
       0.297133             0.00963356445            0.000736304959           
       0.297812              0.0100582144            0.000756131663           
       0.298492             0.00935953859            0.000730806645           
       0.299171             0.00944716611            0.000732830646           
       0.299850              0.0105446782            0.000768942241           
       0.300529              0.0103764058              0.0007713745           
       0.301208             0.00813734345            0.000684760411           
       0.301887             0.00868863058            0.000706734998           
       0.302567              0.0105830709            0.000776079515           
       0.303246             0.00825439085            0.000689872909           
       0.303925             0.00858439483            0.000712561184           
       0.304604              0.0089488267            0.000711819659           
       0.305283             0.00889794558            0.000720320217           
       0.305962             0.00933751834             0.00073344047           
       0.306642             0.00936813131            0.000744619281           
       0.307321             0.00948759779            0.000746959266           
       0.308000             0.00942954121            0.000735843598           
       0.308679             0.00871667328            0.000722803321           
       0.309358             0.00760697384            0.000666094539           
       0.310037              0.0103985513            0.000780517939           
       0.310717              0.0094851373            0.000744732382           
       0.311396             0.00991869633            0.000766670335           
       0.312075              0.0090294422            0.000740771992           
       0.312754              0.0101570914            0.000769949768           
       0.313433             0.00823594758            0.000699351097           
       0.314112             0.00963384362            0.000756203301           
       0.314792             0.00833444059            0.000708325846           
       0.315471             0.00783092677            0.000678105408           
       0.316150              0.0107651589            0.000802419945           
       0.316829             0.00972906557            0.000767866148           
       0.317508             0.00936918035            0.000745074839           
       0.318187             0.00940356046            0.000756287379           
       0.318866             0.00930582975            0.000742212154           
       0.319546             0.00937256982            0.000756034292           
       0.320225             0.00996389112             0.00077953412           
       0.320904             0.00722425886            0.000653506246           
       0.321583             0.00708201667            0.000661297992           
       0.322262             0.00750871608            0.000670608479           
       0.322941             0.00655762568            0.000634728791           
       0.323621             0.00714331272            0.000658424833           
       0.324300             0.00847698705            0.000717823029           
       0.324979             0.00778871995            0.000689309265           
       0.325658             0.00787748133            0.000694483499           
       0.326337             0.00892955545            0.000740371445           
       0.327016             0.00924656155            0.000748615661           
       0.327696             0.00908615873             0.00075034742           
       0.328375             0.00691416125            0.000649025407           
       0.329054             0.00811306038            0.000706860029           
       0.329733             0.00804879851            0.000706626202           
       0.330412             0.00827408196            0.000710576837           
       0.331091             0.00694700547            0.000662914055           
       0.331771             0.00776193816             0.00068235724           
       0.332450             0.00740057754            0.000679220258           
       0.333129             0.00662188148            0.000640835304           
       0.333808             0.00656743292             0.00063903873           
       0.334487             0.00701456841            0.000663565957           
       0.335166             0.00697919436            0.000652203717           
       0.335846             0.00649148213            0.000640056357           
       0.336525             0.00789402778            0.000698854052           
       0.337204             0.00688626578            0.000654434407           
       0.337883             0.00540906485            0.000580778624           
       0.338562             0.00661099611            0.000645633952           
       0.339241             0.00643861696            0.000638354967           
       0.339921             0.00688938869            0.000649249247           
       0.340600             0.00672582279            0.000653678114           
       0.341279             0.00893555561            0.000745377664           
       0.341958             0.00601425197            0.000620141406           
       0.342637             0.00650875018            0.000636018316           
       0.343316             0.00555932673            0.000589504996           
       0.343995             0.00619468906            0.000632469751           
       0.344675             0.00763174675            0.000689106558           
       0.345354             0.00591411079            0.000610624796           
       0.346033              0.0058871114            0.000607641249           
       0.346712             0.00601423545            0.000618085677           
       0.347391             0.00610995661            0.000626842306           
       0.348070             0.00654070276            0.000639351384           
       0.348750             0.00656095352            0.000649592961           
       0.349429             0.00543927233            0.000583828197           
       0.350108             0.00609859349            0.000625639814           
       0.350787             0.00625221535            0.000622708711           
       0.351466              0.0059096461            0.000616561134           
       0.352145             0.00635805034            0.000640055493           
       0.352825             0.00657264104            0.000647819453           
       0.353504             0.00630415472            0.000634294492           
       0.354183             0.00616289183            0.000619922189           
       0.354862             0.00549190175            0.000598801206           
       0.355541             0.00520146908            0.000575120698           
       0.356220             0.00522894828             0.00057772708           
       0.356900             0.00655499469            0.000652991261           
       0.357579             0.00519362863            0.000574114413           
       0.358258             0.00704079346            0.000677707966           
       0.358937             0.00489513773            0.000554461787           
       0.359616             0.00534114298            0.000587257982           
       0.360295             0.00466078854            0.000549038972           
       0.360975             0.00603225747            0.000621945101           
       0.361654             0.00543793027            0.000593556664           
       0.362333             0.00527326647            0.000581528907           
       0.363012             0.00505748997             0.00057683432           
       0.363691             0.00638097565            0.000635145513           
       0.364370             0.00595506175            0.000621194128           
       0.365050             0.00569894432             0.00060443729           
       0.365729             0.00405290851            0.000514587027           
       0.366408             0.00531913518            0.000590821782           
       0.367087             0.00616935202            0.000626085641           
       0.367766             0.00437658077            0.000538316096           
       0.368445             0.00414163763            0.000514370386           
       0.369124             0.00518685292            0.000580149916           
       0.369804             0.00491934013            0.000564087167           
       0.370483             0.00612809044            0.000632341149           
       0.371162             0.00475236755             0.00056008573           
       0.371841             0.00452431032            0.000536953579           
       0.372520              0.0038574447            0.000505742642           
       0.373199             0.00639546109            0.000643421739           
       0.373879             0.00385788489            0.000505514648           
       0.374558             0.00463032977            0.000545733994           
       0.375237             0.00380011961            0.000495205003           
       0.375916             0.00356063329            0.000488530023           
       0.376595             0.00528034738            0.000583292987           
       0.377274             0.00420160099             0.00052863948           
       0.377954             0.00489368997              0.0005615571           
       0.378633             0.00410182826             0.00052061699           
       0.379312             0.00403623192            0.000516306989           
       0.379991             0.00483028423            0.000561891717           
       0.380670             0.00489114483            0.000575414155           
       0.381349             0.00395179005            0.000509789946           
       0.382029             0.00597028675             0.00063558034           
       0.382708             0.00459948993            0.000545680916           
       0.383387               0.003996448            0.000520179525           
       0.384066             0.00559145306            0.000609642572           
       0.384745             0.00362329244            0.000492684089           
       0.385424              0.0037290877             0.00050152281           
       0.386104             0.00363618793            0.000489763532           
       0.386783             0.00346475524            0.000488419676           
       0.387462             0.00380908598            0.000499374893           
       0.388141             0.00359472149            0.000492867913           
       0.388820             0.00340919432            0.000476511096           
       0.389499             0.00445770336            0.000547949751           
       0.390178             0.00436767588            0.000544548258           
       0.390858              0.0042715938            0.000534167763           
       0.391537              0.0049854466            0.000582971006           
       0.392216             0.00327002011            0.000466221399           
       0.392895             0.00422680342            0.000531843243           
       0.393574             0.00418906877              0.0005281515           
       0.394253             0.00403741984            0.000520836152           
       0.394933             0.00489396897            0.000579981866           
       0.395612             0.00465931706            0.000549468694           
       0.396291             0.00453369245            0.000553045311           
       0.396970              0.0037861741            0.000500921896           
       0.397649             0.00340412104            0.000476438993           
       0.398328             0.00351643032            0.000482106123           
       0.399008             0.00435255625            0.000535203525           
       0.399687             0.00370812857            0.000495917965           
       0.400366             0.00368363484            0.000492386869           
       0.401045             0.00361012139            0.000486527259           
       0.401724             0.00441184495             0.00053874185           
       0.402403             0.00415055501            0.000526617733           
       0.403083             0.00357114424            0.000481435525           
       0.403762             0.00406964148            0.000516474431           
       0.404441             0.00351705412            0.000483189556           
       0.405120             0.00377276046            0.000498805378           
       0.405799             0.00371715486            0.000492964924           
       0.406478             0.00372381217            0.000493418561           
       0.407158              0.0037083883             0.00049147153           
       0.407837              0.0035818629            0.000487277852           
       0.408516              0.0031093789             0.00045005374           
       0.409195             0.00297532265            0.000445239273           
       0.409874             0.00418456852            0.000535368188           
       0.410553             0.00350982399            0.000495582329           
       0.411233             0.00278120795             0.00043886778           
       0.411912             0.00322787459            0.000479496766           
       0.412591             0.00342499884                0.00049719           
       0.413270             0.00297128739            0.000460888998           
       0.413949             0.00346853562            0.000503401792           
       0.414628             0.00353342324            0.000507176422           
       0.415307             0.00316882355            0.000485640019           
       0.415987             0.00246173893            0.000424514746           
       0.416666             0.00358309153            0.000509072788           
       0.417345             0.00377759942             0.00053143651           
       0.418024             0.00289196381             0.00046499783           
       0.418703             0.00316525887            0.000485579713           
       0.419382             0.00291984462            0.000464090147           
       0.420062              0.0032048166            0.000487572456           
       0.420741             0.00297650922            0.000472383441           
       0.421420             0.00314713764            0.000487576611           
       0.422099             0.00291711911            0.000469432728           
       0.422778             0.00288195652            0.000469121664           
       0.423457             0.00206854228            0.000399874844           
       0.424137              0.0024369068            0.000426948492           
       0.424816             0.00271460459            0.000460036411           
       0.425495             0.00325597772            0.000503348278           
       0.426174             0.00216292836            0.000410393981           
       0.426853             0.00283156947            0.000466710386           
       0.427532             0.00303245716             0.00048706575           
       0.428212             0.00197198234              0.0003953659           
       0.428891             0.00235678306            0.000431239541           
       0.429570             0.00369203425            0.000540117782           
       0.430249             0.00318706471            0.000499218126           
       0.430928             0.00268624052             0.00046834068           
       0.431607             0.00282239631            0.000471814592           
       0.432287             0.00271827098             0.00046642081           
       0.432966             0.00203575289            0.000407190312           
       0.433645             0.00285042418            0.000482328521           
       0.434324             0.00289823268            0.000483424888           
       0.435003             0.00241717659            0.000442239668           
       0.435682             0.00173405819            0.000377644119           
       0.436361             0.00246688262            0.000449824915           
       0.437041             0.00260702037            0.000461808058           
       0.437720             0.00189985723            0.000396131625           
       0.438399              0.0015103008            0.000355034978           
       0.439078             0.00240785584            0.000461284883           
       0.439757             0.00264003653            0.000480037564           
       0.440436             0.00194767804            0.000421606883           
       0.441116              0.0022983716            0.000465482511           
       0.441795             0.00230623394             0.00046683977           
       0.442474             0.00242471516            0.000480016147           
       0.443153             0.00236595058            0.000485225773           
       0.443832             0.00187297922            0.000432453012           
       0.444511             0.00253938343            0.000501274155           
       0.445191             0.00165510924            0.000414535297           
       0.445870             0.00268770213             0.00052826351           
       0.446549             0.00243047343            0.000507646245           
       0.447228             0.00239717809            0.000501308309           
       0.447907                0.00182256            0.000442360053           
       0.448586             0.00192846044             0.00046597885           
       0.449266             0.00265806549            0.000542038895           
       0.449945             0.00273218435            0.000547302682           
       0.450624             0.00231167579            0.000511421063           
       0.451303             0.00245914299            0.000534318874           
       0.451982             0.00263769926            0.000549956279           
       0.452661             0.00347517766             0.00064301415           
       0.453341             0.00362160679            0.000658721696           
       0.454020             0.00231257513            0.000527181986           
       0.454699             0.00347385349            0.000652028979           
       0.455378             0.00247895452            0.000551097485           
       0.456057             0.00233230056              0.0005440543           
       0.456736             0.00144852286            0.000427421414           
       0.457416             0.00220463288             0.00052731979           
       0.458095             0.00279303875             0.00060212199           
       0.458774             0.00128021127             0.00041303681           
       0.459453             0.00235774524            0.000563353801           
       0.460132             0.00249744602            0.000567282041           
       0.460811             0.00106136518            0.000383611653           
       0.461490             0.00212206897            0.000536907573           
       0.462170             0.00190784306            0.000517030432           
       0.462849             0.00123611264            0.000418872168           
       0.463528             0.00109064191            0.000392541247           
       0.464207             0.00143516882            0.000458719019           
       0.464886             0.00240594206            0.000589308765           
       0.465565             0.00200923618            0.000544453232           
       0.466245            0.000868116763            0.000358987836           
       0.466924             0.00154372952            0.000490022268           
       0.467603            0.000422257489            0.000250846498           
       0.468282             0.00123414906            0.000439017102           
       0.468961             0.00139984596            0.000470631974           
       0.469640              0.0020523461            0.000572131292           
       0.470320             0.00124309872            0.000445577527           
       0.470999             0.00178121538            0.000538400839           
       0.471678             0.00133094766            0.000469875206           
       0.472357             0.00101152419            0.000410772079           
       0.473036             0.00119937179            0.000450113864           
       0.473715             0.00121572358            0.000456716914           
       0.474395            0.000552999694            0.000312287305           
       0.475074             0.00108576974            0.000437596058           
       0.475753             0.00174555419            0.000550056785           
       0.476432            0.000766413009            0.000377748018           
       0.477111            0.000752556358            0.000369791056           
       0.477790             0.00132037292            0.000492435599           
       0.478470            5.39416981e-05            0.000100848409           
       0.479149            5.68090889e-05            0.000104564581           
       0.479828            0.000624790163            0.000345954683           
       0.480507             0.00120514163            0.000484349124           
       0.481186             0.00130662274            0.000515698516           
       0.481865             0.00105945295            0.000458616897           
       0.482545            8.08520722e-05            0.000128181814           
       0.483224            0.000696287718             0.00037873257           
       0.483903            0.000528346727            0.000335108437           
       0.484582             0.00055193691            0.000348077698           
       0.485261            0.000512445817            0.000326896686           
       0.485940            0.000779786929            0.000419517475           
       0.486619            0.000324676554            0.000267721783           
       0.487299           -9.20893504e-05                         0           
       0.487978           -0.000102399413                         0           
       0.488657            0.000156976341             0.00019492077           
       0.489336            0.000123719709             0.00017001158           
       0.490015            0.000126575749            0.000173314136           
       0.490694            0.000175548708            0.000209751986           
       0.491374            0.000171544328            0.000204818215           
       0.492053            0.000175577948            0.000212896809           
       0.492732           -0.000322735597                         0           
       0.493411           -0.000322755366                         0           
       0.494090             0.00046577538            0.000349031152           
       0.494769           -7.09492437e-05                         0           
       0.495449           -0.000322814568                         0           
       0.496128           -5.18678868e-05                         0           
       0.496807            -0.00032285405                         0           
       0.497486           -0.000322873863                         0           
       0.498165           -0.000322893961                         0           
       0.498844            0.000248458629            0.000267101334           
       0.499524           -3.43660349e-05                         0           
       0.500203           -0.000322953849                         0           
       0.500882           -0.000322973656                         0           
       0.501561           -1.73517225e-05                         0           
       0.502240            0.000574189386            0.000414566429           
       0.502919           -5.65456155e-06                         0           
       0.503599           -0.000323053828                         0           
       0.504278           -0.000323074236                         0           
       0.504957           -0.000323094404                         0           
       0.505636           -0.000323114443                         0           
       0.506315            3.60776227e-06            3.45789011e-05           
       0.506994           -0.000323154816                         0           
       0.507673            -0.00032317478                         0           
       0.508353            6.95240702e-06            4.82717686e-05           
       0.509032           -0.000323215463                         0           
       0.509711            2.12288783e-05            8.57940771e-05           
       0.510390           -0.000323256393                         0           
       0.511069            0.000406034527            0.000385885689           
       0.511748           -0.000323297424                         0           
       0.512428           -0.000323318044                         0           
       0.513107           -0.000323338347                         0           
       0.513786           -0.000323358713                         0           
       0.514465             5.9440248e-05            0.000150428363           
       0.515144           -0.000323400127                         0           
       0.515823           -0.000323420638                         0           
       0.516503           -0.000323441341                         0           
       0.517182           -0.000323462042                         0           
       0.517861           -0.000323482693                         0           
       0.518540           -0.000323503461                         0           
       0.519219           -0.000323524109                         0           
       0.519898           -0.000323544965                         0           
       0.520578           -0.000323565946                         0           
       0.521257           -0.000323586657                         0           
       0.521936           -0.000323607417                         0           
       0.522615           -0.000323628426                         0           
       0.523294            0.000158493001            0.000277708799           
       0.523973           -0.000323670308                         0           
       0.524653            0.000196109133            0.000320741378           
       0.525332             -0.0003237119                         0           
       0.526011           -0.000323733222                         0           
       0.526690           -0.000323754505                         0           
       0.527369           -0.000323775611                         0           
       0.528048           -0.000323796868                         0           
       0.528728            0.000217240305            0.000340607827           
       0.529407           -0.000323839232                         0           
       0.530086           -0.000323860257                         0           
       0.530765           -0.000323881311                         0           
       0.531444           -0.000323902592                         0           
       0.532123            -0.00032392425                         0           
       0.532802           -0.000323945731                         0           
       0.533482           -0.000323967139                         0           
       0.534161           -0.000323988581                         0           
       0.534840           -0.000324009839                         0           
       0.535519            0.000277398667            0.000405149824           
       0.536198           -0.000324052919                         0           
       0.536877           -0.000324074052                         0           
       0.537557           -0.000324095548                         0           
       0.538236           -0.000324117238                         0           
       0.538915            -0.00032413892                         0           
       0.539594             0.00096924955            0.000799531867           
       0.540273           -0.000324182564                         0           
       0.540952            -0.00032420431                         0           
       0.541632           -0.000324225659                         0           
       0.542311           -0.000324247203                         0           
       0.542990           -0.000324268989                         0           
       0.543669           -0.000324290957                         0           
       0.544348           -0.000324312899                         0           
       0.545027           -0.000324334793                         0           
       0.545707            0.000417707194            0.000557828165           
       0.546386              0.0011136408            0.000897203445           
       0.547065           -0.000324400534                         0           
       0.547744           -0.000324422391                         0           
       0.548423           -0.000324444489                         0           
       0.549102           -0.000324466609                         0           
       0.549782           -0.000324488618                         0           
       0.550461           -0.000324510888                         0           
       0.551140           -0.000324533292                         0           
       0.551819           -0.000324555431                         0           
       0.552498            0.000503361559             0.00064724658           
       0.553177           -0.000324599705                         0           
       0.553856           -0.000324621729                         0           
       0.554536           -0.000324643825                         0           
       0.555215           -0.000324666259                         0           
       0.555894           -0.000324688639                         0           
       0.556573           -0.000324711153                         0           
       0.557252           -0.000324733647                         0           
       0.557931             0.00157861508             0.00123910619           
       0.558611           -0.000324778956                         0           
       0.559290            0.000658265546             0.00080668442           
       0.559969           -0.000324823074                         0           
       0.560648           -0.000324845436                         0           
       0.561327           -0.000324868296                         0           
       0.562006            -0.00032489105                         0           
       0.562686           -0.000324913817                         0           
       0.563365           -0.000324936667                         0           
       0.564044           -0.000324959403                         0           
       0.564723           -0.000324982088                         0           
       0.565402            -0.00032500435                         0           
       0.566081           -0.000325026761                         0           
       0.566761           -0.000325049412                         0           
       0.567440           -0.000325072525                         0           
       0.568119           -0.000325095454                         0           
       0.568798           -0.000325118706                         0           
       0.569477           -0.000325141808                         0           
       0.570156           -0.000325165023                         0           
       0.570836            -0.00032518815                         0           
       0.571515           -0.000325210788                         0           
       0.572194           -0.000325234083                         0           
       0.572873           -0.000325256844                         0           
       0.573552           -0.000325279472                         0           
       0.574231           -0.000325302558                         0           
       0.574911           -0.000325326227                         0           
       0.575590            -0.00032534944                         0           
       0.576269           -0.000325372582                         0           
       0.576948           -0.000325396168                         0           
       0.577627           -0.000325419035                         0           
       0.578306           -0.000325442225                         0           
       0.578985           -0.000325465614                         0           
       0.579665           -0.000325488867                         0           
       0.580344           -0.000325512472                         0           
       0.581023           -0.000325536052                         0           
       0.581702           -0.000325559414                         0           
       0.582381           -0.000325582563                         0           
       0.583060           -0.000325606403                         0           
       0.583740           -0.000325629868                         0           
       0.584419           -0.000325653412                         0           
       0.585098           -0.000325676927                         0           
       0.585777           -0.000325700626                         0           
       0.586456            -0.00032572471                         0           
       0.587135           -0.000325748154                         0           
       0.587815           -0.000325771344                         0           
       0.588494           -0.000325795258                         0           
       0.589173            -0.00032581972                         0           
       0.589852           -0.000325842883                         0           
       0.590531           -0.000325866919                         0           
       0.591210             -0.0003258904                         0           
       0.591890           -0.000325914335                         0           
       0.592569           -0.000325937469                         0           
       0.593248           -0.000325962761                         0           
       0.593927           -0.000325986808                         0           
       0.594606            -0.00032601135                         0           
       0.595285            -0.00032603443                         0           
       0.595965           -0.000326055967                         0           
       0.596644           -0.000326078129                         0           
