################################################################################
# EDF_DataBlockID                     0.Image.Psd
# EDF_BinarySize                      4366944
# EDF_HeaderSize                      2560
# ByteOrder                           LowByteFirst
# DataType                            FloatValue
# Dim_1                               1028
# Dim_2                               1062
# Image                               0
# HeaderID                            EH:000000:000000:000000
# Size                                4366944
# Center_1                            607.5200
# Center_2                            651.5500
# Comment                             Xenocs_Cell_Window - 20251028_20perc_iodine_1.23mg
# DDummy                              0.6
# Date                                2025-11-02T03:24:03
# Delta                               0
# Dummy                               -1.5
# ExposureTime                        360
# Gamma                               0
# Intensity1                          8.78301e-10
# PSize_1                             7.5e-05
# PSize_2                             7.5e-05
# Pressure                            0.0326958
# SampleDistance                      0.450002
# SampleEnvKind                       large
# SampleEnvPN                         ElectroChemical cell
# SampleEnvSN                         1141
# Thickness                           0
# Wavelength                          1.541891e-10
# Wavelength                          1.54189e-10
# aux                                 0
# aux_dial                            0.002375
# beamx                               588.434
# beamx_dial                          588.434
# beamz                               657.808
# beamz_dial                          657.808
# det0x                               0
# det0x_dial                          6.36945
# det0xvd                             0
# det0xvd_dial                        0
# det0y                               450.002
# det0y_dial                          481.635
# det0z                               0
# det0z_dial                          1.23302
# det0zvd                             0
# det0zvd_dial                        0
# mag                                 1.818
# mag_dial                            1.818
# om                                  0.2499
# om_dial                             -0.610199
# phi                                 -0.0120535
# phi_dial                            0
# ry                                  0.599993
# ry_dial                             0.599993
# s1bot                               0.8
# s1bot_dial                          -1.66094
# s1hl                                0.8
# s1hl_dial                           -0.608437
# s1hr                                0.8
# s1hr_dial                           0.970938
# s1top                               0.8
# s1top_dial                          -0.461562
# s2bot                               0.45
# s2bot_dial                          1.36109
# s2hl                                0.45
# s2hl_dial                           -0.83375
# s2hr                                0.45
# s2hr_dial                           -0.118594
# s2top                               0.45
# s2top_dial                          1.44734
# w2theta                             32
# w2theta_dial                        32
# waxsch                              19.2605
# waxsch_dial                         -32.7355
# waxsh                               137.085
# waxsh_dial                          -43.5338
# waxsth                              26.0607
# waxsth_dial                         -19.4086
# waxsz                               67.0407
# waxsz_dial                          -23.7954
# wind                                65.9854
# wind_dial                           66.0041
# wpsi                                124
# wpsi_dial                           124
# wstod                               115
# wstod_dial                          115
# x                                   0
# x_dial                              1.00969
# z                                   0
# z_dial                              13.3172
# CountCutoff                         15302352
# DetectorModel                       Dectris EIGER2 Si 1M, S/N E-02-0362
# ThresholdSetting                    4023.88989258
# Saturation                          0
# FlatField                           Corrected
# BackgroundReductionExtra            0.02
# BackgroundCorrectionConstant        0.0026712
# Detector                            0
# Monitor                             0
# Pil_Roi0                            0
# SumForIntensity1                    3.16188e+08
# TransmittedFlux                     878301
# det                                 0
# mon                                 0
# pilai0                              3.16188e+08
# pilai1                              794002
# pilct0                              5.46227e+08
# pilct1                              794002
# pilroi0                             0
# pilroi1                             0
# sec                                 1
# title                               20251028_20perc_iodine_1.23mg_0_00991.edf
# usaxs0                              0
# Operation                           Azimuthal average I(q)
# Error_model                         ErrorModel.poisson
# Geometrical_correction              True
# Transmission_correction             True
# Thickness_correction                False
# Binning mode                        Uniform
# Binning factor                      1.0
# Psi                                 0.0
# Omega                               0.2499
# MaskInvalidPixels                   True
# DetectorEdge                        3
# MaskFiles                           ['20251028_20perc_iodine_1.23mg_0_00012_mask.edf']
################################################################################
    q(A⁻¹)                Intensity(a.u.)            Sigma_I(a.u.)            
       0.000340                372139.569                 118.84271           
       0.001019                359336.165                71.5131211           
       0.001698                349715.252                49.8858748           
       0.002377                330828.875                 43.397734           
       0.003056                307752.797                35.3754854           
       0.003735                253693.358                28.3259058           
       0.004415                204642.524                25.4405973           
       0.005094                152394.172                19.0127219           
       0.005773                100229.045                14.2752482           
       0.006452                58216.6263                 10.424126           
       0.007131                32184.1528                7.50836876           
       0.007810                16211.9833                5.28843935           
       0.008490                8171.71172                3.32811646           
       0.009169                3951.26266                2.28718138           
       0.009848                1219.48453                1.22850343           
       0.010527                471.864861               0.764182886           
       0.011206                118.290918               0.365172193           
       0.011885                54.2194134               0.229703426           
       0.012564                24.7832138               0.159441234           
       0.013244                16.7609999                0.12258343           
       0.013923                12.3670774               0.106995376           
       0.014602                9.18672747              0.0855257343           
       0.015281                7.34286777              0.0778355722           
       0.015960                5.89188842              0.0692226872           
       0.016639                4.90799906                0.05966066           
       0.017319                4.00207719              0.0530360688           
       0.017998                3.42061589              0.0469085613           
       0.018677                2.85654238              0.0443982083           
       0.019356                2.44600391              0.0405950225           
       0.020035                2.07087341              0.0350440464           
       0.020714                1.86726115               0.033628867           
       0.021394                1.61729943              0.0296124796           
       0.022073                1.42563845              0.0289263487           
       0.022752                 1.2180218              0.0255770218           
       0.023431                1.07415767              0.0233149106           
       0.024110               0.965042223              0.0230398477           
       0.024789               0.911393856              0.0207940792           
       0.025469               0.822213385              0.0203531197           
       0.026148               0.737156143              0.0181072875           
       0.026827               0.636933162              0.0171007612           
       0.027506               0.591166676              0.0167125035           
       0.028185               0.517400298              0.0149102934           
       0.028864               0.494555782              0.0144956202           
       0.029544               0.458481334              0.0135342986           
       0.030223               0.452953916               0.013645369           
       0.030902               0.387202221              0.0127316128           
       0.031581               0.375482702              0.0119182227           
       0.032260               0.352333376              0.0117417013           
       0.032939               0.313635239               0.010681734           
       0.033619                0.30540571              0.0106955758           
       0.034298                0.28494554               0.010053834           
       0.034977               0.253399734             0.00929467206           
       0.035656               0.223222017             0.00895455591           
       0.036335               0.201313868             0.00824760787           
       0.037014               0.227675171             0.00879716038           
       0.037693               0.192668617             0.00778501207           
       0.038373               0.176375448             0.00752166518           
       0.039052               0.182661441             0.00768709488           
       0.039731               0.161270786             0.00705465592           
       0.040410               0.158144078             0.00693909616           
       0.041089               0.156408078             0.00679280695           
       0.041768               0.144487891             0.00656294071           
       0.042448               0.129994569              0.0061767823           
       0.043127               0.130404814             0.00604040834           
       0.043806               0.121248617             0.00586791843           
       0.044485               0.111144575             0.00550268976           
       0.045164               0.117252581             0.00576326239           
       0.045843               0.116792906             0.00551682166           
       0.046523               0.114703101              0.0054861211           
       0.047202              0.0977024776             0.00509864559           
       0.047881               0.101020423             0.00508451766           
       0.048560              0.0865029616              0.0047478962           
       0.049239               0.092734474             0.00472018693           
       0.049918              0.0899692068             0.00474016672           
       0.050598              0.0891456866             0.00464763135           
       0.051277              0.0864127887             0.00456131669           
       0.051956              0.0815335358             0.00440284646           
       0.052635              0.0891731311             0.00450678223           
       0.053314              0.0803576854             0.00440330403           
       0.053993              0.0732601747             0.00408903732           
       0.054673              0.0804591628             0.00418978117           
       0.055352              0.0722058302             0.00402737874           
       0.056031              0.0724383715             0.00394910165           
       0.056710              0.0738225865             0.00408434723           
       0.057389              0.0667220224             0.00374437871           
       0.058068              0.0719736883             0.00392903577           
       0.058748              0.0608841607             0.00365877074           
       0.059427              0.0621954241             0.00363535058           
       0.060106               0.068357315              0.0038472525           
       0.060785              0.0673667599             0.00370484136           
       0.061464              0.0588808902             0.00354713656           
       0.062143              0.0623273187             0.00361239915           
       0.062822              0.0646591459             0.00363617692           
       0.063502              0.0627046907             0.00357440226           
       0.064181              0.0550077639               0.003312493           
       0.064860               0.058746766             0.00347536033           
       0.065539              0.0572400606             0.00339695871           
       0.066218              0.0564721912             0.00330185137           
       0.066897              0.0520248893             0.00319363672           
       0.067577              0.0465599009             0.00305027081           
       0.068256              0.0476199006             0.00316057382           
       0.068935              0.0503734534              0.0031981061           
       0.069614              0.0476530115             0.00314151487           
       0.070293              0.0453901821             0.00309429153           
       0.070972              0.0435035933             0.00300712369           
       0.071652              0.0447336437             0.00305493325           
       0.072331              0.0471057357             0.00307901304           
       0.073010              0.0446637013             0.00306664509           
       0.073689              0.0412697458             0.00293162873           
       0.074368               0.041741768             0.00294298421           
       0.075047              0.0393830406             0.00282789888           
       0.075727               0.038163524             0.00276657713           
       0.076406              0.0392861866             0.00286298027           
       0.077085              0.0351991315             0.00265932378           
       0.077764              0.0447165245             0.00298685962           
       0.078443              0.0446417183             0.00300283753           
       0.079122               0.042380458             0.00289768998           
       0.079802              0.0426799352             0.00293875103           
       0.080481              0.0374374705             0.00265951141           
       0.081160               0.038843977             0.00276459804           
       0.081839              0.0354504934              0.0025987958           
       0.082518              0.0358888918             0.00261701761           
       0.083197              0.0383286352             0.00266248589           
       0.083876              0.0331063542             0.00243334794           
       0.084556              0.0374076439             0.00265853281           
       0.085235              0.0343777988             0.00249935541           
       0.085914              0.0369153483             0.00261511595           
       0.086593              0.0311093263             0.00238522079           
       0.087272              0.0358893495             0.00252570957           
       0.087951              0.0329523152              0.0024748261           
       0.088631              0.0280915161             0.00220718751           
       0.089310              0.0310873553              0.0023711462           
       0.089989              0.0326698026             0.00240232917           
       0.090668              0.0317618355              0.0023948572           
       0.091347              0.0309048796             0.00237555516           
       0.092026              0.0320095462              0.0023108713           
       0.092706              0.0299413874             0.00231609441           
       0.093385              0.0267399635             0.00215516143           
       0.094064              0.0339407182             0.00245632197           
       0.094743              0.0300597488             0.00227639825           
       0.095422              0.0318155245             0.00231582135           
       0.096101              0.0325402992             0.00239028586           
       0.096781              0.0319054412             0.00233296441           
       0.097460              0.0281651937             0.00213216381           
       0.098139              0.0288459318             0.00214117353           
       0.098818              0.0330839903              0.0022648375           
       0.099497              0.0284066507             0.00210294967           
       0.100176              0.0288218609             0.00206266845           
       0.100856               0.032464406             0.00218773021           
       0.101535              0.0296752581             0.00208760764           
       0.102214              0.0279457802             0.00202587402           
       0.102893              0.0247469353              0.0018846832           
       0.103572              0.0301809441             0.00205059747           
       0.104251              0.0301580723             0.00205739283           
       0.104931              0.0268675833             0.00192423358           
       0.105610              0.0229734012             0.00178691855           
       0.106289              0.0263436843              0.0018816645           
       0.106968              0.0264024103             0.00188935125           
       0.107647              0.0242835142             0.00181303949           
       0.108326              0.0258743087             0.00184644648           
       0.109005              0.0268501503             0.00186910895           
       0.109685              0.0250643969             0.00178562758           
       0.110364              0.0253042987             0.00181453061           
       0.111043              0.0247966117             0.00178911371           
       0.111722              0.0239390684             0.00173641854           
       0.112401              0.0226709073             0.00169449881           
       0.113080              0.0236383989             0.00171044973           
       0.113760              0.0245885581             0.00177362498           
       0.114439              0.0234158278              0.0017061108           
       0.115118              0.0241311986             0.00171891668           
       0.115797              0.0262262933             0.00180858389           
       0.116476              0.0227497649             0.00165924072           
       0.117155               0.023985199             0.00171743895           
       0.117835              0.0253792995             0.00173152522           
       0.118514              0.0221961741             0.00163983471           
       0.119193               0.024009996             0.00170553324           
       0.119872              0.0210308751             0.00157625737           
       0.120551              0.0200841525             0.00153011003           
       0.121230               0.020669689              0.0015366335           
       0.121910               0.022140626             0.00160574086           
       0.122589                 0.0221556             0.00160793897           
       0.123268              0.0233167026             0.00161757737           
       0.123947              0.0243846692             0.00166490565           
       0.124626              0.0236201657             0.00161856403           
       0.125305              0.0255347025             0.00169114099           
       0.125985              0.0211500068             0.00152716735           
       0.126664              0.0232144624             0.00158472547           
       0.127343              0.0214363275             0.00154047623           
       0.128022              0.0214471304             0.00152904592           
       0.128701               0.023483043             0.00159164012           
       0.129380              0.0214333016             0.00150154567           
       0.130059              0.0218585819              0.0015198909           
       0.130739              0.0222707449             0.00154494202           
       0.131418              0.0242629887             0.00160804924           
       0.132097              0.0231393106             0.00155023178           
       0.132776              0.0228180739             0.00153248339           
       0.133455              0.0204736766             0.00146290211           
       0.134134               0.020760915              0.0014684371           
       0.134814              0.0224653464             0.00151178698           
       0.135493              0.0224378289             0.00151697519           
       0.136172               0.019445076             0.00140152845           
       0.136851              0.0201167419             0.00143381927           
       0.137530               0.020209461             0.00140297617           
       0.138209              0.0233819688             0.00152680161           
       0.138889              0.0179668464             0.00134427515           
       0.139568              0.0171617923             0.00131324521           
       0.140247              0.0207081291             0.00144067303           
       0.140926              0.0205464228             0.00139400514           
       0.141605              0.0198619323             0.00140540908           
       0.142284              0.0191942502              0.0013586911           
       0.142964              0.0206117401             0.00141335221           
       0.143643              0.0219906381             0.00145801843           
       0.144322              0.0201585746             0.00136675237           
       0.145001              0.0209105984             0.00142058523           
       0.145680              0.0190828912             0.00132497571           
       0.146359              0.0187525337             0.00131826143           
       0.147039              0.0175912254             0.00128730208           
       0.147718              0.0166217216             0.00123067746           
       0.148397              0.0179137468             0.00129746668           
       0.149076              0.0168876841             0.00122068078           
       0.149755              0.0187634667              0.0013065563           
       0.150434              0.0205983327             0.00136950885           
       0.151114              0.0162165815             0.00120842492           
       0.151793              0.0199304001             0.00133968301           
       0.152472               0.018000028             0.00125066397           
       0.153151              0.0188996588             0.00129392636           
       0.153830              0.0187189934             0.00127834494           
       0.154509              0.0168232664              0.0012068302           
       0.155188              0.0183743043             0.00126077013           
       0.155868              0.0197230091             0.00129692696           
       0.156547              0.0184474747             0.00126234532           
       0.157226              0.0222138297               0.001351395           
       0.157905              0.0181516214             0.00123185887           
       0.158584              0.0180910246             0.00122756673           
       0.159263              0.0181363312             0.00123362535           
       0.159943               0.019106955             0.00126715018           
       0.160622              0.0175510621             0.00119102495           
       0.161301               0.016768498             0.00117974063           
       0.161980              0.0171026107             0.00117118065           
       0.162659              0.0163441498             0.00115760666           
       0.163338              0.0149229715             0.00109711775           
       0.164018              0.0204321197             0.00127701757           
       0.164697              0.0185180534             0.00123134235           
       0.165376              0.0187138004             0.00121078812           
       0.166055              0.0180748479             0.00119778608           
       0.166734              0.0190380308              0.0012237794           
       0.167413              0.0163737487             0.00113571706           
       0.168093              0.0178920311              0.0011984357           
       0.168772              0.0186725584             0.00118849266           
       0.169451              0.0170849981             0.00115776318           
       0.170130              0.0187091344             0.00119563837           
       0.170809              0.0187616595             0.00121160429           
       0.171488              0.0173383975             0.00115412389           
       0.172168              0.0176939719             0.00115469769           
       0.172847              0.0174509558             0.00116180428           
       0.173526              0.0164257741              0.0011056595           
       0.174205              0.0193669745             0.00120610448           
       0.174884              0.0170031747             0.00112421642           
       0.175563              0.0172232562             0.00113629965           
       0.176243              0.0153494819             0.00108344479           
       0.176922              0.0181980656             0.00114895961           
       0.177601              0.0174149363             0.00113631794           
       0.178280              0.0163478187             0.00108866353           
       0.178959               0.016484981             0.00110201419           
       0.179638               0.016256024             0.00109118325           
       0.180317              0.0181718431             0.00114528775           
       0.180997              0.0165476578             0.00109883953           
       0.181676              0.0157595323             0.00106090243           
       0.182355              0.0166263393             0.00109623241           
       0.183034              0.0189522632             0.00115161745           
       0.183713              0.0161017573             0.00107441343           
       0.184392              0.0161598373             0.00107602382           
       0.185072              0.0171827382              0.0010969117           
       0.185751              0.0160263749             0.00106230603           
       0.186430              0.0158624477             0.00104945682           
       0.187109              0.0190542265             0.00116301425           
       0.187788              0.0156276965             0.00105066638           
       0.188467              0.0178879643             0.00111077901           
       0.189147              0.0158762976             0.00105705544           
       0.189826              0.0182240539             0.00111249223           
       0.190505              0.0183510684             0.00113473916           
       0.191184              0.0170490154             0.00107797899           
       0.191863               0.016309693             0.00105656811           
       0.192542              0.0153594897             0.00103499752           
       0.193222              0.0142762817            0.000975472758           
       0.193901              0.0156268112             0.00103424924           
       0.194580              0.0171766353             0.00106535648           
       0.195259              0.0171794002             0.00107767863           
       0.195938              0.0177545924             0.00109818665           
       0.196617              0.0148110064            0.000989027198           
       0.197297              0.0166023893             0.00105140713           
       0.197976              0.0173680641              0.0010588602           
       0.198655              0.0164346206             0.00104126377           
       0.199334               0.016866063             0.00104554054           
       0.200013              0.0145131312            0.000969334586           
       0.200692              0.0156153055             0.00101151619           
       0.201371              0.0169093952             0.00104074129           
       0.202051              0.0155457021             0.00100099606           
       0.202730              0.0158553832             0.00100082024           
       0.203409              0.0168386347             0.00103830931           
       0.204088              0.0170560462             0.00104383501           
       0.204767              0.0159190989             0.00100314405           
       0.205446              0.0164872731             0.00102288381           
       0.206126               0.017350823             0.00103507327           
       0.206805              0.0171134585             0.00104681404           
       0.207484              0.0167929563              0.0010183232           
       0.208163              0.0163139537             0.00100972609           
       0.208842              0.0176018493             0.00104598307           
       0.209521              0.0155256972            0.000974196837           
       0.210201              0.0160730171             0.00100228079           
       0.210880              0.0164519625            0.000994128804           
       0.211559              0.0158460869              0.0009900768           
       0.212238              0.0166566191             0.00100991713           
       0.212917              0.0171297551               0.001020355           
       0.213596              0.0142691438            0.000936774463           
       0.214276              0.0156464535            0.000960507098           
       0.214955              0.0154782461            0.000975420101           
       0.215634              0.0140987786            0.000924267756           
       0.216313              0.0150619205            0.000953310377           
       0.216992              0.0150617401            0.000953065928           
       0.217671              0.0139150575            0.000909863294           
       0.218351              0.0159575077            0.000983881969           
       0.219030              0.0160587293            0.000971418027           
       0.219709               0.016568054            0.000992857521           
       0.220388              0.0147600099            0.000935914591           
       0.221067              0.0146442547            0.000932976504           
       0.221746              0.0158313328            0.000969060114           
       0.222426              0.0140750266            0.000900071726           
       0.223105               0.014491364            0.000925728871           
       0.223784              0.0141756826            0.000906508363           
       0.224463              0.0168172702            0.000995227684           
       0.225142              0.0150251116            0.000925820908           
       0.225821              0.0157324159            0.000951177749           
       0.226500              0.0164553227             0.00097897101           
       0.227180              0.0148192881              0.0009147183           
       0.227859              0.0156305595              0.0009436369           
       0.228538              0.0134770347             0.00086742478           
       0.229217              0.0161864621            0.000958152745           
       0.229896              0.0140189719            0.000891266807           
       0.230575               0.013350025            0.000855878206           
       0.231255              0.0134838146            0.000873034223           
       0.231934              0.0138267836            0.000878027664           
       0.232613              0.0155730063            0.000935261784           
       0.233292              0.0169853484            0.000967314501           
       0.233971              0.0163988371            0.000950023335           
       0.234650              0.0148405228            0.000914388772           
       0.235330              0.0152549418             0.00091897248           
       0.236009              0.0155534029            0.000925918581           
       0.236688              0.0139202007            0.000872822299           
       0.237367              0.0158701002            0.000933304238           
       0.238046              0.0143572351            0.000893956941           
       0.238725              0.0147914514            0.000893375728           
       0.239405              0.0163181599            0.000944167568           
       0.240084              0.0142491516            0.000876665126           
       0.240763              0.0139672173            0.000876259796           
       0.241442              0.0143166318            0.000874652292           
       0.242121               0.015800017            0.000920582659           
       0.242800              0.0141825949            0.000876320654           
       0.243480              0.0157165542            0.000918175288           
       0.244159              0.0149256923            0.000895208641           
       0.244838              0.0146420461            0.000872071907           
       0.245517              0.0144266695            0.000878086083           
       0.246196              0.0135776485            0.000852267042           
       0.246875              0.0140951974             0.00085625363           
       0.247554              0.0144705258            0.000876396334           
       0.248234              0.0148247079             0.00087360633           
       0.248913              0.0137376683            0.000850400726           
       0.249592              0.0139194106            0.000847873308           
       0.250271               0.015298773            0.000886310594           
       0.250950              0.0137813398            0.000846360199           
       0.251629              0.0135368443             0.00083168949           
       0.252309              0.0136531064            0.000836948565           
       0.252988              0.0142991938            0.000841768583           
       0.253667              0.0155045401            0.000886770419           
       0.254346               0.014287348            0.000851075686           
       0.255025              0.0154228296            0.000882311655           
       0.255704              0.0147668494             0.00085938988           
       0.256384              0.0139945537             0.00083372107           
       0.257063               0.015707115            0.000888297701           
       0.257742              0.0134086604            0.000815048402           
       0.258421              0.0145968606            0.000848757592           
       0.259100              0.0142856765            0.000841125948           
       0.259779              0.0141519404            0.000836469891           
       0.260459              0.0129345538            0.000801253739           
       0.261138              0.0139454657            0.000815717342           
       0.261817              0.0153268518            0.000872426716           
       0.262496               0.013804162            0.000819836592           
       0.263175               0.012537505             0.00078299618           
       0.263854              0.0132935521            0.000802513238           
       0.264534              0.0142548116            0.000823924237           
       0.265213              0.0133383853              0.0008095595           
       0.265892              0.0123263999            0.000768272421           
       0.266571              0.0135592199            0.000803943858           
       0.267250              0.0136472375            0.000807907667           
       0.267929              0.0133118592            0.000797100657           
       0.268609              0.0121754123            0.000766490986           
       0.269288               0.012756513            0.000771535669           
       0.269967              0.0127869275            0.000780777525           
       0.270646              0.0128574897            0.000779544401           
       0.271325              0.0129702061             0.00078426159           
       0.272004              0.0116351174             0.00073539719           
       0.272683              0.0122206371            0.000754605197           
       0.273363              0.0121452903            0.000757073248           
       0.274042              0.0126983348            0.000769551044           
       0.274721              0.0124831053            0.000762549081           
       0.275400              0.0135417078            0.000788965779           
       0.276079              0.0121641592            0.000752006409           
       0.276758              0.0123434661            0.000767088353           
       0.277438              0.0102948407            0.000692682221           
       0.278117              0.0113720073             0.00074125718           
       0.278796              0.0120787186            0.000756188421           
       0.279475              0.0112135732            0.000740640232           
       0.280154              0.0128319735            0.000780889595           
       0.280833              0.0122372934            0.000767217799           
       0.281513              0.0119553942            0.000770226643           
       0.282192              0.0130863901            0.000792087903           
       0.282871              0.0110257447            0.000732135759           
       0.283550              0.0112615441            0.000743888385           
       0.284229              0.0116070604            0.000766305935           
       0.284908               0.011450278            0.000769140903           
       0.285588              0.0103174826            0.000721554486           
       0.286267              0.0103544442            0.000734419815           
       0.286946              0.0108707802            0.000747614781           
       0.287625              0.0117819889            0.000791569742           
       0.288304             0.00987880789            0.000715121856           
       0.288983              0.0114427127            0.000779394786           
       0.289663             0.00993444996            0.000730464915           
       0.290342             0.00978883665            0.000721232021           
       0.291021              0.0106826699            0.000757500352           
       0.291700              0.0111741895            0.000764610269           
       0.292379              0.0103166892            0.000751508307           
       0.293058              0.0109839103            0.000772500064           
       0.293738              0.0100063282            0.000731130759           
       0.294417              0.0108304597            0.000769484566           
       0.295096             0.00962228661            0.000717323145           
       0.295775             0.00998794165            0.000741986639           
       0.296454              0.0114858293            0.000785389829           
       0.297133              0.0106347382            0.000759306811           
       0.297812              0.0094813569            0.000720546311           
       0.298492              0.0102774899            0.000751637552           
       0.299171              0.0110797015            0.000778944562           
       0.299850              0.0104951624            0.000752941627           
       0.300529              0.0092029719            0.000713009842           
       0.301208              0.0106237624            0.000767938015           
       0.301887              0.0100927377            0.000747609991           
       0.302567             0.00895040608            0.000700505273           
       0.303246             0.00955197166            0.000728387964           
       0.303925              0.0100484995            0.000756671886           
       0.304604              0.0103045921            0.000749707757           
       0.305283              0.0100119633            0.000749946062           
       0.305962             0.00887961397            0.000701997962           
       0.306642             0.00823092827            0.000685049373           
       0.307321             0.00931004397            0.000726246955           
       0.308000             0.00968622643            0.000731993484           
       0.308679             0.00880311359            0.000712939341           
       0.309358             0.00979010626            0.000741674397           
       0.310037              0.0100542172            0.000753286652           
       0.310717             0.00808043647            0.000674660851           
       0.311396             0.00891999238            0.000713597428           
       0.312075             0.00963923383            0.000751216334           
       0.312754             0.00786785987            0.000665113393           
       0.313433             0.00867672859            0.000704540807           
       0.314112             0.00887165845            0.000712247366           
       0.314792             0.00862550485            0.000707256253           
       0.315471             0.00964190248            0.000738518989           
       0.316150             0.00967394765            0.000746591483           
       0.316829             0.00808184676            0.000686902243           
       0.317508              0.0078918051            0.000671161361           
       0.318187              0.0077629201            0.000674439384           
       0.318866             0.00738746046            0.000649064367           
       0.319546             0.00949423934            0.000746847466           
       0.320225             0.00929257019            0.000738887364           
       0.320904             0.00884758985            0.000709831481           
       0.321583             0.00903087977            0.000732948456           
       0.322262              0.0088013253            0.000712606709           
       0.322941             0.00897134416            0.000728674074           
       0.323621             0.00832997772            0.000697859448           
       0.324300             0.00770057107            0.000671502704           
       0.324979             0.00849581371            0.000706599351           
       0.325658             0.00906337627            0.000731143995           
       0.326337             0.00921369865            0.000738144546           
       0.327016             0.00927183589            0.000735768712           
       0.327696              0.0079287428              0.0006879614           
       0.328375             0.00888935849            0.000722298693           
       0.329054              0.0092332924            0.000740131753           
       0.329733             0.00942298285            0.000750426361           
       0.330412             0.00756306307             0.00066679091           
       0.331091             0.00834394871            0.000713072834           
       0.331771             0.00707754401            0.000639525221           
       0.332450             0.00737050586            0.000665297886           
       0.333129             0.00750305094            0.000669521222           
       0.333808             0.00687094612            0.000641545261           
       0.334487             0.00784710628            0.000688855387           
       0.335166             0.00725077095            0.000652472765           
       0.335846             0.00728717031             0.00066560322           
       0.336525             0.00731244249            0.000660173467           
       0.337204             0.00723052839             0.00065818643           
       0.337883             0.00761279312            0.000676256131           
       0.338562             0.00654047739            0.000630299999           
       0.339241             0.00737103834             0.00067037831           
       0.339921              0.0075858973            0.000668673732           
       0.340600             0.00812867255            0.000705327345           
       0.341279             0.00686926253            0.000641446327           
       0.341958             0.00664156974            0.000639624309           
       0.342637             0.00686270485            0.000641000184           
       0.343316             0.00695966402            0.000647381373           
       0.343995              0.0064576831            0.000633808472           
       0.344675             0.00734673564            0.000663607501           
       0.345354              0.0069733664            0.000650789628           
       0.346033             0.00711878704            0.000655826246           
       0.346712             0.00727792006            0.000667347103           
       0.347391             0.00662257716            0.000640534346           
       0.348070             0.00546079971            0.000573383511           
       0.348750             0.00631161429            0.000625342186           
       0.349429             0.00577495039            0.000590443662           
       0.350108             0.00604564561            0.000611393124           
       0.350787             0.00778420843            0.000681969383           
       0.351466             0.00669040426            0.000643889377           
       0.352145              0.0064545639            0.000632963654           
       0.352825             0.00602131358            0.000608582308           
       0.353504             0.00662113269             0.00063801858           
       0.354183             0.00659437854            0.000629392433           
       0.354862              0.0055351559            0.000590032437           
       0.355541             0.00574099605            0.000593033577           
       0.356220             0.00620127719            0.000617512561           
       0.356900             0.00539067151            0.000581208963           
       0.357579             0.00452484369            0.000525962119           
       0.358258             0.00577397163            0.000602363687           
       0.358937             0.00488709415            0.000543756157           
       0.359616             0.00622306526            0.000622162278           
       0.360295             0.00578541595            0.000600385838           
       0.360975             0.00548125961            0.000581891448           
       0.361654             0.00605473837            0.000614727627           
       0.362333             0.00424998761            0.000512406882           
       0.363012             0.00514345742             0.00057095361           
       0.363691             0.00559364043            0.000583669011           
       0.364370             0.00574343693            0.000598769689           
       0.365050             0.00518220147            0.000565719126           
       0.365729             0.00610505975            0.000619883483           
       0.366408             0.00519144385            0.000572888015           
       0.367087             0.00568456528            0.000589864513           
       0.367766             0.00600761611            0.000619028509           
       0.368445             0.00479543646            0.000543242389           
       0.369124             0.00513267203            0.000566434499           
       0.369804             0.00479319112             0.00054650588           
       0.370483             0.00546656742            0.000586186601           
       0.371162             0.00433430179            0.000524987233           
       0.371841             0.00404590738            0.000498377227           
       0.372520             0.00396115191            0.000503014078           
       0.373199             0.00654515134            0.000638865326           
       0.373879             0.00486137202            0.000556965396           
       0.374558             0.00477042875            0.000543680085           
       0.375237             0.00504098298            0.000559801011           
       0.375916             0.00516841529            0.000577691541           
       0.376595             0.00483721696            0.000547952564           
       0.377274             0.00500824226             0.00056647993           
       0.377954             0.00545854806            0.000582108497           
       0.378633             0.00407563523            0.000509350722           
       0.379312             0.00484867647            0.000555419628           
       0.379991             0.00560225846              0.0005939331           
       0.380670             0.00491397004            0.000566084423           
       0.381349             0.00499964563             0.00056279939           
       0.382029             0.00449905172            0.000541530628           
       0.382708             0.00324202954            0.000449657752           
       0.383387                0.00581489            0.000615852338           
       0.384066             0.00569826549            0.000604051486           
       0.384745             0.00452698274            0.000540518963           
       0.385424             0.00508693461            0.000574919635           
       0.386104             0.00457268996            0.000539062145           
       0.386783             0.00333371155            0.000470230238           
       0.387462             0.00460800251            0.000539091322           
       0.388141             0.00378342616            0.000496283944           
       0.388820             0.00463464512            0.000545311999           
       0.389499             0.00462338568            0.000547715316           
       0.390178             0.00321286044            0.000458402285           
       0.390858             0.00445560463            0.000535458351           
       0.391537             0.00401845767            0.000513705592           
       0.392216             0.00409961696            0.000512363643           
       0.392895             0.00412994772            0.000515987963           
       0.393574             0.00417541633            0.000517534537           
       0.394253             0.00435113495            0.000530689034           
       0.394933              0.0034606643            0.000478688746           
       0.395612             0.00355592204             0.00047113743           
       0.396291             0.00456390539            0.000544618859           
       0.396970              0.0055659056            0.000596111248           
       0.397649             0.00392934315            0.000502405577           
       0.398328             0.00364509114            0.000481765291           
       0.399008             0.00406890189            0.000507896301           
       0.399687             0.00421858185            0.000519164946           
       0.400366             0.00425241103            0.000519248759           
       0.401045             0.00473979115            0.000547161524           
       0.401724             0.00386723917            0.000495063355           
       0.402403             0.00368581234             0.00048707818           
       0.403083             0.00401092169            0.000500779106           
       0.403762             0.00391428705            0.000497149215           
       0.404441             0.00397756558            0.000504343421           
       0.405120              0.0042582864            0.000520126063           
       0.405799             0.00352669028            0.000471285441           
       0.406478             0.00434989286            0.000523420287           
       0.407158             0.00319206711            0.000447539572           
       0.407837             0.00399459359            0.000505066036           
       0.408516             0.00457039554            0.000535542716           
       0.409195             0.00422546268             0.00052077873           
       0.409874             0.00303820097            0.000447739222           
       0.410553             0.00411750447            0.000526841352           
       0.411233               0.003073928            0.000452849074           
       0.411912             0.00407007035            0.000528467137           
       0.412591             0.00315514183             0.00046837239           
       0.413270             0.00326527269            0.000474212952           
       0.413949             0.00271158233            0.000436860469           
       0.414628             0.00346930745            0.000493255903           
       0.415307             0.00318946741            0.000478205092           
       0.415987             0.00356898955            0.000501688441           
       0.416666             0.00247227223            0.000415038848           
       0.417345             0.00292337139            0.000458854615           
       0.418024             0.00335227534            0.000491376081           
       0.418703             0.00305235678            0.000468018734           
       0.419382             0.00296106946            0.000458708141           
       0.420062             0.00298023964            0.000461479953           
       0.420741             0.00228492782            0.000406225296           
       0.421420              0.0031051447            0.000475352289           
       0.422099              0.0039045025            0.000533051056           
       0.422778             0.00284395389            0.000457396382           
       0.423457             0.00221342178            0.000405988418           
       0.424137             0.00184809474            0.000364928524           
       0.424816             0.00261640691            0.000443283161           
       0.425495              0.0028356398            0.000461044748           
       0.426174              0.0034989113              0.0005123138           
       0.426853             0.00271941622             0.00044891216           
       0.427532             0.00224696642            0.000411507938           
       0.428212             0.00197118353            0.000387972464           
       0.428891             0.00227709814            0.000416044052           
       0.429570             0.00182517048             0.00037273228           
       0.430249             0.00246043122            0.000430516888           
       0.430928             0.00251415284            0.000444708003           
       0.431607             0.00189190991            0.000379142325           
       0.432287             0.00315506316            0.000493202473           
       0.432966             0.00235035149            0.000429428621           
       0.433645             0.00110863013            0.000295237288           
       0.434324             0.00147638216            0.000338650287           
       0.435003             0.00194543712            0.000389405227           
       0.435682             0.00285942389            0.000475970279           
       0.436361             0.00197586497            0.000395127782           
       0.437041             0.00243620369            0.000438163064           
       0.437720             0.00262501558            0.000457019412           
       0.438399              0.0018662496            0.000387359268           
       0.439078             0.00181718464            0.000393317421           
       0.439757             0.00279471923            0.000484762503           
       0.440436             0.00311161398            0.000523036068           
       0.441116             0.00257470511            0.000483555876           
       0.441795              0.0021455428            0.000441951314           
       0.442474             0.00215109549            0.000443756779           
       0.443153              0.0027525461            0.000513686319           
       0.443832             0.00323524019            0.000557847363           
       0.444511             0.00263117586             0.00050081322           
       0.445191             0.00207985192             0.00045609369           
       0.445870             0.00188678952            0.000434421634           
       0.446549             0.00255131072            0.000510489824           
       0.447228             0.00209935775            0.000460455486           
       0.447907             0.00196187043            0.000450463718           
       0.448586             0.00175341664            0.000436107015           
       0.449266             0.00351281101            0.000611596058           
       0.449945             0.00189082145            0.000446876492           
       0.450624             0.00323934561            0.000594201117           
       0.451303             0.00136531219            0.000390763761           
       0.451982             0.00256052688            0.000531826369           
       0.452661             0.00187023083            0.000462987539           
       0.453341             0.00314897035            0.000602872228           
       0.454020              0.0026983627            0.000558923631           
       0.454699             0.00263864078            0.000557751769           
       0.455378             0.00168529295            0.000445986305           
       0.456057             0.00212194569            0.000509338839           
       0.456736             0.00211676244            0.000507130034           
       0.457416             0.00297795936            0.000601526807           
       0.458095             0.00244201018            0.000552598136           
       0.458774             0.00185503751            0.000487993407           
       0.459453             0.00253115313             0.00057290376           
       0.460132            0.000797430746            0.000314620589           
       0.460811             0.00222380543            0.000545001175           
       0.461490             0.00165116115            0.000464840741           
       0.462170              0.0014371403            0.000440437247           
       0.462849             0.00146034576            0.000446858476           
       0.463528             0.00185190348            0.000502045471           
       0.464207             0.00124093198            0.000418657535           
       0.464886             0.00176364142            0.000495216534           
       0.465565             0.00125156284            0.000421755823           
       0.466245             0.00184054821            0.000513043197           
       0.466924             0.00119047472            0.000422357268           
       0.467603              0.0011206362            0.000401089562           
       0.468282             0.00133198262            0.000447647931           
       0.468961             0.00121021782            0.000429499584           
       0.469640              0.0018278426            0.000529943379           
       0.470320             0.00244354713             0.00061315532           
       0.470999             0.00233367008             0.00060486285           
       0.471678             0.00145232154            0.000481751529           
       0.472357             0.00240315045            0.000621431024           
       0.473036             0.00130821975            0.000461397777           
       0.473715             0.00149711795            0.000497447619           
       0.474395             0.00103942521            0.000420221414           
       0.475074             0.00171621962            0.000539983684           
       0.475753             0.00101960985            0.000412617404           
       0.476432            0.000943082852            0.000411277884           
       0.477111            0.000733628869            0.000358356071           
       0.477790             0.00127305641            0.000474585682           
       0.478470             0.00132033272            0.000489709027           
       0.479149            0.000973204664            0.000424783319           
       0.479828             0.00023733622             0.00020927811           
       0.480507            0.000980923256            0.000428890733           
       0.481186            0.000452929605            0.000298006545           
       0.481865            0.000453421315            0.000294475964           
       0.482545            0.000467214465            0.000302432631           
       0.483224             0.00028495663            0.000237803007           
       0.483903             0.00110182946            0.000474977146           
       0.484582            0.000315707634            0.000258382855           
       0.485261           -0.000112012257                         0           
       0.485940            0.000127034385            0.000166192873           
       0.486619            0.000105883503            0.000150059007           
       0.487299            0.000118439603            0.000161237185           
       0.487978           -0.000310772262                         0           
       0.488657           -8.12830371e-05                         0           
       0.489336            0.000783024008            0.000419794041           
       0.490015           -9.51597047e-05                         0           
       0.490694             0.00015264966            0.000191975079           
       0.491374             -0.0003108662                         0           
       0.492053           -6.45480133e-05                         0           
       0.492732           -0.000310903932                         0           
       0.493411            0.000434637995            0.000328435899           
       0.494090            0.000689646068            0.000416848967           
       0.494769           -0.000310960944                         0           
       0.495449           -0.000310980007                         0           
       0.496128           -4.60273384e-05                         0           
       0.496807           -0.000311018042                         0           
       0.497486           -0.000311037129                         0           
       0.498165            -0.00031105649                         0           
       0.498844            0.000514256371             0.00037716252           
       0.499524           -3.85554806e-05                         0           
       0.500203           -0.000311114183                         0           
       0.500882           -0.000311133263                         0           
       0.501561           -0.000311152403                         0           
       0.502240           -0.000311171799                         0           
       0.502919           -0.000311191109                         0           
       0.503599           -0.000311210496                         0           
       0.504278           -0.000311230156                         0           
       0.504957           -0.000311249585                         0           
       0.505636           -0.000311268889                         0           
       0.506315           -0.000311288511                         0           
       0.506994            1.83956506e-05            7.79313145e-05           
       0.507673           -0.000311327014                         0           
       0.508353           -0.000311346652                         0           
       0.509032            4.51624054e-05            0.000126494928           
       0.509711           -0.000311385767                         0           
       0.510390           -0.000311405635                         0           
       0.511069            3.58615031e-05            0.000112559228           
       0.511748            0.000403941485            0.000380091374           
       0.512428            0.000388153358            0.000379654266           
       0.513107           -0.000311484584                         0           
       0.513786            8.31947014e-05             0.00018043403           
       0.514465            0.000787401488            0.000537374695           
       0.515144            9.66720989e-05             0.00019855193           
       0.515823           -0.000311563858                         0           
       0.516503            0.000515431477            0.000459300867           
       0.517182           -0.000311603745                         0           
       0.517861           -0.000311623639                         0           
       0.518540           -0.000311643645                         0           
       0.519219           -0.000311663536                         0           
       0.519898           -0.000311683628                         0           
       0.520578            -0.00031170384                         0           
       0.521257           -0.000311723791                         0           
       0.521936            -0.00031174379                         0           
       0.522615           -0.000311764029                         0           
       0.523294           -0.000311784343                         0           
       0.523973           -0.000311804376                         0           
       0.524653           -0.000311824264                         0           
       0.525332              0.0001493532            0.000262520244           
       0.526011           -0.000311864984                         0           
       0.526690           -0.000311885485                         0           
       0.527369            0.000213020314            0.000331752969           
       0.528048           -0.000311926296                         0           
       0.528728           -0.000311946749                         0           
       0.529407           -0.000311967107                         0           
       0.530086           -0.000311987361                         0           
       0.530765           -0.000312007643                         0           
       0.531444             0.00019300098            0.000312404615           
       0.532123           -0.000312049008                         0           
       0.532802           -0.000312069702                         0           
       0.533482           -0.000312090324                         0           
       0.534161            -0.00031211098                         0           
       0.534840           -0.000312131459                         0           
       0.535519           -0.000312152318                         0           
       0.536198            0.000829255649            0.000690940471           
       0.536877           -0.000312193318                         0           
       0.537557            0.000247721699            0.000373098371           
       0.538236           -0.000312234921                         0           
       0.538915           -0.000312255808                         0           
       0.539594            0.000327343273            0.000456046741           
       0.540273            0.000302805984             0.00042718171           
       0.540952           -0.000312318801                         0           
       0.541632           -0.000312339367                         0           
       0.542311           -0.000312360121                         0           
       0.542990           -0.000312381109                         0           
       0.543669           -0.000312402271                         0           
       0.544348           -0.000312423409                         0           
       0.545027             -0.0003124445                         0           
       0.545707           -0.000312465656                         0           
       0.546386           -0.000312486871                         0           
       0.547065           -0.000312507831                         0           
       0.547744           -0.000312528887                         0           
       0.548423           -0.000312550175                         0           
       0.549102           -0.000312571484                         0           
       0.549782           -0.000312592686                         0           
       0.550461           -0.000312614139                         0           
       0.551140           -0.000312635722                         0           
       0.551819            -0.00031265705                         0           
       0.552498             0.00209906868             0.00129727706           
       0.553177           -0.000312699701                         0           
       0.553856           -0.000312720917                         0           
       0.554536           -0.000312742203                         0           
       0.555215           -0.000312763814                         0           
       0.555894           -0.000312785374                         0           
       0.556573           -0.000312807062                         0           
       0.557252           -0.000312828733                         0           
       0.557931           -0.000312850304                         0           
       0.558611            -0.00031287238                         0           
       0.559290           -0.000312893895                         0           
       0.559969           -0.000312914881                         0           
       0.560648           -0.000312936423                         0           
       0.561327           -0.000312958445                         0           
       0.562006           -0.000312980364                         0           
       0.562686           -0.000313002296                         0           
       0.563365           -0.000313024309                         0           
       0.564044             0.00312108113             0.00192214412           
       0.564723           -0.000313068065                         0           
       0.565402           -0.000313089511                         0           
       0.566081             -0.0003131111                         0           
       0.566761            0.000761811264            0.000917871568           
       0.567440           -0.000313155186                         0           
       0.568119           -0.000313177275                         0           
       0.568798           -0.000313199674                         0           
       0.569477            -0.00031322193                         0           
       0.570156           -0.000313244293                         0           
       0.570836           -0.000313266573                         0           
       0.571515           -0.000313288381                         0           
       0.572194           -0.000313310821                         0           
       0.572873           -0.000313332748                         0           
       0.573552           -0.000313354546                         0           
       0.574231           -0.000313376787                         0           
       0.574911           -0.000313399587                         0           
       0.575590           -0.000313421949                         0           
       0.576269           -0.000313444243                         0           
       0.576948           -0.000313466965                         0           
       0.577627           -0.000313488994                         0           
       0.578306           -0.000313511334                         0           
       0.578985           -0.000313533864                         0           
       0.579665           -0.000313556265                         0           
       0.580344           -0.000313579005                         0           
       0.581023            -0.00031360172                         0           
       0.581702           -0.000313624226                         0           
       0.582381           -0.000313646526                         0           
       0.583060             0.00221056247             0.00240175149           
       0.583740             0.00238247428             0.00255081206           
       0.584419           -0.000313714778                         0           
       0.585098           -0.000313737431                         0           
       0.585777           -0.000313760261                         0           
       0.586456           -0.000313783462                         0           
       0.587135           -0.000313806046                         0           
       0.587815           -0.000313828387                         0           
       0.588494           -0.000313851424                         0           
       0.589173           -0.000313874989                         0           
       0.589852           -0.000313897303                         0           
       0.590531           -0.000313920458                         0           
       0.591210           -0.000313943078                         0           
       0.591890           -0.000313966135                         0           
       0.592569           -0.000313988421                         0           
       0.593248           -0.000314012786                         0           
       0.593927              0.0122329359              0.0126409749           
       0.594606           -0.000314059594                         0           
       0.595285           -0.000314081827                         0           
       0.595965           -0.000314102575                         0           
       0.596644           -0.000314123925                         0           
