################################################################################
# EDF_DataBlockID                     0.Image.Psd
# EDF_BinarySize                      2105344
# EDF_HeaderSize                      2560
# ByteOrder                           LowByteFirst
# DataType                            FloatValue
# Dim_1                               512
# Dim_2                               1028
# Image                               0
# HeaderID                            EH:000000:000000:000000
# Size                                2105344
# Center_1                            304.9000
# Center_2                            588.7000
# Comment                             Xenocs_Cell_Window - 20251028_20perc_iodine_1.23mg
# DDummy                              0.6
# Date                                2025-11-01T04:36:47
# Delta                               21.910000
# Dummy                               -1.5
# ExposureTime                        360
# Gamma                               15.360000
# Intensity1                          8.60146e-10
# PSize_1                             7.5e-05
# PSize_2                             7.5e-05
# Pressure                            0.0327425
# SampleDistance                      0.115750
# SampleEnvKind                       large
# SampleEnvPN                         ElectroChemical cell
# SampleEnvSN                         1141
# Thickness                           0
# Wavelength                          1.541891e-10
# Wavelength                          1.54189e-10
# aux                                 0
# aux_dial                            0.002375
# beamx                               588.434
# beamx_dial                          588.434
# beamz                               657.808
# beamz_dial                          657.808
# det0x                               0
# det0x_dial                          6.36945
# det0xvd                             0
# det0xvd_dial                        0
# det0y                               450.002
# det0y_dial                          481.635
# det0z                               0
# det0z_dial                          1.23302
# det0zvd                             0
# det0zvd_dial                        0
# mag                                 1.818
# mag_dial                            1.818
# om                                  0.2499
# om_dial                             -0.610199
# phi                                 -0.0120535
# phi_dial                            0
# ry                                  0.599993
# ry_dial                             0.599993
# s1bot                               0.8
# s1bot_dial                          -1.66094
# s1hl                                0.8
# s1hl_dial                           -0.608437
# s1hr                                0.8
# s1hr_dial                           0.970938
# s1top                               0.8
# s1top_dial                          -0.461562
# s2bot                               0.45
# s2bot_dial                          1.36109
# s2hl                                0.45
# s2hl_dial                           -0.83375
# s2hr                                0.45
# s2hr_dial                           -0.118594
# s2top                               0.45
# s2top_dial                          1.44734
# w2theta                             32
# w2theta_dial                        32
# waxsch                              19.2605
# waxsch_dial                         -32.7355
# waxsh                               137.085
# waxsh_dial                          -43.5338
# waxsth                              26.0607
# waxsth_dial                         -19.4086
# waxsz                               67.0407
# waxsz_dial                          -23.7954
# wind                                65.9854
# wind_dial                           66.0041
# wpsi                                124
# wpsi_dial                           124
# wstod                               115
# wstod_dial                          115
# x                                   0
# x_dial                              1.00969
# z                                   0
# z_dial                              13.3172
# CountCutoff                         6807993
# DetectorModel                       Dectris EIGER2 Si 500K, S/N E-01-0554
# ThresholdSetting                    4023.88989258
# Saturation                          0
# FlatField                           Corrected
# BackgroundReductionExtra            0.02
# BackgroundCorrectionConstant        0.0026712
# Detector                            0
# Monitor                             0
# Pil_Roi0                            0
# SumForIntensity1                    3.09652e+08
# TransmittedFlux                     860146
# det                                 0
# mon                                 0
# pilai0                              3.09652e+08
# pilai1                              789774
# pilct0                              5.34784e+08
# pilct1                              789774
# pilroi0                             0
# pilroi1                             0
# sec                                 1
# title                               20251028_20perc_iodine_1.23mg_1_00784.edf
# usaxs0                              0
# Operation                           Azimuthal average I(q)
# Error_model                         ErrorModel.poisson
# Geometrical_correction              True
# Transmission_correction             True
# Thickness_correction                False
# Binning mode                        Uniform
# Binning factor                      1.0
# Psi                                 0.0
# Omega                               0.2499
# MaskInvalidPixels                   True
# DetectorEdge                        3
# MaskFiles                           ['WAXS_corrected.edf']
################################################################################
    q(A⁻¹)                Intensity(a.u.)            Sigma_I(a.u.)            
       0.693100           -2.36043681e-05                         0           
       0.695741             0.00830570289             0.00494337886           
       0.698381              0.0126861861             0.00748366084           
       0.701021               0.008763465             0.00879303234           
       0.703662              0.0168943924             0.00704711719           
       0.706302             0.00517879109             0.00302072755           
       0.708942             0.00282935449             0.00288178845           
       0.711583             0.00654481245             0.00379535856           
       0.714223           -2.35090961e-05                         0           
       0.716864              0.0111854598             0.00374801943           
       0.719504             0.00438766386             0.00253314145           
       0.722144             0.00372412353             0.00216123317           
       0.724785             0.00712796478             0.00238508446           
       0.727425             0.00288906347             0.00205418512           
       0.730065             0.00802598702             0.00242187364           
       0.732706              0.0102144182              0.0022943402           
       0.735346             0.00869013868             0.00275859829           
       0.737987              0.0051799761             0.00150499847           
       0.740627             0.00863086924             0.00289858428           
       0.743267             0.00694631492             0.00174171888           
       0.745908             0.00773003932             0.00199342729           
       0.748548             0.00742001983             0.00180022386           
       0.751189             0.00477072684             0.00194505902           
       0.753829             0.00605567097             0.00201440481           
       0.756469             0.00782511983             0.00184647938           
       0.759110             0.00868092795             0.00204952195           
       0.761750             0.00602285104             0.00150949342           
       0.764390             0.00495661434              0.0014332706           
       0.767031             0.00434192326             0.00116165151           
       0.769671             0.00434997678             0.00145041705           
       0.772312             0.00725493603             0.00142599359           
       0.774952             0.00664975549             0.00184358571           
       0.777592             0.00813075827             0.00148485215           
       0.780233             0.00791567453             0.00176760581           
       0.782873             0.00970883684              0.0018722666           
       0.785513             0.00701505651             0.00170138833           
       0.788154             0.00720166765              0.0014420764           
       0.790794              0.0065555649             0.00164488609           
       0.793435             0.00768287251             0.00159971567           
       0.796075             0.00649726581             0.00141713905           
       0.798715             0.00817186876              0.0018781081           
       0.801356             0.00758913367             0.00155772901           
       0.803996             0.00727376364             0.00155477703           
       0.806637             0.00879020616             0.00136019218           
       0.809277              0.0071476999             0.00132759385           
       0.811917             0.00710139577             0.00123706234           
       0.814558             0.00787287714              0.0013537433           
       0.817198             0.00737388199             0.00124469434           
       0.819838             0.00644542547             0.00117774869           
       0.822479             0.00503943268             0.00122288821           
       0.825119             0.00638111512             0.00117121856           
       0.827760             0.00730725092             0.00126957834           
       0.830400             0.00641177283             0.00111930066           
       0.833040             0.00662214663             0.00119176535           
       0.835681             0.00942392526             0.00161622702           
       0.838321             0.00741991553             0.00120370384           
       0.840961             0.00855838607               0.001408517           
       0.843602             0.00692976193             0.00116228864           
       0.846242             0.00736651332             0.00119817718           
       0.848883             0.00877109503             0.00133796187           
       0.851523             0.00596157119             0.00108935309           
       0.854163             0.00855503169             0.00138777252           
       0.856804             0.00635596711             0.00107553421           
       0.859444             0.00907872898              0.0012594658           
       0.862085             0.00587930772             0.00105635279           
       0.864725             0.00635858662             0.00112426899           
       0.867365              0.0099204687             0.00130218273           
       0.870006             0.00665011919             0.00101596427           
       0.872646             0.00885783602             0.00122957009           
       0.875286             0.00804316913             0.00112721324           
       0.877927             0.00762670465             0.00105917391           
       0.880567             0.00901000701             0.00119269568           
       0.883208             0.00648616365             0.00100242109           
       0.885848             0.00865902443             0.00120257996           
       0.888488             0.00701862469             0.00101549959           
       0.891129             0.00710029437             0.00104875514           
       0.893769               0.006646282            0.000971066668           
       0.896410             0.00824651655             0.00100849581           
       0.899050             0.00626857394            0.000966960068           
       0.901690             0.00740875416             0.00114509232           
       0.904331             0.00669906966            0.000965341255           
       0.906971             0.00486843367            0.000875472758           
       0.909611             0.00702976888            0.000957662865           
       0.912252             0.00638047363            0.000942377152           
       0.914892             0.00763149611             0.00112625981           
       0.917533             0.00533840792            0.000891105406           
       0.920173             0.00702171436            0.000948201718           
       0.922813             0.00730731692             0.00101506523           
       0.925454             0.00755090119            0.000929147803           
       0.928094             0.00531581243            0.000832285678           
       0.930734             0.00937838665              0.0011901736           
       0.933375             0.00811281777             0.00109607833           
       0.936015              0.0109906015             0.00115865622           
       0.938656             0.00816671548             0.00107144936           
       0.941296             0.00761948852            0.000937931283           
       0.943936             0.00843606772            0.000967819545           
       0.946577             0.00698899385            0.000875086461           
       0.949217             0.00713746973            0.000813224292           
       0.951858               0.008215301            0.000913300789           
       0.954498             0.00734232929            0.000999386309           
       0.957138             0.00670252582            0.000904590858           
       0.959779             0.00722938262            0.000926125683           
       0.962419              0.0075907033            0.000942674799           
       0.965059             0.00918597348             0.00109066454           
       0.967700             0.00785960112             0.00103326796           
       0.970340             0.00893456684            0.000974864289           
       0.972981             0.00933829998            0.000908040956           
       0.975621             0.00729962678            0.000854069364           
       0.978261             0.00874460185            0.000888212388           
       0.980902             0.00915610523             0.00108741868           
       0.983542             0.00779078362            0.000888285353           
       0.986182             0.00987123848            0.000981675749           
       0.988823             0.00598716657            0.000742357185           
       0.991463             0.00849128146             0.00094321525           
       0.994104             0.00977496013            0.000987224268           
       0.996744             0.00872206828             0.00095118465           
       0.999384             0.00781753539            0.000805359923           
       1.002025             0.00754678901            0.000883185223           
       1.004665             0.00795192231            0.000828503134           
       1.007306             0.00743847718             0.00079720762           
       1.009946             0.00862375326            0.000875423465           
       1.012586             0.00900902032             0.00087144805           
       1.015227             0.00836800387            0.000902286612           
       1.017867             0.00800701475             0.00084824934           
       1.020507             0.00810883454            0.000826852408           
       1.023148              0.0075389977            0.000860276444           
       1.025788             0.00848447481            0.000836807755           
       1.028429             0.00833971758            0.000869182749           
       1.031069             0.00754018785            0.000777738993           
       1.033709             0.00759097931            0.000829518289           
       1.036350             0.00744168606            0.000737658212           
       1.038990             0.00788330786              0.0007731826           
       1.041630             0.00881888518            0.000852949245           
       1.044271              0.0085526045            0.000789964485           
       1.046911             0.00872962697             0.00083949497           
       1.049552             0.00696183918            0.000787645427           
       1.052192             0.00847083453            0.000793346541           
       1.054832             0.00902346507            0.000826264999           
       1.057473             0.00764812911              0.0007498842           
       1.060113             0.00896304219            0.000791717125           
       1.062754             0.00822609631            0.000774385934           
       1.065394             0.00758112004            0.000785974458           
       1.068034             0.00775015804            0.000723057729           
       1.070675             0.00896190641              0.0008110607           
       1.073315             0.00877296418            0.000813967718           
       1.075955             0.00780992382            0.000725029531           
       1.078596             0.00859688698             0.00080845362           
       1.081236              0.0102476728            0.000845211718           
       1.083877              0.0093766905             0.00080124291           
       1.086517             0.00888552728             0.00083636209           
       1.089157             0.00872744139            0.000860064865           
       1.091798             0.00871470553            0.000753482665           
       1.094438              0.0084074183            0.000737690608           
       1.097078             0.00863756483             0.00071714126           
       1.099719             0.00759017517            0.000727148086           
       1.102359             0.00904835574            0.000743524233           
       1.105000             0.00855896675              0.0008086088           
       1.107640             0.00816666454            0.000755234653           
       1.110280             0.00905436986            0.000725579892           
       1.112921              0.0093319977            0.000791289025           
       1.115561             0.00856367575            0.000720430023           
       1.118202             0.00899317279            0.000738970657           
       1.120842              0.0088489371            0.000770409573           
       1.123482             0.00943833629            0.000792178136           
       1.126123             0.00915618825            0.000748388252           
       1.128763             0.00873145589            0.000735834991           
       1.131403             0.00857925824            0.000702833246           
       1.134044             0.00719540929             0.00066232566           
       1.136684             0.00900970775              0.0007901818           
       1.139325             0.00752899199             0.00066541638           
       1.141965              0.0088671996            0.000726908811           
       1.144605             0.00892320296            0.000695295024           
       1.147246             0.00912431491            0.000719548397           
       1.149886             0.00913549463             0.00071743316           
       1.152527             0.00949727121            0.000742138332           
       1.155167             0.00813163592            0.000653167359           
       1.157807             0.00789242359            0.000689934182           
       1.160448              0.0101895339            0.000765531847           
       1.163088             0.00878935838            0.000678181704           
       1.165728             0.00865822238             0.00069108809           
       1.168369             0.00875379929            0.000701311854           
       1.171009             0.00929106277            0.000701179137           
       1.173650             0.00929445315            0.000719708256           
       1.176290              0.0083084648             0.00066496567           
       1.178930             0.00919686405             0.00068568577           
       1.181571             0.00850036362             0.00067228271           
       1.184211             0.00947115476            0.000712150458           
       1.186851             0.00966371827            0.000703301648           
       1.189492              0.0101093205            0.000714494499           
       1.192132              0.0091154198            0.000670850751           
       1.194773              0.0100656197            0.000708029322           
       1.197413             0.00943189311            0.000656689553           
       1.200053             0.00932340395            0.000669491126           
       1.202694               0.010558795            0.000677515347           
       1.205334              0.0105399473            0.000729497532           
       1.207975             0.00849416646            0.000625106127           
       1.210615             0.00995745159            0.000746637642           
       1.213255             0.00955283218            0.000654871785           
       1.215896             0.00982064458            0.000676018749           
       1.218536             0.00931685094            0.000633128606           
       1.221176              0.0101293722            0.000717728406           
       1.223817             0.00925683851            0.000644072688           
       1.226457             0.00947048458            0.000664587382           
       1.229098              0.0105868968            0.000702634017           
       1.231738               0.010257551            0.000695022514           
       1.234378             0.00980436865            0.000638488532           
       1.237019               0.010632716            0.000685187448           
       1.239659              0.0102361652            0.000666432574           
       1.242299             0.00974223071            0.000641894506           
       1.244940              0.0109846037            0.000662894259           
       1.247580             0.00985156492            0.000646974448           
       1.250221               0.010394858            0.000660474024           
       1.252861              0.0104513286            0.000630480056           
       1.255501              0.0101816443            0.000675690707           
       1.258142              0.0100456855            0.000630679168           
       1.260782             0.00826499786            0.000584435775           
       1.263423             0.00893366686            0.000583851723           
       1.266063              0.0102799419            0.000641940448           
       1.268703             0.00995818932            0.000626571685           
       1.271344              0.0119210677            0.000708782186           
       1.273984             0.00972948507            0.000618427184           
       1.276624             0.00956199466            0.000601563381           
       1.279265              0.0102780015            0.000634036692           
       1.281905              0.0103668914            0.000639598634           
       1.284546              0.0104296044            0.000620097209           
       1.287186              0.0100620074            0.000597563628           
       1.289826             0.00910002083            0.000598921502           
       1.292467              0.0109038105            0.000641158269           
       1.295107              0.0106733312            0.000628044499           
       1.297747              0.0112353142            0.000616605335           
       1.300388              0.0110038157            0.000665216656           
       1.303028               0.010367595            0.000616423528           
       1.305669              0.0110842688            0.000652549524           
       1.308309              0.0115976582             0.00066091731           
       1.310949              0.0112849945            0.000651292353           
       1.313590               0.012086005            0.000652941728           
       1.316230              0.0103193772            0.000643844095           
       1.318871              0.0110386192            0.000652170797           
       1.321511              0.0108712478            0.000635211516           
       1.324151              0.0111933195            0.000625443627           
       1.326792              0.0113212575            0.000632896616           
       1.329432              0.0107906868            0.000613527999           
       1.332072              0.0109145037            0.000607842145           
       1.334713               0.010504042            0.000615443936           
       1.337353              0.0106286908            0.000593714696           
       1.339994              0.0110483975            0.000635226746           
       1.342634              0.0115046698             0.00062159337           
       1.345274              0.0114635418            0.000642139846           
       1.347915              0.0107311752            0.000604132443           
       1.350555              0.0108444418             0.00061794873           
       1.353195              0.0113762704            0.000636028549           
       1.355836              0.0118935356            0.000640186904           
       1.358476              0.0112051853            0.000603459253           
       1.361117              0.0111409309            0.000602552485           
       1.363757              0.0102262684             0.00059491551           
       1.366397              0.0108573457            0.000594447216           
       1.369038              0.0115916919             0.00062033725           
       1.371678              0.0113134558            0.000607444141           
       1.374319               0.012274764            0.000627277108           
       1.376959               0.011301769            0.000595849346           
       1.379599             0.00980834277             0.00059488519           
       1.382240              0.0101198727             0.00056791241           
       1.384880              0.0106169994            0.000616146325           
       1.387520               0.011336372            0.000604672975           
       1.390161              0.0111238213            0.000568884744           
       1.392801              0.0120446745            0.000616768431           
       1.395442              0.0104172798            0.000581424187           
       1.398082              0.0116666634            0.000576204757           
       1.400722               0.011501226            0.000599266617           
       1.403363              0.0110567563             0.00061849205           
       1.406003              0.0109373157            0.000575690614           
       1.408644              0.0111540143            0.000609018328           
       1.411284              0.0112657727            0.000579568196           
       1.413924              0.0092826448            0.000524139492           
       1.416565              0.0108945443            0.000565595876           
       1.419205              0.0104125167            0.000576806705           
       1.421845              0.0103316602            0.000574225425           
       1.424486              0.0104644335            0.000555497972           
       1.427126              0.0115076351            0.000605135126           
       1.429767              0.0121537985            0.000585125273           
       1.432407              0.0108264666            0.000577943173           
       1.435047             0.00948405899            0.000508020506           
       1.437688              0.0100733274            0.000531393199           
       1.440328              0.0108629622            0.000563202312           
       1.442968              0.0115504223            0.000593762042           
       1.445609              0.0107247315            0.000553995801           
       1.448249              0.0107629926            0.000569034927           
       1.450890               0.011436142            0.000582731182           
       1.453530              0.0110710507            0.000599843688           
       1.456170              0.0103589211            0.000563127806           
       1.458811               0.010885999            0.000552004037           
       1.461451              0.0094642502            0.000516046675           
       1.464092              0.0104350292            0.000545409642           
       1.466732              0.0108464973            0.000551280464           
       1.469372              0.0108177966            0.000537666039           
       1.472013              0.0109968813            0.000584663748           
       1.474653              0.0113342661            0.000584408257           
       1.477293              0.0103971169            0.000571523978           
       1.479934              0.0105320507            0.000548880661           
       1.482574              0.0111047965            0.000545202196           
       1.485215              0.0102706002             0.00053409023           
       1.487855              0.0105686493            0.000548931392           
       1.490495              0.0112584991            0.000564476872           
       1.493136              0.0109159497            0.000548204591           
       1.495776              0.0108738848             0.00054465597           
       1.498416              0.0100094229            0.000539654515           
       1.501057              0.0108986033              0.0005507043           
       1.503697              0.0106399161            0.000531973227           
       1.506338              0.0106314011            0.000541477441           
       1.508978              0.0105350449            0.000533717189           
       1.511618             0.00977412939            0.000547494367           
       1.514259              0.0111810141            0.000565343518           
       1.516899              0.0107582656            0.000539950656           
       1.519540              0.0107400964            0.000548194264           
       1.522180             0.00986409129            0.000529977381           
       1.524820              0.0111286986            0.000559767303           
       1.527461              0.0101744491            0.000537877496           
       1.530101              0.0101148177            0.000530935393           
       1.532741               0.010768109            0.000544633877           
       1.535382               0.010697008            0.000551571755           
       1.538022              0.0102599871             0.00050888491           
       1.540663              0.0103560065            0.000549892346           
       1.543303              0.0108638117            0.000522952411           
       1.545943              0.0103569644            0.000540440471           
       1.548584              0.0102240026            0.000546598971           
       1.551224              0.0102149732             0.00050515919           
       1.553864             0.00999957717             0.00052813721           
       1.556505             0.00993419725             0.00050852359           
       1.559145              0.0106294148            0.000532460182           
       1.561786              0.0111599593            0.000546006875           
       1.564426             0.00962124225            0.000491201275           
       1.567066               0.009548589            0.000512737663           
       1.569707              0.0104986123             0.00052798229           
       1.572347             0.00966660917            0.000523398939           
       1.574988              0.0097755096            0.000500986375           
       1.577628             0.00917604657            0.000506134153           
       1.580268             0.00976508897            0.000505885211           
       1.582909              0.0102451343            0.000549240154           
       1.585549              0.0100753121            0.000528856249           
       1.588189             0.00937214275            0.000498935292           
       1.590830             0.00924051893            0.000494797536           
       1.593470             0.00912437278            0.000511146522           
       1.596111             0.00905730155            0.000497200254           
       1.598751             0.00868080577            0.000471650938           
       1.601391             0.00962983385            0.000507723942           
       1.604032             0.00964350014            0.000518705668           
       1.606672             0.00901238302            0.000487201605           
       1.609312             0.00891153079            0.000505727874           
       1.611953             0.00956659372             0.00051275263           
       1.614593              0.0100310378            0.000515034249           
       1.617234              0.0090738068              0.0005076631           
       1.619874             0.00847115583            0.000488577201           
       1.622514              0.0088713065            0.000493162968           
       1.625155             0.00932091112            0.000508491729           
       1.627795             0.00983656892            0.000509569006           
       1.630436             0.00892784667            0.000482926307           
       1.633076             0.00881819455            0.000486246241           
       1.635716             0.00938983539            0.000493952327           
       1.638357             0.00974198449             0.00050445565           
       1.640997               0.009392957            0.000510341376           
       1.643637              0.0091056102            0.000488964452           
       1.646278             0.00931534023            0.000510102804           
       1.648918             0.00851858344            0.000489130963           
       1.651559             0.00943740353            0.000518830479           
       1.654199             0.00896058752            0.000491695571           
       1.656839             0.00864264386            0.000483062064           
       1.659480             0.00796545662            0.000481165832           
       1.662120             0.00859022803             0.00047061605           
       1.664761             0.00957513881             0.00051611273           
       1.667401             0.00886312874            0.000474598294           
       1.670041             0.00805765176            0.000459418969           
       1.672682             0.00727216202            0.000434658069           
       1.675322             0.00918434758            0.000485331397           
       1.677962             0.00854925606            0.000463085251           
       1.680603             0.00969795191            0.000494733342           
       1.683243             0.00924338286             0.00050391985           
       1.685884             0.00894318873            0.000499329837           
       1.688524              0.0092792279            0.000498792678           
       1.691164             0.00922715244             0.00049750398           
       1.693805             0.00899504043            0.000496602787           
       1.696445             0.00854274192            0.000486763692           
       1.699085             0.00934093895            0.000491940991           
       1.701726             0.00894623003            0.000463778703           
       1.704366             0.00918575964            0.000495075629           
       1.707007             0.00780105936            0.000446067291           
       1.709647             0.00842098726             0.00046868616           
       1.712287             0.00873251842            0.000481431196           
       1.714928             0.00765835625             0.00045448521           
       1.717568             0.00875012953            0.000457627322           
       1.720209             0.00787061753            0.000454605182           
       1.722849             0.00858728249            0.000472410282           
       1.725489             0.00877002968            0.000477811412           
       1.728130              0.0081051804            0.000488153144           
       1.730770             0.00792029124            0.000458295982           
       1.733410             0.00892298061            0.000478794923           
       1.736051             0.00786209238            0.000452559878           
       1.738691             0.00880579932            0.000469242351           
       1.741332              0.0079693194            0.000459452225           
       1.743972             0.00912020275            0.000507567112           
       1.746612             0.00853997253            0.000471634983           
       1.749253             0.00952403381             0.00050790357           
       1.751893             0.00901478321            0.000490511155           
       1.754533             0.00895266894            0.000488361859           
       1.757174             0.00855946089            0.000473045128           
       1.759814             0.00816579973            0.000455035484           
       1.762455             0.00822019064            0.000464931618           
       1.765095             0.00884568373            0.000461374954           
       1.767735             0.00826133107             0.00045963045           
       1.770376             0.00855860448            0.000469060293           
       1.773016             0.00956270486            0.000492491523           
       1.775657             0.00893828774            0.000469289948           
       1.778297             0.00883413853            0.000462530463           
       1.780937             0.00766586498            0.000454775343           
       1.783578             0.00871932155            0.000472890296           
       1.786218             0.00865611747            0.000491720837           
       1.788858             0.00900055477            0.000476217077           
       1.791499             0.00914861881            0.000474725944           
       1.794139             0.00828315066            0.000448048572           
       1.796780             0.00918093809            0.000469431351           
       1.799420              0.0100353847            0.000488071977           
       1.802060             0.00979374257            0.000486054578           
       1.804701             0.00912535799            0.000450242497           
       1.807341              0.0096625484            0.000486833212           
       1.809981             0.00832696371            0.000453443562           
       1.812622             0.00935983234            0.000472089121           
       1.815262             0.00955962909            0.000487235895           
       1.817903             0.00935683914            0.000474897957           
       1.820543             0.00789374989            0.000442988553           
       1.823183             0.00956473815            0.000487358503           
       1.825824             0.00847543277            0.000438288191           
       1.828464             0.00928775711            0.000478330778           
       1.831105              0.0086831805            0.000449713462           
       1.833745              0.0089370288            0.000465983576           
       1.836385             0.00875290927            0.000474319275           
       1.839026             0.00835056299             0.00046182574           
       1.841666             0.00826286798            0.000457765385           
       1.844306             0.00963325604            0.000480783427           
       1.846947             0.00887619946            0.000465550487           
       1.849587             0.00893371782            0.000515743545           
       1.852228              0.0092339832            0.000474132462           
       1.854868             0.00909940751            0.000497187739           
       1.857508             0.00717338203            0.000437114579           
       1.860149              0.0085887872             0.00048698874           
       1.862789             0.00841106883            0.000465168151           
       1.865429             0.00857871406            0.000490379517           
       1.868070             0.00944460239            0.000507674981           
       1.870710              0.0109755765            0.000534660242           
       1.873351             0.00978207026            0.000510993724           
       1.875991             0.00898359787            0.000497686534           
       1.878631             0.00820097101             0.00046640693           
       1.881272             0.00868728479            0.000476820259           
       1.883912             0.00934802899            0.000514756769           
       1.886553             0.00830686888            0.000479819567           
       1.889193             0.00919379533            0.000503922784           
       1.891833               0.010191516            0.000551009116           
       1.894474             0.00893141117            0.000511329201           
       1.897114             0.00855034835            0.000484132046           
       1.899754             0.00789448549            0.000467140127           
       1.902395             0.00905427315              0.0004904977           
       1.905035             0.00917056374            0.000522844911           
       1.907676             0.00830583729            0.000468974569           
       1.910316             0.00876823941            0.000494646127           
       1.912956             0.00883669324            0.000485648558           
       1.915597             0.00813390094            0.000468540469           
       1.918237             0.00923960556            0.000515730003           
       1.920878              0.0085876515            0.000495166654           
       1.923518             0.00883287736            0.000502399866           
       1.926158             0.00901867431            0.000501068692           
       1.928799             0.00947026267            0.000507516923           
       1.931439              0.0088631418            0.000503857397           
       1.934079             0.00905389317            0.000530881127           
       1.936720             0.00774560934              0.0004549529           
       1.939360             0.00894300409            0.000521540473           
       1.942001             0.00808660908            0.000454554827           
       1.944641             0.00948604509            0.000502015475           
       1.947281             0.00821106083            0.000462756445           
       1.949922             0.00824343961            0.000478927972           
       1.952562             0.00795177644            0.000485123466           
       1.955202             0.00857904077            0.000503280212           
       1.957843             0.00870881058            0.000493922483           
       1.960483             0.00837610517            0.000506435235           
       1.963124             0.00868183293            0.000505017197           
       1.965764             0.00835374329            0.000467159959           
       1.968404             0.00893347292            0.000478533472           
       1.971045             0.00865369911            0.000480189525           
       1.973685             0.00859886702            0.000502084697           
       1.976326             0.00957947941            0.000522657395           
       1.978966             0.00838728204            0.000493345812           
       1.981606             0.00886589501            0.000517805248           
       1.984247             0.00808856183            0.000491333197           
       1.986887             0.00870518691            0.000503611631           
       1.989527             0.00846018783              0.0004911275           
       1.992168             0.00822008639            0.000502303289           
       1.994808             0.00831044721            0.000502891609           
       1.997449             0.00863203104            0.000502003716           
       2.000089             0.00865930706              0.0005008028           
       2.002729             0.00808662853            0.000484249543           
       2.005370             0.00822423883            0.000483097881           
       2.008010             0.00713495623            0.000469607517           
       2.010650             0.00798775894            0.000500588031           
       2.013291             0.00852263685            0.000496106484           
       2.015931             0.00764925149            0.000466677107           
       2.018572             0.00780311042            0.000504150372           
       2.021212             0.00834298838            0.000511933133           
       2.023852             0.00773164877             0.00046643108           
       2.026493             0.00730499711            0.000473635079           
       2.029133             0.00766053156            0.000475263425           
       2.031774             0.00737605915            0.000489429771           
       2.034414             0.00833553788            0.000478738553           
       2.037054             0.00728335394            0.000458847151           
       2.039695             0.00809787235            0.000480170318           
       2.042335             0.00771221203            0.000486974958           
       2.044975             0.00806866464             0.00049206104           
       2.047616             0.00827008563            0.000496927458           
       2.050256             0.00838130001            0.000504991806           
       2.052897             0.00788000733            0.000498684089           
       2.055537             0.00815839988            0.000490398881           
       2.058177             0.00746312493            0.000459313941           
       2.060818             0.00774405541            0.000490139429           
       2.063458             0.00739207857            0.000499031339           
       2.066098             0.00803526461            0.000490806793           
       2.068739             0.00729761756             0.00047500673           
       2.071379             0.00793519659            0.000508240672           
       2.074020             0.00759476298            0.000486413012           
       2.076660             0.00780896001            0.000497211738           
       2.079300             0.00783508045            0.000510245658           
       2.081941              0.0084665572            0.000485650004           
       2.084581             0.00709992249            0.000469417235           
       2.087222             0.00779670349            0.000474402458           
       2.089862             0.00824538068            0.000531355896           
       2.092502             0.00775609719            0.000499557667           
       2.095143             0.00785651002            0.000519196561           
       2.097783             0.00819874796            0.000513501372           
       2.100423             0.00823838279            0.000496000405           
       2.103064             0.00744702227            0.000489324238           
       2.105704             0.00753689162            0.000489829593           
       2.108345             0.00722618207            0.000460792989           
       2.110985             0.00794155243            0.000515946646           
       2.113625             0.00748117025            0.000505138265           
       2.116266             0.00825788837            0.000538242909           
       2.118906             0.00804661586            0.000495153955           
       2.121546              0.0068497308            0.000448123965           
       2.124187             0.00809232306            0.000511280892           
       2.126827              0.0075689788            0.000499990556           
       2.129468             0.00760830175            0.000502568125           
       2.132108              0.0081132923            0.000504926902           
       2.134748             0.00782746171              0.0004940287           
       2.137389             0.00752986365            0.000505502123           
       2.140029             0.00786732863            0.000462586288           
       2.142670             0.00789780944            0.000495332701           
       2.145310             0.00770836645            0.000476298888           
       2.147950             0.00826473869            0.000507625382           
       2.150591             0.00700638544            0.000462662652           
       2.153231             0.00732760603            0.000487033962           
       2.155871             0.00748902415            0.000475661313           
       2.158512             0.00792865383            0.000510678864           
       2.161152             0.00768524375            0.000487022937           
       2.163793              0.0074010493            0.000475781639           
       2.166433             0.00774387266            0.000499765213           
       2.169073             0.00758819608            0.000483702205           
       2.171714             0.00672012188            0.000451792083           
       2.174354             0.00719759804            0.000488564307           
       2.176995             0.00700023941            0.000479792136           
       2.179635             0.00759517093            0.000528108797           
       2.182275             0.00873715835            0.000534791774           
       2.184916             0.00703297419            0.000463433961           
       2.187556             0.00755220668            0.000475423285           
       2.190196             0.00804136681            0.000512647854           
       2.192837             0.00792112827            0.000506032443           
       2.195477             0.00766551215            0.000474593759           
       2.198118             0.00801129713            0.000497611987           
       2.200758              0.0074622307            0.000492714583           
       2.203398             0.00688455732            0.000476286834           
       2.206039             0.00707496138             0.00045695599           
       2.208679             0.00709388703            0.000468215616           
       2.211319             0.00749249071            0.000483964842           
       2.213960               0.007270706            0.000483135759           
       2.216600             0.00666231565            0.000478425837           
       2.219241             0.00656455931            0.000453878836           
       2.221881             0.00769027597            0.000492266322           
       2.224521             0.00775507411            0.000500393402           
       2.227162             0.00800601833            0.000498245135           
       2.229802             0.00672236156            0.000470849813           
       2.232443             0.00700139042            0.000472943142           
       2.235083             0.00762222445            0.000508022385           
       2.237723             0.00692482888            0.000464683438           
       2.240364             0.00723690671            0.000486741819           
       2.243004              0.0070241459            0.000475705602           
       2.245644             0.00733781205            0.000491077713           
       2.248285             0.00693787538            0.000467941593           
       2.250925             0.00783571707            0.000500320111           
       2.253566             0.00758851375            0.000526375605           
       2.256206             0.00751514019            0.000513350742           
       2.258846             0.00756131887            0.000489836619           
       2.261487             0.00773890838            0.000520131496           
       2.264127             0.00707821537            0.000480413575           
       2.266767             0.00825030478             0.00053248542           
       2.269408               0.008546576            0.000544181306           
       2.272048             0.00739017544            0.000503007879           
       2.274689             0.00777467497            0.000522725358           
       2.277329             0.00638343118             0.00044597405           
       2.279969             0.00782768654             0.00052568007           
       2.282610             0.00690504947            0.000479996564           
       2.285250              0.0078102718            0.000488608937           
       2.287891             0.00727948373            0.000505748464           
       2.290531             0.00743621412            0.000518035377           
       2.293171             0.00764525466            0.000511656774           
       2.295812             0.00764371959            0.000509548925           
       2.298452             0.00641843599            0.000488280586           
       2.301092              0.0071290512             0.00047812766           
       2.303733             0.00613809099             0.00046155542           
       2.306373             0.00605534986            0.000465653645           
       2.309014              0.0079824827            0.000524211504           
       2.311654             0.00641094726            0.000490242391           
       2.314294             0.00658854967             0.00045787558           
       2.316935             0.00748463973            0.000490036667           
       2.319575             0.00629565465            0.000470900263           
       2.322215             0.00695491637            0.000515813275           
       2.324856             0.00696222582            0.000474485952           
       2.327496             0.00643523951            0.000485057476           
       2.330137             0.00770060806            0.000507751648           
       2.332777             0.00743535951             0.00051445026           
       2.335417             0.00707034496            0.000486688831           
       2.338058             0.00720093625            0.000505835017           
       2.340698             0.00703540287            0.000496058104           
       2.343339             0.00756232195            0.000525616587           
       2.345979             0.00739232802             0.00049165419           
       2.348619             0.00717763294             0.00050217086           
       2.351260             0.00689446257            0.000489297942           
       2.353900             0.00732175467            0.000502635118           
       2.356540             0.00729299536             0.00050093489           
       2.359181             0.00743584312              0.0004987257           
       2.361821             0.00737104937            0.000479652203           
       2.364462             0.00748599368            0.000505552479           
       2.367102             0.00771792439            0.000527522772           
       2.369742             0.00695613912            0.000527139651           
       2.372383             0.00816246291            0.000517058209           
       2.375023             0.00742427644            0.000518379887           
       2.377663             0.00764059134            0.000502816074           
       2.380304             0.00732260771            0.000500449412           
       2.382944             0.00766626918            0.000487719235           
       2.385585             0.00769422917            0.000521108657           
       2.388225             0.00665109174            0.000482221599           
       2.390865             0.00750617786            0.000507020326           
       2.393506             0.00704419447            0.000481903259           
       2.396146             0.00643587152            0.000498048961           
       2.398787             0.00755996095            0.000497462151           
       2.401427             0.00682366754            0.000456184214           
       2.404067              0.0064121736            0.000452079379           
       2.406708             0.00634672887            0.000444372996           
       2.409348             0.00656794449            0.000479488505           
       2.411988             0.00685280947            0.000479872456           
       2.414629             0.00735486893             0.00051262315           
       2.417269             0.00769173685            0.000530351852           
       2.419910             0.00698536191            0.000506585703           
       2.422550              0.0071972139            0.000491964603           
       2.425190             0.00741093913            0.000526225526           
       2.427831             0.00735340726            0.000521232382           
       2.430471             0.00714857331            0.000489609478           
       2.433112             0.00693632728            0.000469631886           
       2.435752             0.00658976762            0.000484441838           
       2.438392             0.00703172358            0.000483010707           
       2.441033             0.00663345183            0.000497186303           
       2.443673             0.00750709239            0.000529320842           
       2.446313             0.00725153949            0.000520692076           
       2.448954             0.00689885462            0.000483565234           
       2.451594             0.00696936664            0.000522596006           
       2.454235             0.00673287448            0.000481937503           
       2.456875             0.00727551052            0.000524206827           
       2.459515             0.00610484885            0.000492615491           
       2.462156              0.0076183584            0.000519561987           
       2.464796             0.00770652077            0.000515817736           
       2.467436             0.00815155052            0.000548601603           
       2.470077             0.00724662503            0.000490264033           
       2.472717             0.00728972161            0.000493849728           
       2.475358              0.0071287746            0.000493459778           
       2.477998              0.0086862496            0.000535520952           
       2.480638             0.00699337982            0.000489049841           
       2.483279             0.00814016412            0.000551453225           
       2.485919             0.00727447963            0.000502397916           
       2.488560             0.00665560627            0.000479209578           
       2.491200             0.00589619675            0.000464454785           
       2.493840             0.00794570031            0.000570509615           
       2.496481             0.00799238472            0.000562823487           
       2.499121               0.006591572            0.000497152295           
       2.501761             0.00695973827            0.000517616129           
       2.504402             0.00828680442             0.00055656138           
       2.507042             0.00680909032            0.000500766045           
       2.509683              0.0072376906            0.000508395324           
       2.512323             0.00743906988            0.000541318543           
       2.514963             0.00667744494            0.000506523788           
       2.517604             0.00732802236            0.000550605516           
       2.520244             0.00698079316            0.000503815672           
       2.522884             0.00736295958            0.000524822356           
       2.525525              0.0118377441            0.000673010989           
       2.528165             0.00767159718            0.000533344244           
       2.530806             0.00756029448            0.000538689751           
       2.533446              0.0068984861            0.000503588923           
       2.536086             0.00848211345            0.000553409627           
       2.538727             0.00728272009            0.000491946249           
       2.541367             0.00679307882            0.000479801107           
       2.544008             0.00743994598            0.000518573705           
       2.546648             0.00638467987            0.000488631336           
       2.549288             0.00767036805             0.00054648723           
       2.551929             0.00714831714            0.000519152956           
       2.554569             0.00591061699            0.000454803528           
       2.557209             0.00662403443            0.000485891125           
       2.559850             0.00763257486            0.000523245605           
       2.562490             0.00724100941            0.000526747705           
       2.565131             0.00705306535            0.000539021266           
       2.567771             0.00784391659             0.00054805999           
       2.570411             0.00640272678            0.000489800795           
       2.573052             0.00636654748            0.000494565905           
       2.575692             0.00755293754            0.000535417134           
       2.578332              0.0068956958            0.000513707116           
       2.580973             0.00792855933            0.000545596683           
       2.583613             0.00647230513             0.00048121373           
       2.586254             0.00699295665            0.000499499377           
       2.588894             0.00695886144              0.0005174402           
       2.591534             0.00672539949            0.000526585864           
       2.594175             0.00647376815            0.000506891534           
       2.596815             0.00649590958            0.000510751487           
       2.599456             0.00628177163            0.000476293166           
       2.602096             0.00662176929            0.000492734428           
       2.604736             0.00637770429            0.000495035049           
       2.607377             0.00596595578            0.000466170927           
       2.610017             0.00660061643            0.000481759332           
       2.612657             0.00675815124            0.000518502562           
       2.615298             0.00605417363            0.000479130887           
       2.617938             0.00667696028            0.000538265031           
       2.620579             0.00662432018            0.000514688044           
       2.623219             0.00726796919            0.000538344703           
       2.625859             0.00659350898            0.000498544326           
       2.628500             0.00623672342              0.0004816901           
       2.631140             0.00743507577            0.000534038891           
       2.633780             0.00723564065            0.000526369814           
       2.636421             0.00823771977            0.000575449095           
       2.639061             0.00658394422            0.000484299229           
       2.641702             0.00697049628            0.000509849651           
       2.644342             0.00725672817            0.000522429016           
       2.646982             0.00689139374            0.000501497499           
       2.649623             0.00668664567            0.000517683159           
       2.652263              0.0081684831            0.000566435478           
       2.654904             0.00768932472            0.000550123927           
       2.657544             0.00669265208            0.000483413347           
       2.660184             0.00746343705            0.000540249204           
       2.662825             0.00609724002            0.000499633795           
       2.665465             0.00670864967            0.000506877669           
       2.668105             0.00651010035            0.000526303005           
       2.670746             0.00736642739            0.000517180561           
       2.673386              0.0103821369            0.000632759818           
       2.676027             0.00943067441            0.000593390019           
       2.678667             0.00979597891            0.000590107792           
       2.681307              0.0115901886            0.000630681916           
       2.683948              0.0129658119            0.000685373367           
       2.686588              0.0110083754            0.000621049804           
       2.689229             0.00902133806            0.000549370548           
       2.691869             0.00916907273            0.000585364975           
       2.694509             0.00812596576             0.00055136614           
       2.697150             0.00836609247             0.00055037684           
       2.699790             0.00674815494            0.000518203413           
       2.702430             0.00744906098            0.000520429362           
       2.705071             0.00713163981            0.000526183099           
       2.707711             0.00629429632            0.000479783005           
       2.710352             0.00653383645            0.000516507158           
       2.712992             0.00702820488             0.00054559603           
       2.715632              0.0080240223            0.000540879071           
       2.718273              0.0063326023            0.000497975679           
       2.720913             0.00754486227            0.000542007396           
       2.723553              0.0064748048            0.000505471958           
       2.726194             0.00819394484            0.000594406433           
       2.728834              0.0071130218            0.000554073989           
       2.731475             0.00782124747            0.000536215233           
       2.734115             0.00800976706            0.000559480129           
       2.736755             0.00714456961            0.000532749094           
       2.739396             0.00712409768            0.000528903041           
       2.742036             0.00748560426            0.000567401062           
       2.744677             0.00649964427             0.00051299915           
       2.747317             0.00758283191             0.00055014812           
       2.749957             0.00711876387            0.000536788709           
       2.752598             0.00769122674            0.000564009862           
       2.755238             0.00784080841            0.000579748165           
       2.757878             0.00897918113            0.000614983536           
       2.760519             0.00791736438            0.000571354862           
       2.763159              0.0098450858            0.000630759097           
       2.765800             0.00737090667            0.000520115766           
       2.768440             0.00766118828            0.000534164844           
       2.771080             0.00886051971            0.000579251126           
       2.773721             0.00696531011            0.000526827709           
       2.776361             0.00733133968            0.000547949608           
       2.779001             0.00727100341            0.000565117453           
       2.781642             0.00644449023            0.000528108845           
       2.784282             0.00656584307            0.000541823501           
       2.786923             0.00669078726            0.000551770318           
       2.789563             0.00716405473            0.000549893294           
       2.792203             0.00704535395            0.000520935072           
       2.794844             0.00748487706            0.000588475798           
       2.797484              0.0069554993            0.000535377559           
       2.800125             0.00641921117            0.000540811928           
       2.802765             0.00751072308            0.000574923365           
       2.805405              0.0073900492            0.000572216247           
       2.808046             0.00632256423             0.00053858159           
       2.810686             0.00650353769            0.000501926658           
       2.813326             0.00664467492             0.00052699012           
       2.815967             0.00573936988            0.000503701989           
       2.818607             0.00743748468            0.000547176901           
       2.821248             0.00682228598             0.00051317844           
       2.823888             0.00631275706            0.000512413943           
       2.826528              0.0072037565             0.00053011291           
       2.829169             0.00683438185            0.000540840594           
       2.831809             0.00611377543            0.000518491854           
       2.834449             0.00724540694            0.000568008147           
       2.837090             0.00669391481            0.000527313733           
       2.839730             0.00729574509            0.000547820409           
       2.842371             0.00664238189            0.000523469816           
       2.845011             0.00623921438            0.000511378789           
       2.847651             0.00715439825            0.000548273638           
       2.850292              0.0065021661             0.00052781446           
       2.852932             0.00657073851            0.000542153687           
       2.855573             0.00740239186            0.000558194711           
       2.858213             0.00640644785            0.000545315431           
       2.860853             0.00664886243            0.000516776828           
       2.863494              0.0069225189            0.000545950183           
       2.866134             0.00757283249            0.000593502864           
       2.868774             0.00686442933            0.000555339814           
       2.871415             0.00689816423            0.000565374192           
       2.874055             0.00673296376            0.000533917006           
       2.876696             0.00692223487             0.00055601278           
       2.879336             0.00786296675            0.000571143498           
       2.881976             0.00710785064            0.000560094579           
       2.884617             0.00689171204             0.00054341323           
       2.887257              0.0065290245            0.000531651039           
       2.889897             0.00663246817            0.000524817897           
       2.892538             0.00622431976            0.000556968745           
       2.895178             0.00663139488            0.000519377879           
       2.897819             0.00642408977            0.000521467999           
       2.900459             0.00613526797            0.000499697267           
       2.903099             0.00753488306            0.000548100325           
       2.905740             0.00628967598            0.000513723231           
       2.908380             0.00695268355            0.000546258325           
       2.911021             0.00710566681            0.000561213874           
       2.913661             0.00604979778            0.000517685829           
       2.916301             0.00661268364            0.000541749706           
       2.918942             0.00670603227            0.000521841688           
       2.921582             0.00707323582            0.000560746155           
       2.924222             0.00667482896            0.000527733758           
       2.926863              0.0079860412            0.000601267847           
       2.929503             0.00805972504            0.000611191567           
       2.932144             0.00742501678            0.000563131117           
       2.934784             0.00665241089            0.000524288249           
       2.937424             0.00679285354            0.000535232899           
       2.940065             0.00656707977            0.000502005162           
       2.942705             0.00658783366            0.000502166973           
       2.945346             0.00763407671            0.000573685743           
       2.947986             0.00708485125            0.000563526011           
       2.950626             0.00620374313             0.00052435252           
       2.953267             0.00758949297            0.000570595698           
       2.955907             0.00724303057            0.000578246276           
       2.958547             0.00695794401            0.000535043074           
       2.961188             0.00735881183            0.000574053916           
       2.963828             0.00737062722            0.000561981468           
       2.966469             0.00729905577            0.000548618675           
       2.969109             0.00648996456            0.000524983846           
       2.971749             0.00721790883            0.000550190022           
       2.974390             0.00774335436            0.000559996126           
       2.977030             0.00770941233              0.0005712549           
       2.979670             0.00965213557            0.000621736831           
       2.982311             0.00872592481             0.00061270136           
       2.984951             0.00836125228            0.000570426203           
       2.987592             0.00704544409            0.000534109844           
       2.990232             0.00802081762            0.000592672202           
       2.992872             0.00881260843            0.000585170361           
       2.995513             0.00832201273            0.000556325884           
       2.998153                0.01021874             0.00062683009           
       3.000794              0.0127418626            0.000677974419           
       3.003434              0.0121868955            0.000664046709           
       3.006074              0.0605153326             0.00145899801           
       3.008715               0.135633736             0.00210850318           
       3.011355               0.151302737             0.00214751562           
       3.013995              0.0702446845             0.00146723498           
       3.016636              0.0549498371             0.00127076115           
       3.019276               0.122253917             0.00186318785           
       3.021917               0.509195496             0.00365627386           
       3.024557                 1.8791474             0.00690568626           
       3.027197                 1.0586605             0.00505342639           
       3.029838               0.499066845             0.00351887587           
       3.032478               0.259450321             0.00253976218           
       3.035118              0.0757613561             0.00139084137           
       3.037759               0.110551052             0.00167793245           
       3.040399                0.16721069              0.0021286527           
       3.043040               0.590509005             0.00404927244           
       3.045680               0.368529516             0.00300970569           
       3.048320              0.0724135909             0.00136315456           
       3.050961               0.117510682             0.00176709324           
       3.053601              0.0829867853             0.00143023112           
       3.056242              0.0552787579             0.00124108334           
       3.058882              0.0501331721             0.00126783846           
       3.061522              0.0365051157             0.00106145106           
       3.064163              0.0434284311             0.00114315902           
       3.066803               0.107927939              0.0018972566           
       3.069443               0.107348112             0.00197967715           
       3.072084              0.0501681784             0.00131780533           
       3.074724              0.0388261471             0.00129468352           
       3.077365              0.0865939023             0.00200151437           
       3.080005              0.0174817949            0.000904403109           
       3.082645              0.0106090825            0.000740139644           
       3.085286              0.0133706367            0.000837459447           
       3.087926             0.00990210309            0.000715140413           
       3.090566               0.010892311            0.000734899836           
       3.093207              0.0109973879            0.000768419155           
       3.095847             0.00862946994            0.000652425069           
       3.098488             0.00812769585             0.00070208035           
       3.101128             0.00940470748            0.000760080837           
       3.103768              0.0103947848            0.000784054826           
       3.106409             0.00917837991            0.000784102978           
       3.109049             0.00843499803            0.000721349384           
       3.111690              0.0082818827            0.000702501897           
       3.114330             0.00817425058            0.000712769178           
       3.116970             0.00764178784            0.000694454552           
       3.119611              0.0151818529             0.00104190347           
       3.122251              0.0224011679             0.00132387216           
       3.124891              0.0351378202              0.0016734962           
       3.127532              0.0212052817             0.00127182525           
       3.130172              0.0123298599            0.000986562804           
       3.132813             0.00930571194            0.000843763967           
       3.135453             0.00659417552            0.000704424158           
       3.138093             0.00644328038            0.000754484987           
       3.140734             0.00722394267            0.000737032858           
       3.143374             0.00825004194             0.00083296378           
       3.146014             0.00689830177            0.000819976798           
       3.148655              0.0062197888            0.000723787278           
       3.151295             0.00582360527            0.000746339201           
       3.153936             0.00624059952            0.000746306137           
       3.156576              0.0054561793            0.000688335771           
       3.159216             0.00832598081            0.000854556072           
       3.161857             0.00618143845            0.000733325094           
       3.164497              0.0087134794            0.000914810644           
       3.167138              0.0095135873            0.000987666846           
       3.169778             0.00680419673            0.000821495042           
       3.172418             0.00708975492            0.000830026635           
       3.175059             0.00701855286            0.000732149353           
       3.177699             0.00486850433            0.000645720876           
       3.180339             0.00510011283            0.000708105037           
       3.182980             0.00620731139            0.000807676442           
       3.185620             0.00687716174            0.000865794858           
       3.188261             0.00531024873            0.000774371965           
       3.190901             0.00581839673            0.000745494863           
       3.193541              0.0063882652            0.000820800301           
       3.196182             0.00492633011            0.000751164919           
       3.198822             0.00491934227            0.000750883572           
       3.201463             0.00451492591            0.000706963364           
       3.204103              0.0066671636             0.00085387005           
       3.206743             0.00579444229            0.000795950905           
       3.209384             0.00471523698            0.000775751588           
       3.212024             0.00632060685            0.000837360238           
       3.214664              0.0062963627            0.000950369953           
       3.217305             0.00581891791            0.000868465603           
       3.219945             0.00562923734            0.000879185638           
       3.222586             0.00722278782            0.000948561825           
       3.225226             0.00566536442            0.000931951839           
       3.227866             0.00575718116            0.000858669256           
       3.230507             0.00508252235            0.000836326151           
       3.233147              0.0064548082            0.000950102546           
       3.235787             0.00730408972             0.00103430038           
       3.238428             0.00734081769             0.00111894369           
       3.241068             0.00550458197            0.000906009756           
       3.243709             0.00619707155            0.000993187109           
       3.246349             0.00607947848            0.000896751426           
       3.248989             0.00645608507             0.00109116779           
       3.251630             0.00581201476            0.000996974968           
       3.254270             0.00697395933            0.000976037216           
       3.256911             0.00518470842            0.000918243293           
       3.259551             0.00546439801             0.00101488485           
       3.262191             0.00370778088            0.000853925094           
       3.264832             0.00512630654             0.00104910524           
       3.267472             0.00564740991             0.00103298506           
       3.270112              0.0054722369             0.00112373573           
       3.272753             0.00521308612             0.00100393127           
       3.275393             0.00481831148            0.000984809984           
       3.278034             0.00399006946            0.000896684526           
       3.280674             0.00450128186             0.00103348187           
       3.283314             0.00493985137            0.000968280787           
       3.285955             0.00668046628             0.00116180983           
       3.288595             0.00576452398             0.00120068206           
       3.291235             0.00605646367             0.00126515972           
       3.293876             0.00734785437             0.00141355408           
       3.296516             0.00601594906             0.00122790739           
       3.299157             0.00536864178             0.00114539216           
       3.301797             0.00702308434             0.00149434746           
       3.304437             0.00429360514             0.00101229614           
       3.307078             0.00548360839             0.00126019726           
       3.309718             0.00554381238              0.0013078709           
       3.312359             0.00556656516             0.00131086334           
       3.314999             0.00507536103             0.00123239255           
       3.317639              0.0060381696             0.00128557501           
       3.320280             0.00526036924             0.00127576433           
       3.322920             0.00672818424              0.0014671011           
       3.325560             0.00576052308             0.00135842922           
       3.328201             0.00597002571             0.00124547782           
       3.330841             0.00385442145             0.00121798063           
       3.333482             0.00479893661             0.00128460791           
       3.336122             0.00788933701             0.00164785096           
       3.338762              0.0027174463             0.00111716771           
       3.341403             0.00836636244             0.00187307473           
       3.344043              0.0065227604             0.00158785566           
       3.346683             0.00441917423              0.0013343106           
       3.349324             0.00665739371             0.00184133121           
       3.351964             0.00452049761             0.00160449355           
       3.354605             0.00372464951             0.00166564241           
       3.357245             0.00484652421             0.00171400473           
       3.359885             0.00507938257             0.00140439042           
       3.362526              0.0084219277             0.00226144683           
       3.365166             0.00487901684             0.00162348253           
       3.367807             0.00708548701             0.00250384428           
       3.370447             0.00549915732             0.00182976012           
       3.373087             0.00690612467             0.00219275722           
       3.375728             0.00523960623             0.00215556884           
       3.378368             0.00382351556             0.00273283809           
       3.381008             0.00650450982             0.00265746709           
       3.383649             0.00552138993             0.00196412569           
       3.386289             0.00683431178             0.00258626488           
       3.388930             0.00479348891              0.0034260586           
       3.391570             0.00243606202             0.00172772884           
       3.394210             0.00591637003             0.00340744648           
       3.396851             0.00965224059             0.00486843353           
       3.399491             0.00702783789             0.00415535502           
       3.402131             0.00478444143             0.00485075541           
       3.404772           -2.62865437e-05                         0           
       3.407412                       nan                       nan           
       3.410053           -2.63512877e-05                         0           
       3.412693                       nan                       nan           
       3.415333             0.00894563599             0.00940303149           
