################################################################################
# EDF_DataBlockID                     0.Image.Psd
# EDF_BinarySize                      4366944
# EDF_HeaderSize                      2560
# ByteOrder                           LowByteFirst
# DataType                            FloatValue
# Dim_1                               1028
# Dim_2                               1062
# Image                               0
# HeaderID                            EH:000000:000000:000000
# Size                                4366944
# Center_1                            607.5200
# Center_2                            651.5500
# Comment                             Xenocs_Cell_Window - 20251028_20perc_iodine_1.23mg
# DDummy                              0.6
# Date                                2025-11-01T00:38:55
# Delta                               0
# Dummy                               -1.5
# ExposureTime                        360
# Gamma                               0
# Intensity1                          8.58528e-10
# PSize_1                             7.5e-05
# PSize_2                             7.5e-05
# Pressure                            0.032753
# SampleDistance                      0.450002
# SampleEnvKind                       large
# SampleEnvPN                         ElectroChemical cell
# SampleEnvSN                         1141
# Thickness                           0
# Wavelength                          1.541891e-10
# Wavelength                          1.54189e-10
# aux                                 0
# aux_dial                            0.002375
# beamx                               588.434
# beamx_dial                          588.434
# beamz                               657.808
# beamz_dial                          657.808
# det0x                               0
# det0x_dial                          6.36945
# det0xvd                             0
# det0xvd_dial                        0
# det0y                               450.002
# det0y_dial                          481.635
# det0z                               0
# det0z_dial                          1.23302
# det0zvd                             0
# det0zvd_dial                        0
# mag                                 1.818
# mag_dial                            1.818
# om                                  0.2499
# om_dial                             -0.610199
# phi                                 -0.0120535
# phi_dial                            0
# ry                                  0.599993
# ry_dial                             0.599993
# s1bot                               0.8
# s1bot_dial                          -1.66094
# s1hl                                0.8
# s1hl_dial                           -0.608437
# s1hr                                0.8
# s1hr_dial                           0.970938
# s1top                               0.8
# s1top_dial                          -0.461562
# s2bot                               0.45
# s2bot_dial                          1.36109
# s2hl                                0.45
# s2hl_dial                           -0.83375
# s2hr                                0.45
# s2hr_dial                           -0.118594
# s2top                               0.45
# s2top_dial                          1.44734
# w2theta                             32
# w2theta_dial                        32
# waxsch                              19.2605
# waxsch_dial                         -32.7355
# waxsh                               137.085
# waxsh_dial                          -43.5338
# waxsth                              26.0607
# waxsth_dial                         -19.4086
# waxsz                               67.0407
# waxsz_dial                          -23.7954
# wind                                65.9854
# wind_dial                           66.0041
# wpsi                                124
# wpsi_dial                           124
# wstod                               115
# wstod_dial                          115
# x                                   0
# x_dial                              1.00969
# z                                   0
# z_dial                              13.3172
# CountCutoff                         15302352
# DetectorModel                       Dectris EIGER2 Si 1M, S/N E-02-0362
# ThresholdSetting                    4023.88989258
# Saturation                          0
# FlatField                           Corrected
# BackgroundReductionExtra            0.02
# BackgroundCorrectionConstant        0.0026712
# Detector                            0
# Monitor                             0
# Pil_Roi0                            0
# SumForIntensity1                    3.0907e+08
# TransmittedFlux                     858528
# det                                 0
# mon                                 0
# pilai0                              3.0907e+08
# pilai1                              787864
# pilct0                              5.34511e+08
# pilct1                              787864
# pilroi0                             0
# pilroi1                             0
# sec                                 1
# title                               20251028_20perc_iodine_1.23mg_0_00748.edf
# usaxs0                              0
# Operation                           Azimuthal average I(q)
# Error_model                         ErrorModel.poisson
# Geometrical_correction              True
# Transmission_correction             True
# Thickness_correction                False
# Binning mode                        Uniform
# Binning factor                      1.0
# Psi                                 0.0
# Omega                               0.2499
# MaskInvalidPixels                   True
# DetectorEdge                        3
# MaskFiles                           ['20251028_20perc_iodine_1.23mg_0_00012_mask.edf']
################################################################################
    q(A⁻¹)                Intensity(a.u.)            Sigma_I(a.u.)            
       0.000340                372273.326                120.225069           
       0.001019                359411.901                72.3395749           
       0.001698                349913.906                50.4714014           
       0.002377                330978.945                43.9045965           
       0.003056                307792.079                35.7828213           
       0.003735                253432.023                28.6354796           
       0.004415                204793.863                25.7414073           
       0.005094                152626.763                19.2450888           
       0.005773                100539.105                 14.461017           
       0.006452                58440.5521                10.5637411           
       0.007131                32259.7002                 7.6032483           
       0.007810                16266.7975                5.35802754           
       0.008490                 8219.9072                3.37613583           
       0.009169                4013.56341                2.33153628           
       0.009848                1242.18818                1.25408329           
       0.010527                482.155149               0.781315338           
       0.011206                120.902446               0.373408326           
       0.011885                54.9562637               0.233906947           
       0.012564                 25.188396               0.162579786           
       0.013244                17.0665401               0.125112012           
       0.013923                12.5055355               0.108824598           
       0.014602                9.36866971              0.0873574234           
       0.015281                7.33820815              0.0787018134           
       0.015960                6.09967453               0.071239192           
       0.016639                4.92582748              0.0604532806           
       0.017319                4.16721041              0.0547388623           
       0.017998                3.41373605               0.047397931           
       0.018677                2.91426357              0.0453580085           
       0.019356                2.50293209              0.0415349032           
       0.020035                2.12978253              0.0359459162           
       0.020714                1.90075688              0.0343176426           
       0.021394                1.65190912              0.0302703254           
       0.022073                1.42632011              0.0292645518           
       0.022752                1.19537292              0.0256282297           
       0.023431                1.10717765              0.0239415823           
       0.024110               0.993355176              0.0236430327           
       0.024789               0.888042176              0.0207609823           
       0.025469               0.824172613              0.0206106772           
       0.026148               0.742533312              0.0183812939           
       0.026827               0.646591733              0.0174272171           
       0.027506               0.586442289              0.0168361829           
       0.028185               0.566057232               0.015774205           
       0.028864                0.50768861              0.0148549887           
       0.029544               0.465380854              0.0137918853           
       0.030223               0.435222617              0.0135287745           
       0.030902                0.40519487              0.0131731892           
       0.031581               0.365935371              0.0119004444           
       0.032260               0.346439406              0.0117763915           
       0.032939                0.31819913              0.0108823648           
       0.033619               0.278650351              0.0103333193           
       0.034298               0.262643224             0.00976288859           
       0.034977               0.273369723             0.00976451455           
       0.035656               0.226701339             0.00912739902           
       0.036335               0.212108675             0.00856278087           
       0.037014               0.206418526             0.00847234179           
       0.037693               0.186793927             0.00775317582           
       0.038373               0.174767062             0.00757302136           
       0.039052               0.164279672             0.00737352527           
       0.039731               0.155488131             0.00700633764           
       0.040410                  0.147077             0.00676851315           
       0.041089               0.137035075             0.00643102222           
       0.041768               0.133930794             0.00639097962           
       0.042448               0.132488927              0.0063071613           
       0.043127               0.114720683             0.00573039825           
       0.043806               0.127495099             0.00608606901           
       0.044485               0.123947155             0.00587751344           
       0.045164               0.111013786             0.00567205064           
       0.045843               0.107380961             0.00535043156           
       0.046523               0.105715921             0.00532711983           
       0.047202              0.0963422951             0.00512100249           
       0.047881               0.105165104             0.00524717384           
       0.048560              0.0989206056             0.00513539161           
       0.049239              0.0869537447             0.00462303513           
       0.049918              0.0912576015             0.00482864917           
       0.050598               0.094392482             0.00483720691           
       0.051277              0.0938433887              0.0048078124           
       0.051956              0.0836393607             0.00451040159           
       0.052635              0.0763512349              0.0042179561           
       0.053314              0.0798973038              0.0044409459           
       0.053993              0.0676821499             0.00397528828           
       0.054673              0.0706896163             0.00397215196           
       0.055352              0.0720834859              0.0040700401           
       0.056031              0.0697392375             0.00391919639           
       0.056710              0.0662612697             0.00391383364           
       0.057389              0.0657365883             0.00375918071           
       0.058068              0.0679868321             0.00386238856           
       0.058748              0.0715718175             0.00401234728           
       0.059427              0.0686065031             0.00386183914           
       0.060106              0.0675135272              0.0038672126           
       0.060785              0.0603481341             0.00354668948           
       0.061464              0.0619980413             0.00368149458           
       0.062143              0.0549638131             0.00343114754           
       0.062822              0.0531790201             0.00333537482           
       0.063502              0.0525206921              0.0033087434           
       0.064181              0.0536697396             0.00330942219           
       0.064860              0.0592724181             0.00353084487           
       0.065539              0.0490571353             0.00318079569           
       0.066218              0.0510596906             0.00317558504           
       0.066897              0.0475578432             0.00308841365           
       0.067577              0.0488361488             0.00315971226           
       0.068256              0.0502566784             0.00328407483           
       0.068935               0.045260689             0.00306617573           
       0.069614              0.0481090813             0.00319265457           
       0.070293              0.0452129213             0.00312360427           
       0.070972              0.0449421401             0.00309143456           
       0.071652              0.0395672102              0.0029060077           
       0.072331               0.045704485             0.00306759838           
       0.073010              0.0379331004             0.00285851048           
       0.073689               0.040554201             0.00293937809           
       0.074368              0.0418698066             0.00298124347           
       0.075047              0.0417487885             0.00294493456           
       0.075727              0.0374200664             0.00277086445           
       0.076406              0.0352825926              0.0027442465           
       0.077085              0.0386829804             0.00281974389           
       0.077764              0.0406367262             0.00287994772           
       0.078443              0.0374127901             0.00278045512           
       0.079122              0.0383057387             0.00278641292           
       0.079802              0.0387762207             0.00283320575           
       0.080481              0.0349940967             0.00260070121           
       0.081160              0.0354438566             0.00267106892           
       0.081839              0.0327791579             0.00252757684           
       0.082518              0.0343713913             0.00259041671           
       0.083197              0.0325300944             0.00248091998           
       0.083876              0.0342460108             0.00250321404           
       0.084556               0.031918729             0.00248387135           
       0.085235              0.0312625332             0.00241071308           
       0.085914              0.0314999966              0.0024433584           
       0.086593              0.0309068911             0.00240466953           
       0.087272              0.0338119491             0.00247959171           
       0.087951              0.0297245093             0.00237740693           
       0.088631              0.0269929891             0.00218837421           
       0.089310              0.0288666689             0.00231104944           
       0.089989              0.0282292916              0.0022586748           
       0.090668              0.0281136156             0.00227892291           
       0.091347              0.0328952773             0.00247892178           
       0.092026              0.0313968043             0.00231485173           
       0.092706              0.0322599921             0.00243162658           
       0.093385              0.0291496169             0.00227593724           
       0.094064              0.0264001654             0.00219115227           
       0.094743              0.0248953635             0.00209536296           
       0.095422               0.031369264              0.0023258523           
       0.096101              0.0255295319             0.00214143528           
       0.096781              0.0267119957               0.002159103           
       0.097460              0.0289785384             0.00218749411           
       0.098139              0.0285220296              0.0021534969           
       0.098818              0.0267243254             0.00205885583           
       0.099497              0.0292428251             0.00215810705           
       0.100176              0.0237890909             0.00189540402           
       0.100856              0.0263411106             0.00199320299           
       0.101535              0.0251778852             0.00194493775           
       0.102214              0.0298092493             0.00211628567           
       0.102893              0.0278329304             0.00202162952           
       0.103572              0.0288691792             0.00202850313           
       0.104251              0.0244318317             0.00187300055           
       0.104931              0.0273587013             0.00196397377           
       0.105610              0.0280573847             0.00199737753           
       0.106289              0.0288828073             0.00199282009           
       0.106968              0.0245176107             0.00184151154           
       0.107647              0.0238535728             0.00181749268           
       0.108326              0.0220148783             0.00172268133           
       0.109005              0.0218933246             0.00170711025           
       0.109685                0.02345848             0.00174725643           
       0.110364              0.0238745172             0.00178270262           
       0.111043              0.0246811012             0.00180537945           
       0.111722              0.0210040354             0.00164511635           
       0.112401              0.0228135792             0.00171928545           
       0.113080               0.020894915             0.00162654487           
       0.113760              0.0268590434             0.00187492972           
       0.114439              0.0189666412             0.00155307399           
       0.115118               0.022087703             0.00166335563           
       0.115797               0.021482123             0.00165559177           
       0.116476              0.0223487404             0.00166338172           
       0.117155              0.0205449296             0.00160770525           
       0.117835              0.0232365904             0.00167579026           
       0.118514              0.0193693233             0.00154939694           
       0.119193              0.0208128099             0.00160610509           
       0.119872              0.0216187222             0.00161643381           
       0.120551              0.0225576046             0.00164016241           
       0.121230              0.0214626212             0.00158375924           
       0.121910              0.0237701105             0.00168283125           
       0.122589              0.0173254826             0.00143818558           
       0.123268              0.0238853955             0.00165593075           
       0.123947              0.0225385121             0.00161896802           
       0.124626              0.0203059278             0.00151790395           
       0.125305              0.0230085838             0.00162369262           
       0.125985               0.021323667             0.00155098207           
       0.126664              0.0197989063             0.00148026606           
       0.127343              0.0194606471              0.0014845776           
       0.128022              0.0214220223             0.00154564809           
       0.128701              0.0204128549             0.00150094239           
       0.129380              0.0208790074             0.00149897155           
       0.130059              0.0241742317             0.00161667313           
       0.130739              0.0230932852             0.00159122697           
       0.131418              0.0211079593             0.00151703212           
       0.132097              0.0209142432             0.00149068871           
       0.132776              0.0194324878             0.00143042452           
       0.133455              0.0184745321             0.00140555721           
       0.134134              0.0192063887             0.00142856306           
       0.134814              0.0183056298             0.00138029156           
       0.135493              0.0219851257             0.00151878743           
       0.136172               0.020236559             0.00144613849           
       0.136851               0.019318179             0.00142116054           
       0.137530              0.0209953266             0.00144636766           
       0.138209              0.0196686644             0.00141636101           
       0.138889              0.0189229223             0.00139537457           
       0.139568              0.0208379469             0.00146364727           
       0.140247              0.0199439994             0.00143003141           
       0.140926              0.0181337492              0.0013245993           
       0.141605              0.0182783798             0.00136365753           
       0.142284              0.0193570423             0.00138006364           
       0.142964               0.019892122             0.00140435882           
       0.143643              0.0197588342             0.00139787782           
       0.144322              0.0187423559             0.00133295802           
       0.145001              0.0216659128              0.0014625712           
       0.145680              0.0211228374             0.00140995878           
       0.146359              0.0183412819             0.00131865404           
       0.147039              0.0196146934             0.00137488902           
       0.147718              0.0191406683             0.00133576251           
       0.148397              0.0189947683             0.00135133945           
       0.149076              0.0187780344             0.00130192685           
       0.149755              0.0196093822             0.00135097714           
       0.150434              0.0180022505             0.00129496093           
       0.151114              0.0173590838             0.00126458456           
       0.151793              0.0180727455             0.00129032931           
       0.152472              0.0176193183             0.00125153516           
       0.153151              0.0170738502             0.00124392092           
       0.153830              0.0178078035             0.00126112009           
       0.154509              0.0173906468             0.00124106159           
       0.155188              0.0182468249             0.00127077473           
       0.155868              0.0173733538             0.00123116205           
       0.156547              0.0158559392             0.00118372319           
       0.157226              0.0190126671             0.00126455163           
       0.157905              0.0176550461             0.00122880261           
       0.158584              0.0181458837              0.0012435036           
       0.159263               0.017689317              0.0012322776           
       0.159943              0.0158225813             0.00116631396           
       0.160622              0.0176165647             0.00120690816           
       0.161301              0.0165546407             0.00118561529           
       0.161980              0.0167523891             0.00117239921           
       0.162659              0.0153676239             0.00113534452           
       0.163338              0.0166895754             0.00117352592           
       0.164018              0.0182070071             0.00121928125           
       0.164697              0.0158554569             0.00115243115           
       0.165376              0.0189756006             0.00123318825           
       0.166055               0.016314627             0.00115099906           
       0.166734              0.0147316254             0.00108883461           
       0.167413              0.0185909511               0.001224028           
       0.168093              0.0184689487             0.00123154549           
       0.168772              0.0188914093             0.00120912507           
       0.169451              0.0173196491             0.00117903383           
       0.170130              0.0168787151             0.00114864849           
       0.170809              0.0140901961              0.0010620089           
       0.171488              0.0164313942             0.00113639579           
       0.172168              0.0160872103              0.0011136288           
       0.172847              0.0150949328             0.00109290751           
       0.173526              0.0168899922             0.00113401202           
       0.174205              0.0161262384             0.00111317907           
       0.174884              0.0173123414                0.00114738           
       0.175563              0.0183602355             0.00118663956           
       0.176243              0.0172096012             0.00116035208           
       0.176922              0.0157652475             0.00108165062           
       0.177601              0.0175104407             0.00115247606           
       0.178280              0.0160696431             0.00109172018           
       0.178959              0.0161810206              0.0011043084           
       0.179638               0.015715927               0.001085188           
       0.180317              0.0172413591             0.00112835389           
       0.180997              0.0170797594             0.00112914923           
       0.181676              0.0170193086             0.00111511381           
       0.182355              0.0158175036             0.00108147814           
       0.183034              0.0162865699              0.0010797842           
       0.183713              0.0171087227             0.00112018058           
       0.184392              0.0179291938             0.00114637903           
       0.185072              0.0148030527             0.00102978268           
       0.185751              0.0145142738             0.00102252541           
       0.186430              0.0160192888             0.00106670798           
       0.187109               0.018311941              0.0011531904           
       0.187788              0.0158582981             0.00107050844           
       0.188467              0.0168872747              0.0010916199           
       0.189147              0.0177478857             0.00113042283           
       0.189826              0.0149641858             0.00101963678           
       0.190505              0.0159716172              0.0010707406           
       0.191184              0.0162184793             0.00106343309           
       0.191863              0.0169016846             0.00108788768           
       0.192542              0.0152848173             0.00104430053           
       0.193222              0.0153010608              0.0010214399           
       0.193901              0.0163841731             0.00107114126           
       0.194580              0.0162375864              0.0010476859           
       0.195259               0.015177144             0.00102453018           
       0.195938              0.0163560201             0.00106611507           
       0.196617              0.0153479145             0.00101832192           
       0.197297              0.0166432097             0.00106475238           
       0.197976              0.0156086309             0.00101528923           
       0.198655               0.017485273             0.00108632953           
       0.199334                 0.0146657            0.000986120239           
       0.200013              0.0159599518             0.00102814269           
       0.200692              0.0144788635            0.000985165717           
       0.201371              0.0146034063            0.000978250969           
       0.202051              0.0143846859            0.000973916771           
       0.202730              0.0139591327            0.000949820156           
       0.203409              0.0163019429             0.00103332622           
       0.204088              0.0154901788             0.00100615606           
       0.204767              0.0143405795            0.000963012379           
       0.205446              0.0155141869             0.00100360047           
       0.206126              0.0133281506            0.000917572637           
       0.206805              0.0148649043            0.000986793233           
       0.207484              0.0142672416             0.00094937223           
       0.208163              0.0164305798             0.00102493156           
       0.208842               0.015255805            0.000984934901           
       0.209521              0.0143804959            0.000948314843           
       0.210201              0.0166853989             0.00103288854           
       0.210880               0.016094372            0.000994524019           
       0.211559              0.0166429479             0.00102628374           
       0.212238              0.0156417107            0.000989871666           
       0.212917              0.0153514613            0.000977001064           
       0.213596              0.0146518202            0.000960121805           
       0.214276              0.0165666443            0.000999664689           
       0.214955              0.0159642945             0.00100195946           
       0.215634              0.0147509724            0.000956228844           
       0.216313              0.0176324634              0.0010432661           
       0.216992              0.0167732409             0.00101727488           
       0.217671               0.015800487            0.000980648425           
       0.218351              0.0150744622            0.000967221276           
       0.219030              0.0144753661            0.000932845682           
       0.219709              0.0153777223            0.000967479213           
       0.220388               0.016545941             0.00100226621           
       0.221067              0.0156771157             0.00097637041           
       0.221746              0.0137054352            0.000911974828           
       0.222426              0.0148068564             0.00093374523           
       0.223105              0.0146422762            0.000941191355           
       0.223784              0.0130300322            0.000879056978           
       0.224463              0.0135964376            0.000905110744           
       0.225142              0.0140720453             0.00090623577           
       0.225821               0.016565929            0.000987225414           
       0.226500              0.0139366056            0.000911254302           
       0.227180              0.0158659606            0.000957307232           
       0.227859              0.0140205514            0.000903950514           
       0.228538              0.0165214624            0.000971411748           
       0.229217               0.014597817            0.000920337663           
       0.229896              0.0148076393             0.00092648207           
       0.230575              0.0127717204            0.000846720525           
       0.231255              0.0159260398            0.000959672913           
       0.231934              0.0156406343            0.000944537608           
       0.232613              0.0143901242            0.000909334538           
       0.233292              0.0148320192            0.000914271255           
       0.233971              0.0153262659            0.000928945813           
       0.234650              0.0147180016            0.000921032942           
       0.235330              0.0143596365            0.000901806599           
       0.236009              0.0130412204            0.000857558315           
       0.236688               0.016595299            0.000963917982           
       0.237367                0.01668871            0.000968030951           
       0.238046               0.013461272            0.000875525303           
       0.238725              0.0152496249            0.000917493068           
       0.239405              0.0144144837            0.000897547597           
       0.240084              0.0139717257            0.000878028695           
       0.240763              0.0146905672             0.00090895353           
       0.241442              0.0149512937             0.00090406333           
       0.242121              0.0146451705            0.000896449202           
       0.242800              0.0150162984            0.000912034151           
       0.243480              0.0158026779            0.000931229518           
       0.244159              0.0134030545            0.000858031776           
       0.244838              0.0149152612            0.000890248601           
       0.245517               0.014432286            0.000888313111           
       0.246196               0.014502774             0.00089090913           
       0.246875              0.0122402365            0.000807060711           
       0.247554              0.0128632159            0.000835752402           
       0.248234              0.0141545078            0.000863404965           
       0.248913              0.0137414112            0.000860255058           
       0.249592               0.013613027            0.000848090796           
       0.250271               0.014857398            0.000883432709           
       0.250950              0.0150303399            0.000894001751           
       0.251629              0.0141969316            0.000861478012           
       0.252309              0.0139972126            0.000857133103           
       0.252988              0.0137145142            0.000833818654           
       0.253667              0.0152357962            0.000889116739           
       0.254346              0.0135828017             0.00083932761           
       0.255025              0.0128314884            0.000813997293           
       0.255704              0.0122802567            0.000792673778           
       0.256384              0.0140515552            0.000844982869           
       0.257063              0.0152912315            0.000886494439           
       0.257742              0.0140213088            0.000843003618           
       0.258421              0.0135010368            0.000825623334           
       0.259100              0.0136047494            0.000830233695           
       0.259779              0.0125276571            0.000796015828           
       0.260459              0.0114580832            0.000762772075           
       0.261138              0.0130705594            0.000798757095           
       0.261817              0.0126811575             0.00080265032           
       0.262496              0.0121783551            0.000778862954           
       0.263175              0.0125699974            0.000792987119           
       0.263854              0.0128599241            0.000798353702           
       0.264534              0.0124934279            0.000780174592           
       0.265213              0.0127911784            0.000801856917           
       0.265892              0.0127049161            0.000788910025           
       0.266571              0.0139110799             0.00082363207           
       0.267250              0.0123453197            0.000777203921           
       0.267929              0.0127116632            0.000787842589           
       0.268609              0.0130476068            0.000802555546           
       0.269288              0.0127130428            0.000779039057           
       0.269967              0.0130523184            0.000797870649           
       0.270646               0.013504179            0.000808055729           
       0.271325              0.0121844413            0.000768837881           
       0.272004              0.0127001673            0.000777115836           
       0.272683              0.0127384171            0.000779246855           
       0.273363              0.0126784911            0.000782370007           
       0.274042              0.0116478788            0.000745473006           
       0.274721              0.0120050966            0.000756369089           
       0.275400              0.0107807473            0.000712016958           
       0.276079              0.0108306196            0.000717714305           
       0.276758              0.0111779452            0.000738332985           
       0.277438              0.0116332136            0.000744763756           
       0.278117              0.0108093558            0.000730961851           
       0.278796              0.0131350334            0.000797589888           
       0.279475              0.0117241158            0.000765984169           
       0.280154              0.0115281116            0.000748628664           
       0.280833              0.0122575251            0.000776643719           
       0.281513              0.0113521814            0.000759137956           
       0.282192              0.0109862999            0.000734063501           
       0.282871              0.0112317699             0.00074740536           
       0.283550              0.0111251486            0.000747835665           
       0.284229              0.0108506898             0.00074940088           
       0.284908               0.011188043            0.000768987732           
       0.285588              0.0103569684            0.000731211545           
       0.286267              0.0098050789            0.000722854673           
       0.286946              0.0101379665            0.000730243004           
       0.287625              0.0107089805            0.000763305515           
       0.288304              0.0115270815             0.00078132536           
       0.288983             0.00935117258            0.000712640486           
       0.289663              0.0102803205             0.00075158003           
       0.290342             0.00877068851            0.000690511253           
       0.291021               0.010378785            0.000755197681           
       0.291700             0.00936588892            0.000708029036           
       0.292379              0.0113654267            0.000797812692           
       0.293058              0.0111139957             0.00078595848           
       0.293738               0.011575183            0.000795364264           
       0.294417             0.00935061402            0.000723170981           
       0.295096             0.00903198844            0.000702929618           
       0.295775              0.0108928424             0.00078374206           
       0.296454              0.0103791041            0.000755141755           
       0.297133             0.00999298718            0.000744467967           
       0.297812              0.0101468242            0.000753938942           
       0.298492              0.0094516646            0.000729060464           
       0.299171              0.0101526744             0.00075418381           
       0.299850              0.0111128063            0.000783651655           
       0.300529              0.0100768108            0.000754635941           
       0.301208              0.0109299502             0.00078784456           
       0.301887              0.0098709889            0.000747817102           
       0.302567              0.0103315958            0.000761234038           
       0.303246             0.00905043142            0.000717125797           
       0.303925             0.00969107154            0.000751600996           
       0.304604             0.00876745265            0.000699451769           
       0.305283             0.00915358329            0.000725287895           
       0.305962             0.00881400499            0.000707407909           
       0.306642             0.00889068211            0.000720127611           
       0.307321             0.00910885077            0.000726582124           
       0.308000             0.00766430432             0.00065858333           
       0.308679              0.0108265915            0.000799695699           
       0.309358             0.00978602722            0.000750010339           
       0.310037             0.00886317415            0.000715360966           
       0.310717              0.0097126027            0.000748135681           
       0.311396              0.0106572463             0.00078892913           
       0.312075             0.00871056632            0.000722289692           
       0.312754              0.0097939686            0.000750569988           
       0.313433              0.0088130531            0.000718184117           
       0.314112              0.0095559961            0.000747671599           
       0.314792             0.00903848591            0.000732279428           
       0.315471             0.00910807677            0.000726002468           
       0.316150              0.0106826507            0.000793533264           
       0.316829             0.00869228337            0.000720528268           
       0.317508             0.00941368287            0.000741417801           
       0.318187             0.00937738789             0.00074974877           
       0.318866             0.00824534908            0.000693568185           
       0.319546             0.00916655156            0.000742248406           
       0.320225             0.00776736165            0.000683268712           
       0.320904             0.00964170338            0.000749487002           
       0.321583             0.00825986828            0.000708988877           
       0.322262             0.00887412435            0.000723740844           
       0.322941             0.00792484807            0.000692698885           
       0.323621             0.00888156346            0.000728845055           
       0.324300             0.00843047769            0.000710651779           
       0.324979             0.00791530077            0.000689840855           
       0.325658             0.00740962475            0.000668652506           
       0.326337             0.00718242796             0.00065918074           
       0.327016             0.00731474495            0.000661001581           
       0.327696             0.00858015479             0.00072385891           
       0.328375             0.00920908163            0.000743591192           
       0.329054             0.00750295968            0.000674825531           
       0.329733             0.00929161271            0.000753709324           
       0.330412             0.00886870034            0.000730323469           
       0.331091             0.00834294992            0.000721194413           
       0.331771             0.00782987092            0.000680359017           
       0.332450             0.00852257771            0.000723598133           
       0.333129             0.00749172794            0.000676676128           
       0.333808             0.00793249273            0.000697217577           
       0.334487             0.00840037454              0.0007208868           
       0.335166             0.00681808946            0.000639950083           
       0.335846             0.00663715081            0.000642497222           
       0.336525              0.0062101076            0.000615348085           
       0.337204             0.00825857041            0.000711476895           
       0.337883             0.00625236386            0.000619877368           
       0.338562             0.00874875977             0.00073732725           
       0.339241             0.00721807814            0.000670981994           
       0.339921              0.0063692483            0.000619725448           
       0.340600             0.00706679895            0.000665176245           
       0.341279             0.00567962994            0.000589942579           
       0.341958              0.0066832095            0.000648972937           
       0.342637             0.00697775786              0.0006537518           
       0.343316             0.00718406538            0.000665266503           
       0.343995             0.00623497228            0.000629914196           
       0.344675             0.00686299725            0.000648732191           
       0.345354             0.00605234366            0.000613233155           
       0.346033             0.00640960106            0.000629427551           
       0.346712             0.00681260242            0.000653054036           
       0.347391             0.00760340149             0.00069418836           
       0.348070             0.00651433403             0.00063342696           
       0.348750             0.00620902831            0.000627341155           
       0.349429              0.0063528878            0.000626374957           
       0.350108             0.00549292363            0.000589447927           
       0.350787             0.00767475393            0.000684911307           
       0.351466             0.00613422767            0.000623604847           
       0.352145             0.00679216332            0.000656740557           
       0.352825             0.00666139224            0.000647441689           
       0.353504             0.00622586896            0.000625765514           
       0.354183             0.00513555986            0.000561788617           
       0.354862             0.00565708364            0.000603325548           
       0.355541             0.00524461215            0.000573306419           
       0.356220             0.00584062544            0.000606148952           
       0.356900             0.00486439436            0.000558431251           
       0.357579              0.0058014172            0.000602371175           
       0.358258             0.00534563145             0.00058622647           
       0.358937             0.00573829924            0.000595956948           
       0.359616             0.00552505156            0.000592944606           
       0.360295             0.00509344165            0.000569787962           
       0.360975             0.00612689161            0.000622252061           
       0.361654             0.00587547459             0.00061249278           
       0.362333             0.00562024402            0.000595995752           
       0.363012              0.0046763828            0.000550646309           
       0.363691             0.00535260523            0.000577492604           
       0.364370             0.00580761839            0.000609000111           
       0.365050             0.00486149394            0.000554208327           
       0.365729             0.00507760024            0.000571792974           
       0.366408             0.00589097122            0.000617253503           
       0.367087             0.00556833807            0.000590487752           
       0.367766             0.00495859696            0.000568831221           
       0.368445             0.00515905465            0.000569913705           
       0.369124             0.00511237392            0.000571786242           
       0.369804             0.00470740803            0.000547794723           
       0.370483             0.00553046945            0.000596353797           
       0.371162             0.00436038256            0.000532593574           
       0.371841             0.00477075399            0.000547379072           
       0.372520             0.00548240439            0.000598548547           
       0.373199             0.00509550951            0.000570148172           
       0.373879             0.00496007967             0.00056903315           
       0.374558              0.0043728384            0.000526490924           
       0.375237             0.00425472815            0.000520183327           
       0.375916             0.00469530209            0.000556920922           
       0.376595             0.00477025541            0.000550377223           
       0.377274             0.00381286539            0.000499933289           
       0.377954             0.00424549844            0.000519247206           
       0.378633             0.00534489775            0.000589974757           
       0.379312             0.00514486576            0.000578683502           
       0.379991             0.00528956444            0.000583727792           
       0.380670             0.00388203349             0.00050890773           
       0.381349             0.00481221714            0.000558471572           
       0.382029             0.00421283846            0.000530022604           
       0.382708               0.004524093             0.00053725915           
       0.383387             0.00455199275            0.000551126229           
       0.384066             0.00406909105            0.000516292455           
       0.384745             0.00356849033            0.000485392693           
       0.385424             0.00426476946            0.000532440767           
       0.386104             0.00519385721            0.000581088681           
       0.386783               0.004553406            0.000555852019           
       0.387462              0.0043883634            0.000532110387           
       0.388141             0.00446641027            0.000545395257           
       0.388820             0.00466589114            0.000553411997           
       0.389499             0.00333582653            0.000470566504           
       0.390178             0.00424321042            0.000532834804           
       0.390858             0.00362971531            0.000488824665           
       0.391537             0.00405628458            0.000522027352           
       0.392216               0.003666975            0.000490123014           
       0.392895             0.00383975869            0.000503226747           
       0.393574              0.0036152707            0.000487084503           
       0.394253             0.00478412174            0.000562839288           
       0.394933             0.00381003128            0.000508021636           
       0.395612             0.00491061546            0.000559994695           
       0.396291             0.00393607131            0.000511564377           
       0.396970             0.00385502847            0.000501784971           
       0.397649             0.00428469144            0.000530638438           
       0.398328             0.00410488087            0.000517101798           
       0.399008             0.00349593239            0.000476170416           
       0.399687             0.00399643702            0.000511096686           
       0.400366             0.00350318106            0.000476687319           
       0.401045             0.00472747579            0.000552707123           
       0.401724             0.00402393149            0.000510775445           
       0.402403             0.00402396558            0.000514758646           
       0.403083             0.00409651426            0.000511889006           
       0.403762             0.00425678901            0.000524379785           
       0.404441             0.00432494778            0.000531927662           
       0.405120             0.00377359908            0.000495237495           
       0.405799             0.00476784445            0.000554250201           
       0.406478             0.00335373826            0.000464858001           
       0.407158             0.00423586581             0.00052144798           
       0.407837              0.0033868543            0.000470386207           
       0.408516             0.00344073249            0.000469988395           
       0.409195             0.00458344964            0.000548601249           
       0.409874             0.00351101449            0.000486830366           
       0.410553             0.00387229522            0.000516763109           
       0.411233             0.00267868442            0.000427574574           
       0.411912             0.00254997442            0.000423086723           
       0.412591             0.00280608794            0.000446762732           
       0.413270             0.00383299004            0.000519669209           
       0.413949             0.00328007197            0.000485978989           
       0.414628             0.00320462438            0.000479494821           
       0.415307             0.00290701108             0.00046176702           
       0.415987             0.00349320589            0.000502016516           
       0.416666             0.00295481771            0.000458934184           
       0.417345              0.0031317488            0.000480364633           
       0.418024             0.00322200915            0.000487250185           
       0.418703             0.00320216594            0.000484855095           
       0.419382             0.00301990382            0.000468547001           
       0.420062             0.00224024695             0.00040468737           
       0.420741             0.00322930581            0.000488460855           
       0.421420             0.00256402297            0.000436898024           
       0.422099             0.00333315941            0.000498148073           
       0.422778             0.00231541312            0.000417436241           
       0.423457             0.00324360482             0.00049709567           
       0.424137             0.00247087073            0.000426790914           
       0.424816             0.00244007769            0.000432987017           
       0.425495             0.00274688402            0.000458967745           
       0.426174             0.00251691481            0.000439489297           
       0.426853               0.002785404            0.000459528108           
       0.427532             0.00330349809             0.00050467456           
       0.428212             0.00311181172            0.000493047185           
       0.428891             0.00231899429            0.000424661354           
       0.429570             0.00255647546            0.000446180472           
       0.430249              0.0022207674            0.000413695285           
       0.430928             0.00217480099            0.000418343788           
       0.431607             0.00254465989            0.000444745305           
       0.432287             0.00275483278            0.000466136697           
       0.432966             0.00264958128            0.000461166401           
       0.433645             0.00249522701            0.000447999322           
       0.434324             0.00260773951             0.00045522763           
       0.435003             0.00245353048            0.000442316727           
       0.435682             0.00227028169            0.000428967998           
       0.436361             0.00193957934            0.000395965335           
       0.437041              0.0019384335            0.000395320082           
       0.437720             0.00195150427            0.000398563858           
       0.438399             0.00149177529            0.000350287991           
       0.439078             0.00282090451            0.000495658209           
       0.439757             0.00235074087            0.000449683303           
       0.440436             0.00193700795            0.000417396631           
       0.441116              0.0028225179             0.00051208933           
       0.441795             0.00182272133            0.000412012539           
       0.442474             0.00183577971            0.000414638758           
       0.443153             0.00262249073            0.000507144986           
       0.443832             0.00155255907            0.000390868473           
       0.444511             0.00280328181             0.00052285189           
       0.445191             0.00172707896             0.00042037648           
       0.445870             0.00173089089            0.000420851636           
       0.446549             0.00197330981            0.000454095822           
       0.447228             0.00215911313            0.000472309392           
       0.447907             0.00210020262            0.000471410999           
       0.448586             0.00244414897            0.000520785404           
       0.449266             0.00142408528            0.000393867131           
       0.449945             0.00270230612            0.000540348534           
       0.450624             0.00249265612            0.000527206142           
       0.451303             0.00231560062            0.000514724194           
       0.451982             0.00351974224            0.000630674228           
       0.452661             0.00237694406            0.000527929139           
       0.453341             0.00227669266            0.000518486739           
       0.454020             0.00287774662            0.000583812033           
       0.454699             0.00232174221            0.000529178604           
       0.455378              0.0023189649            0.000529145816           
       0.456057             0.00229105648            0.000535305883           
       0.456736             0.00129858675            0.000401756777           
       0.457416             0.00178524088             0.00047107328           
       0.458095             0.00274994293            0.000593119193           
       0.458774             0.00178844838            0.000484641131           
       0.459453             0.00139661045            0.000430432012           
       0.460132              0.0014563059            0.000430042535           
       0.460811             0.00158238215             0.00046499597           
       0.461490             0.00312028154            0.000646324773           
       0.462170              0.0021448565            0.000544224429           
       0.462849             0.00121188854            0.000411735155           
       0.463528             0.00162315244            0.000475398701           
       0.464207             0.00213710698            0.000555702706           
       0.464886             0.00137943928            0.000442981656           
       0.465565             0.00184662954            0.000518166228           
       0.466245             0.00156810693            0.000478974759           
       0.466924             0.00167453595            0.000506654118           
       0.467603             0.00172045236            0.000502660569           
       0.468282             0.00167331653            0.000507482195           
       0.468961             0.00108718458            0.000411743806           
       0.469640             0.00156969828            0.000496721114           
       0.470320              0.0015441138             0.00049299697           
       0.470999            0.000967359218            0.000393890518           
       0.471678            0.000665236271            0.000329779861           
       0.472357            0.000982276802            0.000401849888           
       0.473036            0.000345717779            0.000239905642           
       0.473715             0.00171412857            0.000538375764           
       0.474395            0.000724521704            0.000354855641           
       0.475074            0.000902195657            0.000395994386           
       0.475753             0.00154974744            0.000514523779           
       0.476432            0.000767425941            0.000375252096           
       0.477111            0.000932890915            0.000408729937           
       0.477790             0.00147340435            0.000516411896           
       0.478470             0.00135137206            0.000501104544           
       0.479149            0.000426326406             0.00028436814           
       0.479828            0.000619567719            0.000342003572           
       0.480507             0.00196795001            0.000614441634           
       0.481186            0.000872290746            0.000418297759           
       0.481865             0.00104468396            0.000452101353           
       0.482545            7.81154838e-05            0.000125078749           
       0.483224           -0.000116963181                         0           
       0.483903             0.00092840026            0.000440988849           
       0.484582            0.000550080462            0.000344967926           
       0.485261           -0.000317853008                         0           
       0.485940           -9.90895907e-05                         0           
       0.486619            0.000531321456            0.000339993841           
       0.487299            0.000334777262            0.000274182145           
       0.487978            0.000333387762            0.000270824884           
       0.488657            0.000862875582            0.000453679584           
       0.489336            0.000822932895            0.000435286701           
       0.490015            0.000139508995            0.000180631699           
       0.490694             0.00039695519            0.000313120955           
       0.491374           -0.000318025847                         0           
       0.492053           -0.000318045215                         0           
       0.492732           -0.000318064448                         0           
       0.493411           -6.55600258e-05                         0           
       0.494090           -0.000318103541                         0           
       0.494769           -0.000318122773                         0           
       0.495449           -5.86513757e-05                         0           
       0.496128           -0.000318161838                         0           
       0.496807           -0.000318181186                         0           
       0.497486           -0.000318200712                         0           
       0.498165            -0.00031822052                         0           
       0.498844            -3.6593598e-05                         0           
       0.499524           -0.000318259629                         0           
       0.500203           -0.000318279541                         0           
       0.500882           -1.79870509e-05                         0           
       0.501561           -0.000318318642                         0           
       0.502240            0.000244007976            0.000268288891           
       0.502919           -0.000318358239                         0           
       0.503599           -0.000318378073                         0           
       0.504278           -0.000318398185                         0           
       0.504957           -0.000318418061                         0           
       0.505636            -0.00031843781                         0           
       0.506315            0.000338235307            0.000332380725           
       0.506994           -0.000318477599                         0           
       0.507673           -0.000318497274                         0           
       0.508353            1.38490997e-05            6.76348478e-05           
       0.509032           -0.000318537368                         0           
       0.509711            -0.00031855738                         0           
       0.510390           -0.000318577706                         0           
       0.511069            4.59404294e-05            0.000128857246           
       0.511748            4.75002698e-05            0.000131832133           
       0.512428           -0.000318638465                         0           
       0.513107           -0.000318658474                         0           
       0.513786           -0.000318678545                         0           
       0.514465           -0.000318698959                         0           
       0.515144           -0.000318719359                         0           
       0.515823           -0.000318739573                         0           
       0.516503           -0.000318759977                         0           
       0.517182            0.000522934471            0.000469594497           
       0.517861           -0.000318800731                         0           
       0.518540            0.000130442385            0.000241476082           
       0.519219            0.000558401756            0.000492312978           
       0.519898             0.00014909651            0.000263157299           
       0.520578            0.000125257428            0.000235769666           
       0.521257            -0.00031890319                         0           
       0.521936             0.00013368813            0.000247295563           
       0.522615             0.00015520253            0.000272806035           
       0.523294           -0.000318965136                         0           
       0.523973            -0.00031898563                         0           
       0.524653           -0.000319005977                         0           
       0.525332            -0.00031902662                         0           
       0.526011            0.000190606459            0.000313255979           
       0.526690           -0.000319068608                         0           
       0.527369           -0.000319089409                         0           
       0.528048           -0.000319110358                         0           
       0.528728            0.000202745627            0.000326658752           
       0.529407            0.000225688733            0.000349304719           
       0.530086            -0.00031917283                         0           
       0.530765            0.000252577941            0.000380012979           
       0.531444           -0.000319214552                         0           
       0.532123           -0.000319235896                         0           
       0.532802             0.00128939227            0.000835051852           
       0.533482           -0.000319278165                         0           
       0.534161           -0.000319299296                         0           
       0.534840           -0.000319320247                         0           
       0.535519            0.000258646313            0.000388374534           
       0.536198           -0.000319362703                         0           
       0.536877            -0.00031938353                         0           
       0.537557           -0.000319404715                         0           
       0.538236           -0.000319426091                         0           
       0.538915            0.000278593101            0.000408147077           
       0.539594            0.000331892168            0.000464462446           
       0.540273           -0.000319490471                         0           
       0.540952           -0.000319511903                         0           
       0.541632           -0.000319532943                         0           
       0.542311            0.000309302349            0.000443641049           
       0.542990           -0.000319575646                         0           
       0.543669            0.000313004673            0.000446318434           
       0.544348            -0.00031961892                         0           
       0.545027           -0.000319640498                         0           
       0.545707           -0.000319662141                         0           
       0.546386           -0.000319683844                         0           
       0.547065           -0.000319705287                         0           
       0.547744           -0.000319726828                         0           
       0.548423           -0.000319748606                         0           
       0.549102           -0.000319770406                         0           
       0.549782           -0.000319792096                         0           
       0.550461           -0.000319814043                         0           
       0.551140           -0.000319836123                         0           
       0.551819           -0.000319857942                         0           
       0.552498           -0.000319879948                         0           
       0.553177           -0.000319901575                         0           
       0.553856            0.000522577058            0.000685992017           
       0.554536            0.000519498956            0.000652830452           
       0.555215           -0.000319967166                         0           
       0.555894           -0.000319989222                         0           
       0.556573            0.000630866849            0.000777576933           
       0.557252           -0.000320033579                         0           
       0.557931           -0.000320055648                         0           
       0.558611           -0.000320078232                         0           
       0.559290           -0.000320100243                         0           
       0.559969           -0.000320121711                         0           
       0.560648            -0.00032014375                         0           
       0.561327           -0.000320166279                         0           
       0.562006           -0.000320188703                         0           
       0.562686            -0.00032021114                         0           
       0.563365            -0.00032023366                         0           
       0.564044           -0.000320256067                         0           
       0.564723           -0.000320278424                         0           
       0.565402           -0.000320300364                         0           
       0.566081            -0.00032032245                         0           
       0.566761           -0.000320344774                         0           
       0.567440           -0.000320367551                         0           
       0.568119           -0.000320390149                         0           
       0.568798           -0.000320413064                         0           
       0.569477           -0.000320435832                         0           
       0.570156           -0.000320458711                         0           
       0.570836           -0.000320481503                         0           
       0.571515           -0.000320503814                         0           
       0.572194           -0.000320526771                         0           
       0.572873           -0.000320549203                         0           
       0.573552           -0.000320571503                         0           
       0.574231           -0.000320594256                         0           
       0.574911           -0.000320617582                         0           
       0.575590           -0.000320640459                         0           
       0.576269             0.00334009567             0.00248367159           
       0.576948           -0.000320686511                         0           
       0.577627           -0.000320709047                         0           
       0.578306           -0.000320731901                         0           
       0.578985           -0.000320754951                         0           
       0.579665           -0.000320777868                         0           
       0.580344           -0.000320801131                         0           
       0.581023            -0.00032082437                         0           
       0.581702           -0.000320847393                         0           
       0.582381           -0.000320870208                         0           
       0.583060           -0.000320893703                         0           
       0.583740           -0.000320916828                         0           
       0.584419           -0.000320940031                         0           
       0.585098           -0.000320963206                         0           
       0.585777           -0.000320986562                         0           
       0.586456           -0.000321010297                         0           
       0.587135           -0.000321033402                         0           
       0.587815           -0.000321056257                         0           
       0.588494           -0.000321079824                         0           
       0.589173           -0.000321103933                         0           
       0.589852            -0.00032112676                         0           
       0.590531           -0.000321150448                         0           
       0.591210           -0.000321173589                         0           
       0.591890           -0.000321197178                         0           
       0.592569           -0.000321219977                         0           
       0.593248           -0.000321244903                         0           
       0.593927           -0.000321268602                         0           
       0.594606           -0.000321292789                         0           
       0.595285           -0.000321315534                         0           
       0.595965           -0.000321336759                         0           
       0.596644           -0.000321358601                         0           
