################################################################################
# EDF_DataBlockID                     0.Image.Psd
# EDF_BinarySize                      4366944
# EDF_HeaderSize                      2560
# ByteOrder                           LowByteFirst
# DataType                            FloatValue
# Dim_1                               1028
# Dim_2                               1062
# Image                               0
# HeaderID                            EH:000000:000000:000000
# Size                                4366944
# Center_1                            607.5200
# Center_2                            651.5500
# Comment                             Xenocs_Cell_Window - 20251028_20perc_iodine_1.23mg
# DDummy                              0.6
# Date                                2025-10-30T22:01:32
# Delta                               0
# Dummy                               -1.5
# ExposureTime                        360
# Gamma                               0
# Intensity1                          8.48859e-10
# PSize_1                             7.5e-05
# PSize_2                             7.5e-05
# Pressure                            0.0327463
# SampleDistance                      0.450002
# SampleEnvKind                       large
# SampleEnvPN                         ElectroChemical cell
# SampleEnvSN                         1141
# Thickness                           0
# Wavelength                          1.541891e-10
# Wavelength                          1.54189e-10
# aux                                 0
# aux_dial                            0.002375
# beamx                               588.434
# beamx_dial                          588.434
# beamz                               657.808
# beamz_dial                          657.808
# det0x                               0
# det0x_dial                          6.36945
# det0xvd                             0
# det0xvd_dial                        0
# det0y                               450.002
# det0y_dial                          481.635
# det0z                               0
# det0z_dial                          1.23302
# det0zvd                             0
# det0zvd_dial                        0
# mag                                 1.818
# mag_dial                            1.818
# om                                  0.2499
# om_dial                             -0.610199
# phi                                 -0.0120535
# phi_dial                            0
# ry                                  0.599993
# ry_dial                             0.599993
# s1bot                               0.8
# s1bot_dial                          -1.66094
# s1hl                                0.8
# s1hl_dial                           -0.608437
# s1hr                                0.8
# s1hr_dial                           0.970938
# s1top                               0.8
# s1top_dial                          -0.461562
# s2bot                               0.45
# s2bot_dial                          1.36109
# s2hl                                0.45
# s2hl_dial                           -0.83375
# s2hr                                0.45
# s2hr_dial                           -0.118594
# s2top                               0.45
# s2top_dial                          1.44734
# w2theta                             32
# w2theta_dial                        32
# waxsch                              19.2605
# waxsch_dial                         -32.7355
# waxsh                               137.085
# waxsh_dial                          -43.5338
# waxsth                              26.0607
# waxsth_dial                         -19.4086
# waxsz                               67.0407
# waxsz_dial                          -23.7954
# wind                                65.9854
# wind_dial                           66.0041
# wpsi                                124
# wpsi_dial                           124
# wstod                               115
# wstod_dial                          115
# x                                   0
# x_dial                              1.00969
# z                                   0
# z_dial                              13.3172
# CountCutoff                         15302352
# DetectorModel                       Dectris EIGER2 Si 1M, S/N E-02-0362
# ThresholdSetting                    4023.88989258
# Saturation                          0
# FlatField                           Corrected
# BackgroundReductionExtra            0.02
# BackgroundCorrectionConstant        0.0026712
# Detector                            0
# Monitor                             0
# Pil_Roi0                            0
# SumForIntensity1                    3.05589e+08
# TransmittedFlux                     848859
# det                                 0
# mon                                 0
# pilai0                              3.05589e+08
# pilai1                              769863
# pilct0                              5.29271e+08
# pilct1                              769863
# pilroi0                             0
# pilroi1                             0
# sec                                 1
# title                               20251028_20perc_iodine_1.23mg_0_00506.edf
# usaxs0                              0
# Operation                           Azimuthal average I(q)
# Error_model                         ErrorModel.poisson
# Geometrical_correction              True
# Transmission_correction             True
# Thickness_correction                False
# Binning mode                        Uniform
# Binning factor                      1.0
# Psi                                 0.0
# Omega                               0.2499
# MaskInvalidPixels                   True
# DetectorEdge                        3
# MaskFiles                           ['20251028_20perc_iodine_1.23mg_0_00012_mask.edf']
################################################################################
    q(A⁻¹)                Intensity(a.u.)            Sigma_I(a.u.)            
       0.000340                372960.671                121.019415           
       0.001019                 359529.97                72.7623517           
       0.001698                349892.037                50.7564507           
       0.002377                330870.443                44.1467001           
       0.003056                308136.178                36.0061477           
       0.003735                253249.501                28.7877331           
       0.004415                204736.647                25.8839805           
       0.005094                 153149.08                19.3874738           
       0.005773                101245.913                14.5941744           
       0.006452                58961.9358                10.6710195           
       0.007131                32368.8608                7.65935451           
       0.007810                 16262.191                5.38769365           
       0.008490                8164.15216                 3.3837748           
       0.009169                3962.36095                2.32977287           
       0.009848                1215.40027                1.24753231           
       0.010527                 467.44212               0.773671002           
       0.011206                117.459846                0.37014392           
       0.011885                54.3225709               0.233875179           
       0.012564                25.2817491                0.16380581           
       0.013244                17.1306654               0.126058703           
       0.013923                12.5981955               0.109847342           
       0.014602                9.37391501              0.0878781308           
       0.015281                 7.4291537               0.079637726           
       0.015960                6.14650665              0.0719182788           
       0.016639                5.05562611              0.0615924107           
       0.017319                4.21194137              0.0553443974           
       0.017998                3.50581612              0.0483057062           
       0.018677                2.91995172              0.0456600994           
       0.019356                2.50063452              0.0417516106           
       0.020035                 2.1341336              0.0361869668           
       0.020714                1.86352053              0.0341728111           
       0.021394                1.66248551              0.0305395338           
       0.022073                1.37004905              0.0288443586           
       0.022752                1.23625454              0.0262108016           
       0.023431                1.15970172               0.024642048           
       0.024110                1.02563939              0.0241605993           
       0.024789               0.891432165              0.0209187007           
       0.025469               0.809009035              0.0205361634           
       0.026148               0.737518982              0.0184231616           
       0.026827               0.704027669              0.0182880452           
       0.027506               0.571975173              0.0167216465           
       0.028185               0.546392251              0.0155857974           
       0.028864               0.539524434               0.015400635           
       0.029544               0.498914656              0.0143612408           
       0.030223               0.465071763              0.0140644311           
       0.030902               0.399977713              0.0131624371           
       0.031581               0.357769773              0.0118337465           
       0.032260               0.341109135              0.0117518089           
       0.032939               0.305741864              0.0107278007           
       0.033619               0.302415603              0.0108260892           
       0.034298               0.288144414               0.010283946           
       0.034977                0.26729524             0.00971025234           
       0.035656               0.250965389             0.00965798137           
       0.036335               0.220078294             0.00877169804           
       0.037014               0.206223672             0.00851643511           
       0.037693               0.185389876             0.00776784796           
       0.038373               0.192006824             0.00798283541           
       0.039052               0.176614242             0.00768874705           
       0.039731               0.173828331             0.00745010125           
       0.040410               0.151410916             0.00690651474           
       0.041089               0.150235729             0.00677189486           
       0.041768               0.148091806             0.00675852896           
       0.042448               0.151285105             0.00677800189           
       0.043127               0.121294937              0.0059257692           
       0.043806               0.116336028              0.0058466446           
       0.044485               0.124532297             0.00592482877           
       0.045164               0.118626972             0.00589661562           
       0.045843                0.11056295             0.00545995963           
       0.046523               0.111894807             0.00551171414           
       0.047202               0.103537305             0.00533893181           
       0.047881               0.104013953             0.00524801274           
       0.048560               0.105902061             0.00534369722           
       0.049239              0.0917004303             0.00477450319           
       0.049918              0.0827857104             0.00462517607           
       0.050598              0.0847219804             0.00460875333           
       0.051277              0.0906378198             0.00475181857           
       0.051956              0.0835884865             0.00453463716           
       0.052635              0.0737248243             0.00416831325           
       0.053314               0.081701011             0.00451629798           
       0.053993              0.0769441411             0.00426264128           
       0.054673              0.0780902797             0.00419861434           
       0.055352              0.0747585114             0.00416841138           
       0.056031              0.0705100084             0.00396317515           
       0.056710              0.0696122507             0.00403436118           
       0.057389              0.0773846663             0.00410181939           
       0.058068               0.065849982             0.00382279354           
       0.058748               0.070802388             0.00401338569           
       0.059427              0.0656518718             0.00379922092           
       0.060106              0.0611343509             0.00370087788           
       0.060785               0.056584684             0.00345382353           
       0.061464              0.0580308305             0.00358198718           
       0.062143              0.0662629289             0.00378874811           
       0.062822              0.0573945283             0.00348473036           
       0.063502              0.0574459385             0.00348006204           
       0.064181              0.0530081277             0.00330763909           
       0.064860              0.0518362022             0.00332069016           
       0.065539               0.051465777             0.00327644892           
       0.066218              0.0508625072             0.00318744715           
       0.066897              0.0536863815             0.00330001495           
       0.067577               0.047921143             0.00314774736           
       0.068256              0.0431895698               0.003061717           
       0.068935               0.048126953             0.00317972892           
       0.069614              0.0499048825             0.00327016279           
       0.070293              0.0476728321              0.0032256679           
       0.070972              0.0413846703             0.00298340619           
       0.071652              0.0442777046             0.00309158398           
       0.072331               0.047488177             0.00314464259           
       0.073010              0.0407346215             0.00297900968           
       0.073689              0.0435051403             0.00306173267           
       0.074368              0.0420939779             0.00300618986           
       0.075047              0.0441130983             0.00304436657           
       0.075727              0.0442158666             0.00302908547           
       0.076406              0.0432054938             0.00305401956           
       0.077085              0.0412286195              0.0029275785           
       0.077764              0.0388573813               0.002832184           
       0.078443              0.0362119946             0.00275100587           
       0.079122              0.0332663572             0.00261141341           
       0.079802              0.0328906866             0.00262416597           
       0.080481              0.0334611446             0.00255754283           
       0.081160              0.0377718282             0.00277305233           
       0.081839              0.0358692296             0.00265904661           
       0.082518              0.0408683076              0.0028406901           
       0.083197              0.0350315803             0.00258916312           
       0.083876              0.0345931453               0.002530157           
       0.084556              0.0338990263             0.00257430125           
       0.085235              0.0372613787             0.00264680749           
       0.085914              0.0387869438             0.00272667989           
       0.086593              0.0324386449             0.00247752785           
       0.087272              0.0334624757              0.0024807532           
       0.087951              0.0323470144             0.00249415094           
       0.088631              0.0330098367             0.00243375714           
       0.089310              0.0344331124             0.00253839085           
       0.089989              0.0322100149             0.00242637896           
       0.090668              0.0336060065             0.00250575837           
       0.091347              0.0336587685             0.00252176499           
       0.092026              0.0289966092             0.00223724485           
       0.092706              0.0332100863             0.00248118535           
       0.093385              0.0307301671             0.00235009691           
       0.094064               0.032391612              0.0024408718           
       0.094743              0.0322954254             0.00240010358           
       0.095422              0.0284264186              0.0022266425           
       0.096101              0.0335814734             0.00246997669           
       0.096781              0.0280657223              0.0022257058           
       0.097460              0.0286190486             0.00218622926           
       0.098139              0.0255747923             0.00205078224           
       0.098818                0.02760985             0.00210457322           
       0.099497              0.0258298746             0.00203978279           
       0.100176               0.031654749             0.00219883056           
       0.100856              0.0278267039             0.00206027326           
       0.101535              0.0287900523             0.00209159099           
       0.102214              0.0284100659             0.00207775504           
       0.102893              0.0300215095             0.00211153274           
       0.103572              0.0293502176             0.00205694926           
       0.104251              0.0290444731             0.00205376664           
       0.104931              0.0272771459             0.00197218141           
       0.105610              0.0241743731             0.00186454826           
       0.106289              0.0265875308             0.00192285638           
       0.106968              0.0217131348             0.00174283427           
       0.107647              0.0236910192             0.00182157592           
       0.108326              0.0282512962             0.00196257131           
       0.109005              0.0242547661             0.00180702312           
       0.109685              0.0257081467             0.00183950745           
       0.110364              0.0223496473             0.00173462816           
       0.111043              0.0247394159             0.00181777616           
       0.111722              0.0223042274             0.00170489758           
       0.112401              0.0221516118             0.00170377952           
       0.113080              0.0240450795             0.00175476234           
       0.113760               0.024781456             0.00181118405           
       0.114439              0.0217852958             0.00167393317           
       0.115118              0.0210446893             0.00163282841           
       0.115797              0.0237425432             0.00175040172           
       0.116476              0.0240500886             0.00173533446           
       0.117155              0.0223827825             0.00168760417           
       0.117835              0.0226519925              0.0016639724           
       0.118514               0.018982648             0.00154256445           
       0.119193              0.0248358781             0.00176444373           
       0.119872               0.022877231             0.00167226114           
       0.120551              0.0202675149             0.00156350785           
       0.121230              0.0252055149             0.00172605656           
       0.121910              0.0222038468             0.00163568071           
       0.122589              0.0187283191             0.00150376895           
       0.123268              0.0215551262             0.00158201534           
       0.123947              0.0244009032             0.00169409614           
       0.124626              0.0200869993             0.00151827296           
       0.125305               0.020483488              0.0015407078           
       0.125985              0.0221708379             0.00159047313           
       0.126664              0.0238188997              0.0016328244           
       0.127343               0.021881825             0.00158316248           
       0.128022              0.0184644867             0.00144313999           
       0.128701              0.0200781111              0.0014970387           
       0.129380              0.0245885337             0.00163592819           
       0.130059              0.0187704985             0.00143266034           
       0.130739              0.0189350957             0.00144904701           
       0.131418              0.0212625632             0.00153122465           
       0.132097              0.0200793376             0.00146892637           
       0.132776               0.021474305             0.00151223663           
       0.133455              0.0209679488             0.00150591074           
       0.134134              0.0213573035              0.0015149881           
       0.134814              0.0224186057              0.0015361805           
       0.135493              0.0179189638             0.00137894967           
       0.136172              0.0184656388             0.00138925886           
       0.136851                0.01914896             0.00142295805           
       0.137530              0.0178132998             0.00133982793           
       0.138209              0.0197849901             0.00142861071           
       0.138889              0.0212828121             0.00148823207           
       0.139568              0.0192065123             0.00141316434           
       0.140247              0.0205960651             0.00146147379           
       0.140926              0.0209807051              0.0014328813           
       0.141605              0.0165341363             0.00130432757           
       0.142284              0.0195366893             0.00139432673           
       0.142964              0.0200139547             0.00141665285           
       0.143643              0.0194381105             0.00139436038           
       0.144322              0.0216179712             0.00143969767           
       0.145001              0.0201265638              0.0014176623           
       0.145680               0.021652791             0.00143564374           
       0.146359              0.0190202569             0.00135046604           
       0.147039              0.0186616944             0.00134868917           
       0.147718              0.0181209856             0.00130707666           
       0.148397              0.0203627385             0.00140710012           
       0.149076              0.0175367326             0.00126530525           
       0.149755              0.0188847502             0.00133330995           
       0.150434              0.0180423818             0.00130376601           
       0.151114              0.0180164481              0.0012956226           
       0.151793              0.0173805449             0.00127256403           
       0.152472              0.0191008173             0.00131049067           
       0.153151              0.0184404037             0.00130008486           
       0.153830               0.020147903             0.00134904255           
       0.154509              0.0179359166             0.00126752551           
       0.155188              0.0189790497             0.00130338165           
       0.155868              0.0195166957             0.00131230863           
       0.156547              0.0178991825             0.00126482436           
       0.157226              0.0167802973             0.00119474253           
       0.157905              0.0186788609             0.00127110769           
       0.158584              0.0169133995             0.00120734918           
       0.159263              0.0201564203             0.00132287612           
       0.159943              0.0186085893              0.0012720172           
       0.160622              0.0153887809              0.0011344234           
       0.161301              0.0203552889             0.00132215387           
       0.161980              0.0167496391             0.00117896068           
       0.162659              0.0172298336             0.00120899443           
       0.163338              0.0170239057             0.00119195291           
       0.164018              0.0200636991             0.00128721049           
       0.164697              0.0161902099              0.0011711467           
       0.165376              0.0182293297             0.00121556005           
       0.166055              0.0178953273             0.00121231553           
       0.166734              0.0191190245             0.00124746653           
       0.167413              0.0193879421             0.00125708851           
       0.168093              0.0182860673             0.00123239231           
       0.168772              0.0194129673             0.00123266329           
       0.169451              0.0155048075             0.00112188764           
       0.170130               0.017136601              0.0011639632           
       0.170809              0.0166010716             0.00115930351           
       0.171488              0.0156452508             0.00111517526           
       0.172168              0.0158014246             0.00110996085           
       0.172847              0.0173622849             0.00117877444           
       0.173526              0.0166773918             0.00113325189           
       0.174205              0.0173049946             0.00115969473           
       0.174884              0.0163568742             0.00112160253           
       0.175563              0.0170567176              0.0011502358           
       0.176243              0.0169112787             0.00115678342           
       0.176922              0.0183048157             0.00117213798           
       0.177601              0.0170451397             0.00114351827           
       0.178280               0.017976102             0.00116122249           
       0.178959              0.0179705309             0.00117038117           
       0.179638              0.0171223868             0.00113913865           
       0.180317              0.0146293254              0.0010452765           
       0.180997              0.0169617317             0.00113163146           
       0.181676              0.0166268908             0.00110844261           
       0.182355              0.0176371408             0.00114847704           
       0.183034              0.0175556766             0.00112743209           
       0.183713              0.0162387365               0.001097526           
       0.184392              0.0167063448              0.0011128792           
       0.185072              0.0185851876             0.00116041376           
       0.185751               0.015997253             0.00107958941           
       0.186430              0.0183391855             0.00114781898           
       0.187109              0.0189261861             0.00117902994           
       0.187788              0.0180162044             0.00114750057           
       0.188467              0.0166585562             0.00109035971           
       0.189147              0.0176755102             0.00113452231           
       0.189826              0.0184811884             0.00113957614           
       0.190505              0.0146068453             0.00102978721           
       0.191184              0.0165025748             0.00107879869           
       0.191863              0.0170145467             0.00109771275           
       0.192542              0.0187253179               0.001162437           
       0.193222              0.0179495249             0.00111259725           
       0.193901              0.0171742747             0.00110289239           
       0.194580              0.0181902906             0.00111519196           
       0.195259              0.0172254923             0.00109767811           
       0.195938              0.0176361946             0.00111333832           
       0.196617              0.0160626842             0.00104768064           
       0.197297              0.0161587634             0.00105509992           
       0.197976              0.0171224987             0.00106942517           
       0.198655              0.0150247221             0.00101271689           
       0.199334              0.0148885155            0.000999225771           
       0.200013              0.0160994902             0.00103849192           
       0.200692               0.014604195            0.000995039492           
       0.201371              0.0172438671             0.00106905485           
       0.202051              0.0172643729             0.00107301677           
       0.202730              0.0165382343              0.0010397195           
       0.203409              0.0143067584            0.000973526637           
       0.204088              0.0149376045              0.0009936583           
       0.204767              0.0173409614             0.00106498762           
       0.205446              0.0172614756             0.00106462033           
       0.206126              0.0152051679            0.000985622416           
       0.206805              0.0150425573            0.000998309939           
       0.207484              0.0153976115            0.000991865191           
       0.208163               0.015196003            0.000991271361           
       0.208842              0.0137003444            0.000938674798           
       0.209521              0.0165588896             0.00102338884           
       0.210201               0.014165145            0.000957095176           
       0.210880              0.0149799725            0.000964924246           
       0.211559               0.016259719             0.00102016001           
       0.212238              0.0154412655            0.000989094229           
       0.212917               0.014568864            0.000957177482           
       0.213596              0.0151384968            0.000981479812           
       0.214276              0.0146388979            0.000945041156           
       0.214955               0.015628207            0.000996986584           
       0.215634              0.0155890013            0.000988598879           
       0.216313              0.0152072686            0.000974369462           
       0.216992              0.0141458618            0.000939515574           
       0.217671              0.0156271685            0.000980793771           
       0.218351              0.0153780472             0.00098246022           
       0.219030              0.0161547085            0.000991069344           
       0.219709              0.0144982723            0.000944741984           
       0.220388              0.0149183423            0.000957099496           
       0.221067              0.0165639302             0.00100930558           
       0.221746              0.0146571739            0.000948464347           
       0.222426              0.0145733617            0.000931614608           
       0.223105              0.0123428247              0.0008690412           
       0.223784              0.0157554903            0.000972119591           
       0.224463              0.0142281766            0.000931157681           
       0.225142              0.0144838554            0.000924621804           
       0.225821              0.0147167191            0.000935779189           
       0.226500              0.0152896891            0.000959886463           
       0.227180              0.0166863346            0.000987320332           
       0.227859               0.015452885             0.00095439103           
       0.228538              0.0147967478             0.00092453147           
       0.229217                0.01375519            0.000898454289           
       0.229896              0.0148213283            0.000932174295           
       0.230575              0.0165319806            0.000968807033           
       0.231255              0.0152822648            0.000945415359           
       0.231934              0.0141533094            0.000903608956           
       0.232613              0.0141970029              0.0009083416           
       0.233292              0.0151310048            0.000928684642           
       0.233971              0.0136805899             0.00088264094           
       0.234650              0.0142951913            0.000912862108           
       0.235330              0.0161097193            0.000960605624           
       0.236009              0.0158113011            0.000949615516           
       0.236688              0.0143460478            0.000901307803           
       0.237367              0.0135956263            0.000878692505           
       0.238046              0.0145286329            0.000914739601           
       0.238725              0.0149127955            0.000912456553           
       0.239405              0.0150922798            0.000923623173           
       0.240084              0.0165571615            0.000961249393           
       0.240763              0.0147462699            0.000915847027           
       0.241442              0.0153659819            0.000921720143           
       0.242121              0.0141467237            0.000886065562           
       0.242800              0.0157499924            0.000939353988           
       0.243480              0.0160999588            0.000945285998           
       0.244159               0.014715309            0.000904160699           
       0.244838              0.0151430261            0.000902114486           
       0.245517               0.015590636             0.00092851704           
       0.246196              0.0147114896            0.000902392854           
       0.246875              0.0129171983            0.000833786613           
       0.247554              0.0153160893            0.000917141301           
       0.248234              0.0141095425            0.000866928092           
       0.248913              0.0148552351             0.00089951992           
       0.249592              0.0133529307            0.000844719942           
       0.250271              0.0150354406            0.000893757357           
       0.250950              0.0155703114            0.000915086336           
       0.251629              0.0133622698            0.000840517043           
       0.252309              0.0140659854            0.000864115955           
       0.252988               0.012231887            0.000791931424           
       0.253667              0.0140000111            0.000857136231           
       0.254346              0.0143121631            0.000866460801           
       0.255025              0.0137226092            0.000846568771           
       0.255704              0.0156078765            0.000898715294           
       0.256384              0.0138545207            0.000843802704           
       0.257063              0.0142346774            0.000860177445           
       0.257742              0.0141233291            0.000850869886           
       0.258421              0.0115709352            0.000768673808           
       0.259100              0.0142590505            0.000854790799           
       0.259779              0.0120409449            0.000784831656           
       0.260459              0.0141705238            0.000853082836           
       0.261138              0.0145774981            0.000848337356           
       0.261817              0.0126098191            0.000804935006           
       0.262496              0.0137314012            0.000831732387           
       0.263175              0.0115666718            0.000765001348           
       0.263854              0.0134573882             0.00082132678           
       0.264534              0.0139596298            0.000829368235           
       0.265213              0.0138121023             0.00083797478           
       0.265892              0.0119652356            0.000769948458           
       0.266571              0.0126397411            0.000789553146           
       0.267250              0.0129215545            0.000799651297           
       0.267929              0.0130898862            0.000804017781           
       0.268609              0.0113606055            0.000753129854           
       0.269288              0.0126967389            0.000782960812           
       0.269967               0.012453117            0.000783767311           
       0.270646              0.0123415676            0.000776876238           
       0.271325              0.0128709674            0.000794688652           
       0.272004              0.0115148748            0.000744166476           
       0.272683              0.0134205665            0.000804381738           
       0.273363              0.0129562415            0.000795384964           
       0.274042              0.0125655104            0.000778678209           
       0.274721              0.0117565115            0.000752748038           
       0.275400              0.0103718173            0.000702348704           
       0.276079              0.0114227965            0.000741260099           
       0.276758              0.0110239254            0.000737392758           
       0.277438              0.0117590595            0.000753033728           
       0.278117              0.0125178056            0.000791076276           
       0.278796               0.012252599            0.000774707232           
       0.279475              0.0123787643            0.000791549072           
       0.280154              0.0113719892            0.000747764836           
       0.280833              0.0103576435            0.000717976735           
       0.281513              0.0117017404             0.00077511426           
       0.282192              0.0118948237            0.000768150582           
       0.282871              0.0118561553            0.000772259931           
       0.283550              0.0110851937            0.000750731016           
       0.284229              0.0106374201            0.000746213554           
       0.284908             0.00998591283            0.000730626949           
       0.285588              0.0115176375            0.000775475124           
       0.286267              0.0100743662            0.000736874903           
       0.286946              0.0109848477            0.000764448884           
       0.287625              0.0107236816            0.000768167175           
       0.288304              0.0123957655            0.000814832546           
       0.288983              0.0108756886            0.000772903529           
       0.289663              0.0103911018            0.000759909996           
       0.290342             0.00962465571            0.000727454729           
       0.291021             0.00957406045            0.000729448988           
       0.291700              0.0104460851            0.000751991271           
       0.292379              0.0104300571            0.000768618554           
       0.293058              0.0101121113            0.000753954028           
       0.293738               0.010555027            0.000763820427           
       0.294417              0.0110270362            0.000789786631           
       0.295096              0.0104029244            0.000758677719           
       0.295775              0.0104568146            0.000772256727           
       0.296454              0.0105057146            0.000764048283           
       0.297133             0.00988668762            0.000744703183           
       0.297812              0.0108431712            0.000783806243           
       0.298492              0.0107497913            0.000781931784           
       0.299171              0.0109637941             0.00078818264           
       0.299850              0.0096842129            0.000735703463           
       0.300529              0.0113838144            0.000806639137           
       0.301208             0.00897648901            0.000718032587           
       0.301887               0.010217043            0.000765133338           
       0.302567              0.0105692929             0.00077431365           
       0.303246             0.00915207278            0.000725236896           
       0.303925              0.0098745357            0.000762990697           
       0.304604             0.00964956635            0.000737962697           
       0.305283              0.0101263739            0.000767187101           
       0.305962              0.0102952265            0.000768883729           
       0.306642             0.00981123933            0.000760787397           
       0.307321              0.0086927274            0.000713822772           
       0.308000              0.0101398112            0.000761813651           
       0.308679             0.00970713381            0.000761524439           
       0.309358              0.0101281452            0.000767341087           
       0.310037             0.00895680871            0.000723213793           
       0.310717             0.00923911354            0.000733815974           
       0.311396             0.00811727652            0.000692436759           
       0.312075             0.00815676792            0.000702921338           
       0.312754             0.00904028457            0.000725207597           
       0.313433              0.0083765846            0.000704150586           
       0.314112              0.0086065918            0.000713588689           
       0.314792             0.00836390791            0.000708423672           
       0.315471             0.00722044839            0.000650079233           
       0.316150              0.0114217287            0.000825184372           
       0.316829             0.00889948608            0.000733205988           
       0.317508             0.00835286031            0.000702360839           
       0.318187             0.00913471491            0.000744186476           
       0.318866             0.00956594331            0.000751290667           
       0.319546             0.00751683872            0.000675963662           
       0.320225             0.00762521448            0.000680832464           
       0.320904             0.00874313888            0.000717761837           
       0.321583             0.00730985397            0.000670759241           
       0.322262             0.00807018306            0.000694099088           
       0.322941             0.00855350451            0.000723736563           
       0.323621             0.00850987546              0.0007174829           
       0.324300             0.00834850588             0.00071120465           
       0.324979             0.00817493073            0.000705044768           
       0.325658             0.00771560291            0.000686193747           
       0.326337             0.00799180361            0.000699279384           
       0.327016             0.00782212756            0.000687424181           
       0.327696             0.00827270405            0.000714808256           
       0.328375             0.00956927426            0.000762298437           
       0.329054             0.00937654346            0.000758675462           
       0.329733             0.00788983043            0.000698476222           
       0.330412             0.00823694779            0.000707828224           
       0.331091             0.00768653837             0.00069617334           
       0.331771             0.00756935578            0.000672743881           
       0.332450              0.0085636598            0.000729459372           
       0.333129             0.00622448233            0.000620298783           
       0.333808             0.00705642642             0.00066132562           
       0.334487             0.00662743673            0.000643946811           
       0.335166             0.00786555861            0.000691256123           
       0.335846             0.00734586775            0.000679769097           
       0.336525             0.00769011056            0.000688647596           
       0.337204             0.00749383387            0.000681584722           
       0.337883             0.00794249724            0.000702621844           
       0.338562             0.00759962957            0.000691102881           
       0.339241             0.00756103177            0.000690637349           
       0.339921             0.00631773778            0.000620719646           
       0.340600             0.00847562214            0.000732606234           
       0.341279             0.00593746817            0.000606610359           
       0.341958             0.00636622691            0.000636992852           
       0.342637             0.00667359816            0.000642975508           
       0.343316             0.00479028899            0.000546324692           
       0.343995             0.00694311894            0.000668499194           
       0.344675             0.00791458175            0.000700619102           
       0.345354             0.00590017614            0.000608913746           
       0.346033             0.00772820424            0.000695070726           
       0.346712             0.00682794781            0.000657502102           
       0.347391             0.00736585437            0.000687138659           
       0.348070             0.00683590906            0.000652558008           
       0.348750             0.00614717518            0.000627753593           
       0.349429             0.00690490343            0.000656730296           
       0.350108               0.006970859            0.000667799772           
       0.350787             0.00812654402            0.000708784979           
       0.351466             0.00596381704            0.000618373892           
       0.352145             0.00744844598            0.000691643128           
       0.352825             0.00731317178            0.000682229504           
       0.353504             0.00680213976            0.000657799995           
       0.354183              0.0063173551            0.000626622717           
       0.354862              0.0056565439            0.000606722987           
       0.355541             0.00532226411            0.000580814941           
       0.356220             0.00603692316            0.000619750602           
       0.356900             0.00641198827            0.000644779377           
       0.357579             0.00668543398            0.000650311431           
       0.358258             0.00577059019            0.000612541456           
       0.358937             0.00530631283             0.00057634054           
       0.359616              0.0055191297            0.000595992381           
       0.360295             0.00586301486            0.000614791072           
       0.360975              0.0055468474            0.000595427388           
       0.361654             0.00515827429            0.000577153277           
       0.362333             0.00497400894            0.000563869121           
       0.363012             0.00477628166            0.000559657236           
       0.363691             0.00542083315            0.000584462017           
       0.364370             0.00470994434               0.000551551           
       0.365050             0.00510421889            0.000571100145           
       0.365729             0.00515647556              0.0005794894           
       0.366408              0.0056857552            0.000609850866           
       0.367087             0.00625830547            0.000629558263           
       0.367766             0.00594556548            0.000626411983           
       0.368445             0.00573597155            0.000604347854           
       0.369124             0.00498104182             0.00056759942           
       0.369804             0.00547722065             0.00059424631           
       0.370483             0.00526953326            0.000585421297           
       0.371162             0.00592930277            0.000624589807           
       0.371841             0.00565662066            0.000599421973           
       0.372520             0.00450763839            0.000545817977           
       0.373199             0.00430832348            0.000527239007           
       0.373879              0.0046273067            0.000552734836           
       0.374558             0.00480024482            0.000554753845           
       0.375237              0.0052668854            0.000582045461           
       0.375916             0.00401635434            0.000518008907           
       0.376595             0.00481381927            0.000556024567           
       0.377274             0.00377660113             0.00050037584           
       0.377954             0.00492686766            0.000562541708           
       0.378633             0.00251104179            0.000406677507           
       0.379312             0.00481234416            0.000562848962           
       0.379991             0.00488972148            0.000564419396           
       0.380670             0.00420518471            0.000532673879           
       0.381349             0.00413493886            0.000520621936           
       0.382029             0.00487629879            0.000573471178           
       0.382708             0.00413982159            0.000516854526           
       0.383387             0.00386359827            0.000510629304           
       0.384066             0.00503422727            0.000577527856           
       0.384745               0.004627162            0.000555863014           
       0.385424              0.0037070891            0.000499228632           
       0.386104             0.00414090973            0.000521800809           
       0.386783             0.00339281396             0.00048253684           
       0.387462             0.00451414455            0.000542747246           
       0.388141              0.0043274633            0.000539893626           
       0.388820              0.0023946929            0.000398717809           
       0.389499             0.00316829776            0.000461202581           
       0.390178             0.00469555194            0.000563700056           
       0.390858             0.00493506255            0.000573221688           
       0.391537             0.00396980779            0.000519365675           
       0.392216             0.00391291691            0.000509167748           
       0.392895             0.00401076451            0.000517231285           
       0.393574              0.0041172045            0.000522750641           
       0.394253             0.00356586882            0.000488680971           
       0.394933             0.00426971338            0.000540849897           
       0.395612             0.00484629266            0.000559474403           
       0.396291             0.00504862055            0.000582659235           
       0.396970             0.00397298856             0.00051229718           
       0.397649              0.0052616339            0.000591369194           
       0.398328             0.00383393376            0.000502582688           
       0.399008             0.00426112175            0.000528691493           
       0.399687             0.00317723189            0.000458300665           
       0.400366             0.00419382039             0.00052452558           
       0.401045             0.00399483856            0.000510963025           
       0.401724             0.00465424322            0.000552444574           
       0.402403             0.00446890325            0.000545552375           
       0.403083             0.00407479373            0.000513429519           
       0.403762             0.00366310461            0.000489202866           
       0.404441             0.00371902354            0.000496062113           
       0.405120             0.00433285786            0.000533681703           
       0.405799             0.00410226446            0.000517030426           
       0.406478             0.00404292425            0.000513290212           
       0.407158             0.00414761254            0.000518917641           
       0.407837             0.00415588237            0.000524019439           
       0.408516             0.00382713088            0.000498491538           
       0.409195             0.00331126952            0.000468939999           
       0.409874             0.00362672533            0.000497597436           
       0.410553             0.00336585774             0.00048452323           
       0.411233             0.00380406847            0.000512430194           
       0.411912             0.00421847667            0.000547266373           
       0.412591             0.00332711828            0.000489237652           
       0.413270             0.00315962998            0.000474499442           
       0.413949             0.00303164721            0.000469866617           
       0.414628             0.00351726398            0.000505192959           
       0.415307             0.00345869158            0.000506541392           
       0.415987             0.00251980955            0.000428794519           
       0.416666             0.00369500301            0.000516121454           
       0.417345             0.00302157297             0.00047451895           
       0.418024             0.00325162618            0.000492264352           
       0.418703             0.00309641853            0.000479489751           
       0.419382             0.00269252679            0.000444934494           
       0.420062             0.00322778815            0.000488521483           
       0.420741             0.00266312084            0.000446097785           
       0.421420              0.0031363241            0.000485947157           
       0.422099             0.00375015971            0.000531391676           
       0.422778             0.00302793293            0.000480074331           
       0.423457             0.00306066453            0.000485616383           
       0.424137             0.00213539594            0.000399014623           
       0.424816             0.00301081147            0.000483697988           
       0.425495             0.00262249651            0.000451002466           
       0.426174             0.00161804528            0.000354379698           
       0.426853             0.00288964031            0.000470705563           
       0.427532             0.00294714202             0.00047938492           
       0.428212             0.00252169208            0.000446362096           
       0.428891              0.0027502603            0.000465092412           
       0.429570              0.0023548445            0.000430655814           
       0.430249             0.00279681976            0.000466896617           
       0.430928             0.00357834658            0.000539664956           
       0.431607             0.00242488829            0.000436618186           
       0.432287             0.00183481966            0.000382579609           
       0.432966             0.00210282871            0.000413171577           
       0.433645             0.00293528207            0.000488659898           
       0.434324             0.00296884129            0.000488482999           
       0.435003             0.00209221906             0.00041077184           
       0.435682             0.00196877339             0.00040173747           
       0.436361             0.00277817874            0.000476587818           
       0.437041              0.0025312127            0.000454304666           
       0.437720             0.00214532499            0.000420261068           
       0.438399             0.00242010535            0.000448693868           
       0.439078             0.00266713066            0.000484696306           
       0.439757              0.0023678375            0.000453878681           
       0.440436             0.00249582172            0.000476485261           
       0.441116             0.00249018354            0.000483729426           
       0.441795             0.00239992984            0.000475454565           
       0.442474             0.00325949916            0.000555641278           
       0.443153             0.00255519626            0.000503438865           
       0.443832              0.0031400714            0.000559030871           
       0.444511             0.00224224801            0.000470269247           
       0.445191              0.0020589406            0.000461597741           
       0.445870             0.00267572881            0.000526228874           
       0.446549             0.00179556567            0.000435622165           
       0.447228             0.00312643404            0.000571574665           
       0.447907             0.00138697921            0.000385268536           
       0.448586              0.0019202812            0.000464233883           
       0.449266             0.00331668753            0.000604496058           
       0.449945             0.00218805707            0.000488984937           
       0.450624             0.00321307011             0.00060196166           
       0.451303             0.00361738313             0.00064699282           
       0.451982             0.00275779913            0.000561423287           
       0.452661             0.00228958639            0.000521079663           
       0.453341             0.00217941708            0.000510170189           
       0.454020             0.00279347414            0.000578466944           
       0.454699             0.00259314555            0.000562429611           
       0.455378             0.00210625441            0.000507157843           
       0.456057             0.00195163866            0.000496870575           
       0.456736             0.00180110305            0.000475835086           
       0.457416             0.00156070526            0.000442955359           
       0.458095             0.00136864372            0.000420808783           
       0.458774             0.00140834198             0.00043250943           
       0.459453             0.00153911094            0.000454424079           
       0.460132             0.00211331474            0.000520986719           
       0.460811             0.00187123246             0.00050853029           
       0.461490             0.00170202944            0.000480061522           
       0.462170             0.00163082658            0.000477245954           
       0.462849             0.00165463465            0.000483834821           
       0.463528             0.00178357727            0.000501168485           
       0.464207             0.00200461026            0.000541257351           
       0.464886             0.00240304355            0.000587996474           
       0.465565             0.00244699293            0.000599867073           
       0.466245             0.00130294378            0.000439083464           
       0.466924             0.00226159568            0.000592149376           
       0.467603            0.000706920691            0.000324039752           
       0.468282             0.00123830838            0.000439041545           
       0.468961             0.00203152865            0.000566039009           
       0.469640             0.00094762933            0.000388135378           
       0.470320             0.00126261726             0.00044833218           
       0.470999             0.00079907794             0.00036002749           
       0.471678            0.000998949933            0.000406412899           
       0.472357             0.00217081243            0.000600782827           
       0.473036             0.00118949113            0.000447527432           
       0.473715             0.00223232446            0.000617876838           
       0.474395            0.000555925446            0.000312603433           
       0.475074             0.00125275541             0.00046927915           
       0.475753            0.000543012503            0.000306294611           
       0.476432            0.000231530993            0.000207285493           
       0.477111             0.00185013002            0.000578870735           
       0.477790             0.00203550941            0.000610423543           
       0.478470             0.00136585292            0.000506643288           
       0.479149             0.00138450756            0.000515367395           
       0.479828             0.00138285059            0.000513846419           
       0.480507             0.00161155969            0.000559185955           
       0.481186             0.00108939206            0.000470117546           
       0.481865             0.00122631737            0.000492611149           
       0.482545            0.000869856553            0.000419757281           
       0.483224            0.000285806133            0.000242252151           
       0.483903            0.000506559394            0.000327593006           
       0.484582             0.00033171927            0.000269407953           
       0.485261            0.000910780538            0.000435097908           
       0.485940            0.000787445947             0.00042088751           
       0.486619           -0.000105610609                         0           
       0.487299            0.000119742659             0.00016490928           
       0.487978            0.000108879018            0.000155648625           
       0.488657            0.000139954727            0.000183750439           
       0.489336            0.000368339667            0.000292871348           
       0.490015           -0.000101163704                         0           
       0.490694            0.000397163103            0.000314981677           
       0.491374            0.000128213852            0.000176783388           
       0.492053           -7.20824485e-05                         0           
       0.492732            0.000433819067            0.000331993021           
       0.493411            0.000196883185            0.000224851091           
       0.494090           -0.000321726927                         0           
       0.494769           -0.000321746377                         0           
       0.495449           -0.000321766102                         0           
       0.496128           -0.000321785887                         0           
       0.496807           -0.000321805456                         0           
       0.497486           -0.000321825204                         0           
       0.498165           -0.000321845238                         0           
       0.498844           -0.000321864968                         0           
       0.499524            0.000259018204            0.000273258715           
       0.500203           -3.28966099e-05                         0           
       0.500882           -0.000321924673                         0           
       0.501561           -0.000321944477                         0           
       0.502240           -0.000321964546                         0           
       0.502919           -0.000321984525                         0           
       0.503599           -1.96962854e-05                         0           
       0.504278           -0.000322024927                         0           
       0.504957           -0.000322045029                         0           
       0.505636            6.77059001e-06            4.70985901e-05           
       0.506315            0.000673688861            0.000471753898           
       0.506994           -0.000322105245                         0           
       0.507673           -0.000322125144                         0           
       0.508353           -0.000322145463                         0           
       0.509032           -0.000322165695                         0           
       0.509711           -0.000322185935                         0           
       0.510390           -0.000322206492                         0           
       0.511069           -0.000322226983                         0           
       0.511748            -0.00032224739                         0           
       0.512428           -0.000322267943                         0           
       0.513107            6.62361818e-05            0.000159280037           
       0.513786            -0.00032230848                         0           
       0.514465           -0.000322329127                         0           
       0.515144           -0.000322349759                         0           
       0.515823           -0.000322370203                         0           
       0.516503            0.000522434515             0.00047036136           
       0.517182           -0.000322411473                         0           
       0.517861           -0.000322432058                         0           
       0.518540           -0.000322452758                         0           
       0.519219            0.000532394497            0.000483441723           
       0.519898            0.000133420101            0.000250352404           
       0.520578            -0.00032251504                         0           
       0.521257           -0.000322535683                         0           
       0.521936           -0.000322556376                         0           
       0.522615           -0.000322577317                         0           
       0.523294            0.000165029107            0.000282916614           
       0.523973           -0.000322619063                         0           
       0.524653           -0.000322639641                         0           
       0.525332            0.000154077164             0.00027122429           
       0.526011           -0.000322681773                         0           
       0.526690           -0.000322702986                         0           
       0.527369           -0.000322724024                         0           
       0.528048           -0.000322745211                         0           
       0.528728           -0.000322766374                         0           
       0.529407             0.00131139476            0.000846789937           
       0.530086           -0.000322808395                         0           
       0.530765           -0.000322829381                         0           
       0.531444           -0.000322850592                         0           
       0.532123            -0.00032287218                         0           
       0.532802           -0.000322893591                         0           
       0.533482           -0.000322914929                         0           
       0.534161            0.000237368185            0.000368786701           
       0.534840            0.000869991366            0.000718061859           
       0.535519           -0.000322979073                         0           
       0.536198           -0.000323000431                         0           
       0.536877            0.000327384235            0.000460119437           
       0.537557           -0.000323042922                         0           
       0.538236           -0.000323064541                         0           
       0.538915            0.000279143342             0.00041087016           
       0.539594           -0.000323107735                         0           
       0.540273           -0.000323129655                         0           
       0.540952            -0.00032315133                         0           
       0.541632            -0.00032317261                         0           
       0.542311            0.000320455913             0.00045413368           
       0.542990           -0.000323215799                         0           
       0.543669            0.000327163694            0.000458892985           
       0.544348           -0.000323259566                         0           
       0.545027            0.000351429114             0.00048744935           
       0.545707            0.000412128359            0.000553189964           
       0.546386             0.00183870651               0.001150981           
       0.547065           -0.000323346917                         0           
       0.547744           -0.000323368703                         0           
       0.548423           -0.000323390729                         0           
       0.549102           -0.000323412778                         0           
       0.549782            0.000416170537            0.000556009189           
       0.550461           -0.000323456912                         0           
       0.551140           -0.000323479244                         0           
       0.551819           -0.000323501311                         0           
       0.552498           -0.000323523567                         0           
       0.553177           -0.000323545441                         0           
       0.553856             0.00149455481             0.00116670019           
       0.554536            0.000496069522            0.000641562233           
       0.555215            0.000622933481            0.000770864289           
       0.555894           -0.000323634086                         0           
       0.556573           -0.000323656527                         0           
       0.557252           -0.000323678949                         0           
       0.557931           -0.000323701268                         0           
       0.558611            -0.00032372411                         0           
       0.559290           -0.000323746371                         0           
       0.559969           -0.000323768085                         0           
       0.560648           -0.000323790374                         0           
       0.561327            -0.00032381316                         0           
       0.562006            -0.00032383584                         0           
       0.562686            0.000901570881             0.00105076791           
       0.563365           -0.000323881309                         0           
       0.564044            -0.00032390397                         0           
       0.564723            0.000827680525            0.000973079941           
       0.565402           -0.000323948772                         0           
       0.566081            -0.00032397111                         0           
       0.566761           -0.000323993688                         0           
       0.567440           -0.000324016725                         0           
       0.568119            -0.00032403958                         0           
       0.568798           -0.000324062756                         0           
       0.569477           -0.000324085783                         0           
       0.570156           -0.000324108923                         0           
       0.570836           -0.000324131975                         0           
       0.571515             0.00118963016             0.00134333346           
       0.572194           -0.000324177758                         0           
       0.572873           -0.000324200446                         0           
       0.573552              -0.000324223                         0           
       0.574231           -0.000324246012                         0           
       0.574911           -0.000324269603                         0           
       0.575590           -0.000324292741                         0           
       0.576269             0.00523530105             0.00312712326           
       0.576948           -0.000324339318                         0           
       0.577627            -0.00032436211                         0           
       0.578306           -0.000324385225                         0           
       0.578985           -0.000324408537                         0           
       0.579665           -0.000324431715                         0           
       0.580344           -0.000324455244                         0           
       0.581023           -0.000324478747                         0           
       0.581702             0.00212485188             0.00227213865           
       0.582381           -0.000324525107                         0           
       0.583060           -0.000324548869                         0           
       0.583740           -0.000324572259                         0           
       0.584419           -0.000324595726                         0           
       0.585098           -0.000324619165                         0           
       0.585777           -0.000324642786                         0           
       0.586456           -0.000324666792                         0           
       0.587135            -0.00032469016                         0           
       0.587815           -0.000324713275                         0           
       0.588494           -0.000324737111                         0           
       0.589173           -0.000324761494                         0           
       0.589852           -0.000324784581                         0           
       0.590531           -0.000324808539                         0           
       0.591210           -0.000324831944                         0           
       0.591890           -0.000324855801                         0           
       0.592569            -0.00032487886                         0           
       0.593248           -0.000324904071                         0           
       0.593927           -0.000324928039                         0           
       0.594606           -0.000324952501                         0           
       0.595285           -0.000324975506                         0           
       0.595965           -0.000324996973                         0           
       0.596644           -0.000325019063                         0           
