################################################################################
# EDF_DataBlockID                     0.Image.Psd
# EDF_BinarySize                      2105344
# EDF_HeaderSize                      2560
# ByteOrder                           LowByteFirst
# DataType                            FloatValue
# Dim_1                               512
# Dim_2                               1028
# Image                               0
# HeaderID                            EH:000000:000000:000000
# Size                                2105344
# Center_1                            304.9000
# Center_2                            588.7000
# Comment                             Xenocs_Cell_Window - 20251028_20perc_iodine_1.23mg
# DDummy                              0.6
# Date                                2025-10-31T05:10:27
# Delta                               21.910000
# Dummy                               -1.5
# ExposureTime                        360
# Gamma                               15.360000
# Intensity1                          8.58044e-10
# PSize_1                             7.5e-05
# PSize_2                             7.5e-05
# Pressure                            0.032836
# SampleDistance                      0.115750
# SampleEnvKind                       large
# SampleEnvPN                         ElectroChemical cell
# SampleEnvSN                         1141
# Thickness                           0
# Wavelength                          1.541891e-10
# Wavelength                          1.54189e-10
# aux                                 0
# aux_dial                            0.002375
# beamx                               588.434
# beamx_dial                          588.434
# beamz                               657.808
# beamz_dial                          657.808
# det0x                               0
# det0x_dial                          6.36945
# det0xvd                             0
# det0xvd_dial                        0
# det0y                               450.002
# det0y_dial                          481.635
# det0z                               0
# det0z_dial                          1.23302
# det0zvd                             0
# det0zvd_dial                        0
# mag                                 1.818
# mag_dial                            1.818
# om                                  0.2499
# om_dial                             -0.610199
# phi                                 -0.0120535
# phi_dial                            0
# ry                                  0.599993
# ry_dial                             0.599993
# s1bot                               0.8
# s1bot_dial                          -1.66094
# s1hl                                0.8
# s1hl_dial                           -0.608437
# s1hr                                0.8
# s1hr_dial                           0.970938
# s1top                               0.8
# s1top_dial                          -0.461562
# s2bot                               0.45
# s2bot_dial                          1.36109
# s2hl                                0.45
# s2hl_dial                           -0.83375
# s2hr                                0.45
# s2hr_dial                           -0.118594
# s2top                               0.45
# s2top_dial                          1.44734
# w2theta                             32
# w2theta_dial                        32
# waxsch                              19.2605
# waxsch_dial                         -32.7355
# waxsh                               137.085
# waxsh_dial                          -43.5338
# waxsth                              26.0607
# waxsth_dial                         -19.4086
# waxsz                               67.0407
# waxsz_dial                          -23.7954
# wind                                65.9854
# wind_dial                           66.0041
# wpsi                                124
# wpsi_dial                           124
# wstod                               115
# wstod_dial                          115
# x                                   0
# x_dial                              1.00969
# z                                   0
# z_dial                              13.3172
# CountCutoff                         6807993
# DetectorModel                       Dectris EIGER2 Si 500K, S/N E-01-0554
# ThresholdSetting                    4023.88989258
# Saturation                          0
# FlatField                           Corrected
# BackgroundReductionExtra            0.02
# BackgroundCorrectionConstant        0.0026712
# Detector                            0
# Monitor                             0
# Pil_Roi0                            0
# SumForIntensity1                    3.08896e+08
# TransmittedFlux                     858044
# det                                 0
# mon                                 0
# pilai0                              3.08896e+08
# pilai1                              779155
# pilct0                              5.34727e+08
# pilct1                              779155
# pilroi0                             0
# pilroi1                             0
# sec                                 1
# title                               20251028_20perc_iodine_1.23mg_1_00571.edf
# usaxs0                              0
# Operation                           Azimuthal average I(q)
# Error_model                         ErrorModel.poisson
# Geometrical_correction              True
# Transmission_correction             True
# Thickness_correction                False
# Binning mode                        Uniform
# Binning factor                      1.0
# Psi                                 0.0
# Omega                               0.2499
# MaskInvalidPixels                   True
# DetectorEdge                        3
# MaskFiles                           ['WAXS_corrected.edf']
################################################################################
    q(A⁻¹)                Intensity(a.u.)            Sigma_I(a.u.)            
       0.693100             0.00410446738             0.00426371035           
       0.695741              0.0111929553             0.00574565298           
       0.698381           -2.36426496e-05                         0           
       0.701021             0.00878493337             0.00881457314           
       0.703662             0.00561745455             0.00406856535           
       0.706302             0.00686986749             0.00348339599           
       0.708942              0.0113031056             0.00576698226           
       0.711583              0.0109111508             0.00490648861           
       0.714223             0.00287028977             0.00290534899           
       0.716864             0.00493469234             0.00249250627           
       0.719504             0.00441808881             0.00254502056           
       0.722144             0.00628499152             0.00281108023           
       0.724785             0.00950480677             0.00275755347           
       0.727425              0.0116817756             0.00413567854           
       0.730065             0.00639408486             0.00216432641           
       0.732706             0.00614750813             0.00178209914           
       0.735346             0.00527064143             0.00215098882           
       0.737987             0.00742360688             0.00180389382           
       0.740627             0.00774951106             0.00274996472           
       0.743267             0.00655205976             0.00169363982           
       0.745908             0.00826935691             0.00206431859           
       0.748548             0.00387588597             0.00130268911           
       0.751189             0.00958267088             0.00276003827           
       0.753829             0.00804200622             0.00232423012           
       0.756469             0.00650063443             0.00168503196           
       0.759110             0.00725744237              0.0018762582           
       0.761750              0.0102411472             0.00197076924           
       0.764390               0.006216871             0.00160713686           
       0.767031              0.0105421316             0.00181230092           
       0.769671              0.0058182946             0.00167949451           
       0.772312             0.00755385969             0.00145685572           
       0.774952              0.0128312789             0.00256405168           
       0.777592             0.00838740578             0.00150995088           
       0.780233             0.00710273892             0.00167643103           
       0.782873              0.0054152987             0.00139999538           
       0.785513             0.00867258536             0.00189405882           
       0.788154             0.00578736442             0.00129432534           
       0.790794             0.00869299961             0.00189647406           
       0.793435             0.00903673759             0.00173707324           
       0.796075             0.00803814171             0.00157817909           
       0.798715             0.00689291071             0.00172700076           
       0.801356              0.0047695844             0.00123642388           
       0.803996             0.00894297265             0.00172607945           
       0.806637             0.00672567322             0.00119124182           
       0.809277              0.0091562819             0.00150443339           
       0.811917             0.00693258635             0.00122376683           
       0.814558             0.00878579153             0.00143182961           
       0.817198             0.00801738617             0.00129945825           
       0.819838             0.00775937671             0.00129381315           
       0.822479             0.00567688892             0.00129951842           
       0.825119             0.00843145501             0.00134794517           
       0.827760             0.00797632823              0.0013280527           
       0.830400             0.00559225276             0.00104660403           
       0.833040             0.00641726024             0.00117462027           
       0.835681             0.00723389553             0.00141776376           
       0.838321             0.00880681785             0.00131298867           
       0.840961             0.00437258971             0.00100801461           
       0.843602             0.00854144629             0.00129196828           
       0.846242             0.00624471499              0.0011045304           
       0.848883             0.00571302721             0.00108113838           
       0.851523             0.00677974256             0.00116312452           
       0.854163             0.00608208654             0.00117156147           
       0.856804             0.00619539308             0.00106316128           
       0.859444             0.00805718912             0.00118794666           
       0.862085             0.00723227486             0.00117304496           
       0.864725             0.00719830266             0.00119766759           
       0.867365             0.00669888079             0.00107136701           
       0.870006              0.0054292461            0.000919104286           
       0.872646              0.0061627055             0.00102684877           
       0.875286             0.00821458835              0.0011405562           
       0.877927             0.00868161346             0.00113143691           
       0.880567             0.00679267963             0.00103685722           
       0.883208             0.00697073127              0.0010404632           
       0.885848             0.00767397886             0.00113349886           
       0.888488             0.00674608705            0.000996806862           
       0.891129             0.00650453799             0.00100502175           
       0.893769             0.00635619317            0.000950800751           
       0.896410              0.0083696017              0.0010172379           
       0.899050             0.00672621678             0.00100286137           
       0.901690             0.00566671031             0.00100268547           
       0.904331             0.00683884109             0.00097655382           
       0.906971             0.00788484841             0.00111551648           
       0.909611             0.00810359886             0.00102946693           
       0.912252             0.00652936164             0.00095447588           
       0.914892             0.00698684413             0.00107896058           
       0.917533             0.00668016831            0.000998040604           
       0.920173             0.00666298005            0.000924793402           
       0.922813             0.00707306542            0.000999885171           
       0.925454             0.00744032854            0.000923448701           
       0.928094             0.00963222449             0.00112171416           
       0.930734             0.00849069616             0.00113383328           
       0.933375             0.00755236339             0.00105883546           
       0.936015             0.00720760236            0.000939443317           
       0.938656             0.00691691784            0.000987269123           
       0.941296             0.00856588905             0.00099569343           
       0.943936              0.0069952948            0.000882386141           
       0.946577             0.00846272167            0.000964117513           
       0.949217             0.00713434544             0.00081404156           
       0.951858             0.00781908187            0.000892095359           
       0.954498             0.00694370659            0.000973068591           
       0.957138             0.00660549366            0.000899118418           
       0.959779             0.00833325624            0.000995538358           
       0.962419              0.0103229097              0.0011006602           
       0.965059             0.00830118792              0.0010380781           
       0.967700             0.00747357467             0.00100880728           
       0.970340             0.00842508156            0.000947819796           
       0.972981               0.009808589            0.000931764378           
       0.975621             0.00730106671            0.000855199192           
       0.978261             0.00687075567            0.000788279742           
       0.980902               0.008754462              0.0010646024           
       0.983542             0.00689852092            0.000836895495           
       0.986182             0.00725258233            0.000842480547           
       0.988823             0.00813632858            0.000866458552           
       0.991463             0.00829752539            0.000933533266           
       0.994104             0.00668418049            0.000817360633           
       0.996744             0.00685468602            0.000844267717           
       0.999384             0.00823498564            0.000827594921           
       1.002025             0.00862382073            0.000945261256           
       1.004665             0.00762732301            0.000812410389           
       1.007306             0.00796729938            0.000826068953           
       1.009946             0.00829316779            0.000859531023           
       1.012586             0.00752038732            0.000797175846           
       1.015227             0.00700926605            0.000826801313           
       1.017867             0.00738584641            0.000815679711           
       1.020507             0.00752459232            0.000797483252           
       1.023148             0.00727491899            0.000846109584           
       1.025788             0.00794911426            0.000810968324           
       1.028429              0.0084469836            0.000875825448           
       1.031069             0.00918542702             0.00085945625           
       1.033709             0.00724398695            0.000811329373           
       1.036350             0.00725093582            0.000729034108           
       1.038990             0.00806750679            0.000783120884           
       1.041630             0.00786477835            0.000806474976           
       1.044271             0.00701285201            0.000716204453           
       1.046911             0.00712156429            0.000759170393           
       1.049552             0.00670091196            0.000773690075           
       1.052192             0.00797794505            0.000770862043           
       1.054832             0.00857007832            0.000806225237           
       1.057473             0.00953113915            0.000838147222           
       1.060113             0.00799610223            0.000748708554           
       1.062754             0.00890196121            0.000806556355           
       1.065394               0.008074783             0.00081215418           
       1.068034             0.00852588032            0.000759309121           
       1.070675              0.0075899883            0.000747317267           
       1.073315               0.010528337            0.000892781536           
       1.075955             0.00727302836             0.00070052114           
       1.078596             0.00975278637            0.000862144704           
       1.081236             0.00748200977            0.000723091618           
       1.083877             0.00962662382             0.00081284496           
       1.086517              0.0081126246            0.000800137702           
       1.089157             0.00899355497            0.000874147541           
       1.091798             0.00900373418             0.00076681314           
       1.094438              0.0096109714            0.000789692252           
       1.097078             0.00902649636            0.000734006597           
       1.099719             0.00781674695             0.00073882452           
       1.102359             0.00765567239            0.000684751942           
       1.105000              0.0098934759              0.0008704294           
       1.107640             0.00937255599            0.000810065022           
       1.110280              0.0086170172            0.000708705675           
       1.112921             0.00799069206              0.0007331137           
       1.115561             0.00950625538            0.000759972262           
       1.118202              0.0100480621            0.000782065607           
       1.120842             0.00913662351             0.00078379103           
       1.123482             0.00800277212            0.000730342647           
       1.126123             0.00929637771            0.000755018847           
       1.128763             0.00913938957            0.000753749446           
       1.131403             0.00963839756            0.000745866587           
       1.134044             0.00928807739            0.000753421571           
       1.136684             0.00819471092            0.000754518334           
       1.139325             0.00724692123            0.000653631762           
       1.141965               0.008640128            0.000718419459           
       1.144605             0.00922042045             0.00070764494           
       1.147246             0.00777702877            0.000665116984           
       1.149886              0.0102854478            0.000762181357           
       1.152527             0.00957675516            0.000746149657           
       1.155167             0.00920035067            0.000695615113           
       1.157807              0.0102278821            0.000786369451           
       1.160448             0.00924039305            0.000729898772           
       1.163088              0.0100761136            0.000727018258           
       1.165728             0.00905903523            0.000707768651           
       1.168369             0.00928584431            0.000723194133           
       1.171009             0.00991155663            0.000725101042           
       1.173650             0.00859146925            0.000692802731           
       1.176290             0.00853951561            0.000674973556           
       1.178930             0.00968735258            0.000704594282           
       1.181571             0.00814157922            0.000658747264           
       1.184211             0.00932540403            0.000707514635           
       1.186851             0.00958764512            0.000701385507           
       1.189492               0.010175133            0.000717693914           
       1.192132             0.00963498032            0.000690548676           
       1.194773              0.0102921236            0.000716827716           
       1.197413             0.00862963871            0.000628909691           
       1.200053             0.00941146176             0.00067346871           
       1.202694             0.00985891919            0.000655477697           
       1.205334               0.010614296            0.000732962088           
       1.207975             0.00984550788            0.000673819759           
       1.210615              0.0111058854            0.000789484631           
       1.213255             0.00973623514            0.000661937583           
       1.215896             0.00899231732            0.000647673106           
       1.218536             0.00924077615            0.000631310329           
       1.221176             0.00968928452             0.00070282311           
       1.223817              0.0101883035            0.000676528014           
       1.226457             0.00836233889            0.000625260768           
       1.229098              0.0103700876            0.000696253438           
       1.231738              0.0101412827            0.000691918244           
       1.234378             0.00990164024            0.000642433477           
       1.237019             0.00897576226            0.000630310105           
       1.239659             0.00999611062            0.000659377933           
       1.242299             0.00986573437            0.000646741114           
       1.244940              0.0092173342             0.00060797544           
       1.247580              0.0109423379            0.000682685824           
       1.250221              0.0113225925            0.000690161466           
       1.252861              0.0101375019            0.000621702173           
       1.255501              0.0104319277            0.000684782379           
       1.258142             0.00990787784            0.000627105092           
       1.260782              0.0108861243            0.000671557758           
       1.263423              0.0109012672            0.000645739704           
       1.266063             0.00963394572            0.000622204025           
       1.268703              0.0102693558            0.000637064615           
       1.271344              0.0107610899            0.000674240216           
       1.273984             0.00981635453            0.000621942262           
       1.276624               0.010502627            0.000631229695           
       1.279265             0.00990818873            0.000623287613           
       1.281905              0.0104682566            0.000643504726           
       1.284546              0.0107162482            0.000629330166           
       1.287186              0.0100679595            0.000598472056           
       1.289826             0.00999615112            0.000628487184           
       1.292467              0.0109248171            0.000642561195           
       1.295107              0.0103287297             0.00061857902           
       1.297747              0.0109968456            0.000610773294           
       1.300388              0.0103388159            0.000645592045           
       1.303028               0.011245227            0.000642770027           
       1.305669               0.011854424            0.000675665102           
       1.308309              0.0114848484            0.000658500206           
       1.310949              0.0115194692            0.000658829209           
       1.313590              0.0101099933            0.000597915458           
       1.316230              0.0117803281            0.000688753749           
       1.318871              0.0109300608            0.000649750417           
       1.321511              0.0110652462            0.000641638647           
       1.324151              0.0107081019            0.000612486156           
       1.326792               0.010668824            0.000615141491           
       1.329432               0.012076946             0.00064985986           
       1.332072              0.0117024443            0.000630170998           
       1.334713             0.00962399767            0.000589819783           
       1.337353              0.0108209449            0.000599793578           
       1.339994              0.0113232116             0.00064386564           
       1.342634              0.0113057982            0.000616951775           
       1.345274              0.0117270181            0.000650272391           
       1.347915              0.0101193949            0.000587377217           
       1.350555               0.011286897            0.000631200641           
       1.353195              0.0108757918            0.000622641993           
       1.355836              0.0116988402            0.000635702632           
       1.358476              0.0109345894            0.000596857941           
       1.361117              0.0108449206            0.000595221538           
       1.363757              0.0107071547            0.000609487837           
       1.366397              0.0119694011            0.000624912171           
       1.369038              0.0124747847            0.000644320996           
       1.371678              0.0116580312            0.000617380088           
       1.374319              0.0113081644            0.000602809694           
       1.376959              0.0117123127            0.000607317632           
       1.379599              0.0107742463            0.000624252222           
       1.382240              0.0105349738            0.000580152103           
       1.384880             0.00992346945            0.000596411546           
       1.387520              0.0102253164            0.000574980609           
       1.390161              0.0106330337            0.000556874317           
       1.392801              0.0116647318            0.000607705671           
       1.395442              0.0113923333            0.000608770472           
       1.398082              0.0103522541             0.00054344084           
       1.400722               0.011066563            0.000588553171           
       1.403363              0.0109494667            0.000616237388           
       1.406003              0.0120346692            0.000604619517           
       1.408644              0.0113279969            0.000614501055           
       1.411284              0.0103051154            0.000554985698           
       1.413924                0.01105042            0.000572574126           
       1.416565              0.0110940684            0.000571450249           
       1.419205             0.00969803884            0.000557347058           
       1.421845              0.0100000422            0.000565626288           
       1.424486              0.0105100175            0.000557388037           
       1.427126             0.00949173004             0.00055025414           
       1.429767              0.0119245599            0.000580290323           
       1.432407              0.0104782326            0.000569268421           
       1.435047              0.0113653792             0.00055681047           
       1.437688              0.0100669349            0.000531874849           
       1.440328              0.0115925351            0.000582519961           
       1.442968              0.0110020667            0.000580205636           
       1.445609                0.01152353            0.000574959605           
       1.448249              0.0106713997            0.000567302118           
       1.450890              0.0105862203            0.000561345517           
       1.453530              0.0104418873            0.000583263075           
       1.456170              0.0114015487            0.000591511157           
       1.458811               0.011153743            0.000559435126           
       1.461451              0.0104551856            0.000543054054           
       1.464092              0.0103701666            0.000544377481           
       1.466732              0.0103653098            0.000539573109           
       1.469372              0.0110503183            0.000544078924           
       1.472013              0.0101426407             0.00056218367           
       1.474653              0.0105546872             0.00056464259           
       1.477293              0.0109248333            0.000586565763           
       1.479934              0.0102945977            0.000543322208           
       1.482574              0.0103002979            0.000525724836           
       1.485215               0.010517492            0.000541133133           
       1.487855              0.0106899068             0.00055274725           
       1.490495               0.010396182            0.000543092928           
       1.493136              0.0111113514            0.000553766469           
       1.495776              0.0108721707            0.000545279716           
       1.498416             0.00947045319            0.000525566875           
       1.501057              0.0110906754            0.000556215838           
       1.503697               0.010492295            0.000528916637           
       1.506338              0.0112684257            0.000558146295           
       1.508978             0.00957721605            0.000509499714           
       1.511618              0.0104800808            0.000567615486           
       1.514259              0.0100851371            0.000537581149           
       1.516899              0.0101418191             0.00052489469           
       1.519540             0.00966804297            0.000520752054           
       1.522180              0.0103034848            0.000542315688           
       1.524820               0.010824831            0.000552748034           
       1.527461              0.0103190899            0.000542350354           
       1.530101               0.010310559            0.000536704282           
       1.532741              0.0105773955             0.00054045011           
       1.535382              0.0102398988            0.000540318701           
       1.538022              0.0102040625            0.000508117356           
       1.540663              0.0102412517            0.000547506582           
       1.543303              0.0116557118            0.000542340158           
       1.545943              0.0100355938            0.000532640847           
       1.548584               0.010770097            0.000561693565           
       1.551224              0.0114717528            0.000535988954           
       1.553864              0.0103568447            0.000538147079           
       1.556505             0.00971874505            0.000503594661           
       1.559145              0.0104610046            0.000528871864           
       1.561786              0.0108393488            0.000538765414           
       1.564426             0.00993130745            0.000499664427           
       1.567066              0.0106829387            0.000543003082           
       1.569707             0.00986607914            0.000512456507           
       1.572347              0.0103405672            0.000541999951           
       1.574988             0.00951563136            0.000494887317           
       1.577628             0.00988991957            0.000526096638           
       1.580268             0.00943325693            0.000497824218           
       1.582909             0.00911227735            0.000518618763           
       1.585549             0.00937108543            0.000510663294           
       1.588189             0.00955739964            0.000504459096           
       1.590830              0.0100875927            0.000517612105           
       1.593470              0.0100802246             0.00053791086           
       1.596111             0.00916063431            0.000500640534           
       1.598751             0.00948031346            0.000493495662           
       1.601391             0.00966085347            0.000509163545           
       1.604032             0.00904645023             0.00050300703           
       1.606672             0.00889580574            0.000484632843           
       1.609312             0.00862015571            0.000498000293           
       1.611953             0.00919723226            0.000503372072           
       1.614593              0.0100995628            0.000517423049           
       1.617234             0.00946531445            0.000519134228           
       1.619874             0.00951816984            0.000518525232           
       1.622514             0.00915120374            0.000501495552           
       1.625155             0.00997786154            0.000526750254           
       1.627795             0.00919988903            0.000493405274           
       1.630436              0.0096033897            0.000501477077           
       1.633076             0.00861947405            0.000481324657           
       1.635716             0.00830464676             0.00046510171           
       1.638357             0.00904178631            0.000486583862           
       1.640997             0.00902069862            0.000500738527           
       1.643637             0.00854459185            0.000474241689           
       1.646278              0.0092032639            0.000507645563           
       1.648918             0.00929849984            0.000511657349           
       1.651559             0.00946790596            0.000520304395           
       1.654199              0.0086660267            0.000484138224           
       1.656839             0.00855054655            0.000481069552           
       1.659480             0.00833780376            0.000492886116           
       1.662120             0.00879339753             0.00047673172           
       1.664761              0.0100741239             0.00053003797           
       1.667401             0.00967925986              0.0004965752           
       1.670041             0.00856407784            0.000474216092           
       1.672682             0.00865662055            0.000474811765           
       1.675322             0.00870557759            0.000473090618           
       1.677962             0.00988766631            0.000498626086           
       1.680603             0.00849824819            0.000463689412           
       1.683243             0.00814986636            0.000473753625           
       1.685884             0.00831425534            0.000482041364           
       1.688524             0.00848921719            0.000477671444           
       1.691164             0.00874136156            0.000484823387           
       1.693805             0.00880204486            0.000491847751           
       1.696445             0.00903957775            0.000501331408           
       1.699085             0.00969446567            0.000501777278           
       1.701726             0.00942133006            0.000476516769           
       1.704366             0.00902990424            0.000491458544           
       1.707007              0.0087650545            0.000473404307           
       1.709647              0.0084193124            0.000469213225           
       1.712287             0.00800243277            0.000461431032           
       1.714928             0.00871212744            0.000485339222           
       1.717568             0.00842932808            0.000449709945           
       1.720209             0.00829118692            0.000467164291           
       1.722849             0.00910493287            0.000487036095           
       1.725489             0.00934640937            0.000493866643           
       1.728130             0.00804289281            0.000486869082           
       1.730770             0.00826466279            0.000468726331           
       1.733410             0.00865407671            0.000472102435           
       1.736051             0.00864271912            0.000475076431           
       1.738691             0.00910046127             0.00047761265           
       1.741332             0.00898471097            0.000488442118           
       1.743972             0.00884276363            0.000500399127           
       1.746612             0.00824467094            0.000463976245           
       1.749253              0.0087962989            0.000488710982           
       1.751893             0.00851159381             0.00047720831           
       1.754533             0.00859609109            0.000479123296           
       1.757174             0.00772131888             0.00044983829           
       1.759814             0.00861143549            0.000467858998           
       1.762455             0.00800991129            0.000459508234           
       1.765095             0.00839381829            0.000449986412           
       1.767735             0.00897214017            0.000479582262           
       1.770376             0.00813848259            0.000457962818           
       1.773016             0.00884294584            0.000474174477           
       1.775657             0.00831454944            0.000453173759           
       1.778297             0.00870979885             0.00045982609           
       1.780937             0.00849151877            0.000479225944           
       1.783578             0.00916201609            0.000485339779           
       1.786218             0.00913806569            0.000505842699           
       1.788858             0.00856101967            0.000465012236           
       1.791499             0.00944617795            0.000482974909           
       1.794139             0.00832540369            0.000449739751           
       1.796780             0.00940292651            0.000475654259           
       1.799420             0.00886738074            0.000459352249           
       1.802060             0.00864815619              0.0004573027           
       1.804701             0.00893184029            0.000445988141           
       1.807341              0.0092145641            0.000475995736           
       1.809981             0.00967748527            0.000489432124           
       1.812622             0.00938657537            0.000473341793           
       1.815262             0.00891397272            0.000471070288           
       1.817903             0.00889276566            0.000463538116           
       1.820543             0.00864265146            0.000464093655           
       1.823183             0.00851035674            0.000460274797           
       1.825824             0.00963927986            0.000467985536           
       1.828464             0.00838636836            0.000455083591           
       1.831105             0.00815454822             0.00043634272           
       1.833745             0.00896370612             0.00046724982           
       1.836385             0.00854970499            0.000469354982           
       1.839026             0.00800986933            0.000452860331           
       1.841666             0.00848200237            0.000464363466           
       1.844306             0.00918959251            0.000470156421           
       1.846947             0.00877498075            0.000463455086           
       1.849587             0.00834891108             0.00049918774           
       1.852228             0.00779862143            0.000436259983           
       1.854868             0.00835298072            0.000476942364           
       1.857508             0.00851654281             0.00047686592           
       1.860149             0.00822469412            0.000477138195           
       1.862789             0.00892619808            0.000479787519           
       1.865429             0.00974040356            0.000523167803           
       1.868070             0.00868848748            0.000487525481           
       1.870710             0.00842896024            0.000469118469           
       1.873351             0.00818179946            0.000467903076           
       1.875991             0.00923443668            0.000505204546           
       1.878631             0.00841497218             0.00047303144           
       1.881272             0.00865261252              0.0004764503           
       1.883912             0.00869886394             0.00049716966           
       1.886553             0.00953569464            0.000514714914           
       1.889193             0.00853251057            0.000486055995           
       1.891833             0.00831734476            0.000498382802           
       1.894474             0.00912096891            0.000517359406           
       1.897114             0.00874027659            0.000490078695           
       1.899754             0.00791799857             0.00046840797           
       1.902395             0.00859258886            0.000478413584           
       1.905035             0.00850133746             0.00050402236           
       1.907676             0.00859877194            0.000477757052           
       1.910316             0.00873100686            0.000494199026           
       1.912956             0.00836321934            0.000473037167           
       1.915597             0.00813393585             0.00046911503           
       1.918237             0.00859735038            0.000498091698           
       1.920878             0.00938298196            0.000518222104           
       1.923518                 0.0088811            0.000504386092           
       1.926158             0.00884652092            0.000496870803           
       1.928799              0.0084705323            0.000480569467           
       1.931439             0.00814904641            0.000483724955           
       1.934079             0.00824181662            0.000507133599           
       1.936720             0.00894779442            0.000489584827           
       1.939360             0.00865687103            0.000513757391           
       1.942001             0.00908432449            0.000482370429           
       1.944641             0.00827132877            0.000469346369           
       1.947281             0.00799659293            0.000457232027           
       1.949922              0.0077637633             0.00046535397           
       1.952562             0.00850947147            0.000502461514           
       1.955202             0.00723989755            0.000462900881           
       1.957843             0.00864946816            0.000492839358           
       1.960483             0.00829549479            0.000504609367           
       1.963124             0.00764748792            0.000474560036           
       1.965764             0.00837831039            0.000468419083           
       1.968404             0.00758790873            0.000441564871           
       1.971045             0.00806587772            0.000464161282           
       1.973685             0.00814735644            0.000489323455           
       1.976326             0.00731292817            0.000457217776           
       1.978966             0.00712621773            0.000455304218           
       1.981606             0.00820605432            0.000498773828           
       1.984247             0.00846208069            0.000503164905           
       1.986887             0.00890238039            0.000509907127           
       1.989527             0.00757156696            0.000465187934           
       1.992168             0.00839537741            0.000508252181           
       1.994808             0.00830326249            0.000503289515           
       1.997449             0.00809934357            0.000486862869           
       2.000089             0.00769122006            0.000472556895           
       2.002729             0.00702736783            0.000451973657           
       2.005370             0.00873130704            0.000498377255           
       2.008010             0.00777179416            0.000490717262           
       2.010650             0.00766937882            0.000491110691           
       2.013291             0.00854149464            0.000497263011           
       2.015931             0.00783740288             0.00047296001           
       2.018572             0.00820754935            0.000517683442           
       2.021212             0.00748786675            0.000485582224           
       2.023852             0.00701597443            0.000444863453           
       2.026493             0.00782263335            0.000490728895           
       2.029133             0.00823500685             0.00049336488           
       2.031774             0.00751383775            0.000494584386           
       2.034414             0.00760081426            0.000457712692           
       2.037054             0.00749459807            0.000466023496           
       2.039695             0.00793676778             0.00047595182           
       2.042335              0.0083242646             0.00050654892           
       2.044975             0.00796965036            0.000489631207           
       2.047616             0.00775617938            0.000481829317           
       2.050256             0.00899100116             0.00052367757           
       2.052897             0.00695072119            0.000468930459           
       2.055537             0.00833267212             0.00049621562           
       2.058177             0.00744947515             0.00045945546           
       2.060818              0.0076072238            0.000486384603           
       2.063458             0.00768188201            0.000509342196           
       2.066098             0.00789562146            0.000487118855           
       2.068739             0.00770762701            0.000488765863           
       2.071379             0.00736790602            0.000490336156           
       2.074020             0.00739590681            0.000480590403           
       2.076660             0.00826647509            0.000512196093           
       2.079300             0.00705303777            0.000484704442           
       2.081941             0.00688947373            0.000438625933           
       2.084581             0.00740437035            0.000479962826           
       2.087222             0.00798476133            0.000480677395           
       2.089862             0.00816354029            0.000529359518           
       2.092502             0.00745853239            0.000490480793           
       2.095143             0.00839789396            0.000537444316           
       2.097783              0.0072491627            0.000483440546           
       2.100423              0.0077254361            0.000480898981           
       2.103064             0.00731558181            0.000485580396           
       2.105704             0.00803710876            0.000506442465           
       2.108345              0.0083366249            0.000495539012           
       2.110985             0.00746610642            0.000500876303           
       2.113625             0.00872988148            0.000546337462           
       2.116266             0.00802313172            0.000531186565           
       2.118906             0.00784719553            0.000489578303           
       2.121546              0.0076332479            0.000473638949           
       2.124187              0.0074752276            0.000492001553           
       2.126827             0.00725836535            0.000490223218           
       2.129468             0.00686287761            0.000477898328           
       2.132108             0.00787565024            0.000498086151           
       2.134748             0.00724676533            0.000475932223           
       2.137389             0.00717494367            0.000494048953           
       2.140029             0.00652950964            0.000421940002           
       2.142670             0.00817122663            0.000504450562           
       2.145310             0.00757987893            0.000472890766           
       2.147950             0.00700270737            0.000467835381           
       2.150591             0.00699184713            0.000462748159           
       2.153231             0.00773329541            0.000500947021           
       2.155871             0.00796628389            0.000491184226           
       2.158512             0.00716472914            0.000486048213           
       2.161152             0.00739320481            0.000478264635           
       2.163793             0.00720945765            0.000470157788           
       2.166433             0.00731049838            0.000486173991           
       2.169073             0.00676431187            0.000457248105           
       2.171714             0.00675608234            0.000453553807           
       2.174354             0.00673628363            0.000473226908           
       2.176995             0.00771191842            0.000504207382           
       2.179635             0.00723496758            0.000516064789           
       2.182275              0.0071086068            0.000482973352           
       2.184916             0.00781755769            0.000489198594           
       2.187556             0.00841078464            0.000502334585           
       2.190196             0.00734569578            0.000490571127           
       2.192837             0.00716404364            0.000481831576           
       2.195477             0.00762624048            0.000473955961           
       2.198118             0.00709830866            0.000468973347           
       2.200758             0.00665671931             0.00046593197           
       2.203398             0.00707229993            0.000483328283           
       2.206039             0.00751183808            0.000471429499           
       2.208679             0.00647311139            0.000447807752           
       2.211319             0.00770010211            0.000491224768           
       2.213960             0.00698993171            0.000474295129           
       2.216600             0.00746444162            0.000507028059           
       2.219241             0.00856770813            0.000519159474           
       2.221881             0.00774169267            0.000494513821           
       2.224521             0.00757179621            0.000495050342           
       2.227162             0.00726766794            0.000475295412           
       2.229802             0.00721226026            0.000488301964           
       2.232443             0.00771926934            0.000497205804           
       2.235083             0.00716783083            0.000493250079           
       2.237723             0.00675045005            0.000459357004           
       2.240364             0.00748196392            0.000495520112           
       2.243004             0.00697764493            0.000474708758           
       2.245644             0.00798931857            0.000513042224           
       2.248285             0.00769487793            0.000493412988           
       2.250925              0.0080182992            0.000506735142           
       2.253566             0.00756741338             0.00052628674           
       2.256206             0.00612807512            0.000464129314           
       2.258846             0.00633222296            0.000448809332           
       2.261487             0.00705394263            0.000497187922           
       2.264127             0.00702926711            0.000479335634           
       2.266767             0.00761730659            0.000512276873           
       2.269408             0.00587421135            0.000451703682           
       2.272048             0.00745120487            0.000505698858           
       2.274689             0.00801262953            0.000531314033           
       2.277329             0.00693772809            0.000465502956           
       2.279969             0.00726024494            0.000506887689           
       2.282610             0.00682126525            0.000477659597           
       2.285250             0.00722613434            0.000470557452           
       2.287891              0.0067275963            0.000486794375           
       2.290531              0.0071706675             0.00050932451           
       2.293171             0.00700551699            0.000490381586           
       2.295812             0.00708312864            0.000491108429           
       2.298452             0.00680852675            0.000503515369           
       2.301092             0.00707166925             0.00047678247           
       2.303733             0.00677821809            0.000485619672           
       2.306373             0.00811678909            0.000539780044           
       2.309014             0.00759065836            0.000511809785           
       2.311654             0.00676847387             0.00050434352           
       2.314294             0.00669834705            0.000462240187           
       2.316935             0.00766010509            0.000496354312           
       2.319575             0.00763323456             0.00051915148           
       2.322215             0.00651624935            0.000499892607           
       2.324856             0.00671559845            0.000466576622           
       2.327496             0.00702532446            0.000507429072           
       2.330137             0.00718482073            0.000491052705           
       2.332777             0.00770747121            0.000524420509           
       2.335417             0.00746147594            0.000500581455           
       2.338058             0.00787732862            0.000529706371           
       2.340698             0.00676403758            0.000486992616           
       2.343339              0.0075468527            0.000525721483           
       2.345979             0.00711609121            0.000482971151           
       2.348619             0.00665829359            0.000484254498           
       2.351260             0.00587888115            0.000452378366           
       2.353900             0.00789613545            0.000522617375           
       2.356540             0.00724205901            0.000499793553           
       2.359181             0.00724947084            0.000493038803           
       2.361821             0.00767674574            0.000490096578           
       2.364462             0.00685356614            0.000484318577           
       2.367102             0.00636235967            0.000479547209           
       2.369742             0.00596843753            0.000488881033           
       2.372383             0.00726230889            0.000488312108           
       2.375023             0.00619345451            0.000474044224           
       2.377663             0.00722171648            0.000489437444           
       2.380304             0.00613667386            0.000458696185           
       2.382944             0.00700420317            0.000466754514           
       2.385585             0.00766393764            0.000520718513           
       2.388225             0.00659311889            0.000480703131           
       2.390865             0.00635470796            0.000467084065           
       2.393506             0.00749847329            0.000497808064           
       2.396146             0.00715956552            0.000525948229           
       2.398787             0.00650302536            0.000461943966           
       2.401427             0.00705634326            0.000464464452           
       2.404067              0.0071280316            0.000477230484           
       2.406708             0.00815014539            0.000504181228           
       2.409348             0.00652224399            0.000478402336           
       2.411988             0.00717387988            0.000491586392           
       2.414629             0.00687009204            0.000496047576           
       2.417269             0.00729789307            0.000517227892           
       2.419910             0.00677937245            0.000499671441           
       2.422550             0.00680684135            0.000479022346           
       2.425190             0.00641292539             0.00049011127           
       2.427831             0.00696883817            0.000508040783           
       2.430471             0.00663344873            0.000472216464           
       2.433112             0.00713834615            0.000477004963           
       2.435752              0.0074364467            0.000515253127           
       2.438392             0.00711441976            0.000486437349           
       2.441033             0.00638559844            0.000488406546           
       2.443673             0.00695569476            0.000510134482           
       2.446313             0.00746176039             0.00052883211           
       2.448954             0.00671055276            0.000477504016           
       2.451594             0.00615328557            0.000491647996           
       2.454235              0.0072754465             0.00050159315           
       2.456875              0.0078221849            0.000544209705           
       2.459515             0.00685574002            0.000522671819           
       2.462156             0.00770214791             0.00052305084           
       2.464796             0.00681531496              0.0004856701           
       2.467436             0.00758412691            0.000529811113           
       2.470077             0.00792353177            0.000513278234           
       2.472717             0.00800811352            0.000518245769           
       2.475358             0.00761257591            0.000510553718           
       2.477998             0.00697679561            0.000480529022           
       2.480638             0.00772901659            0.000514757866           
       2.483279             0.00813465881            0.000551941538           
       2.485919              0.0081342913            0.000531909849           
       2.488560             0.00653303067            0.000475357483           
       2.491200             0.00712557639            0.000511209323           
       2.493840             0.00685468824            0.000530544771           
       2.496481             0.00726457867            0.000537242728           
       2.499121             0.00750712117            0.000531205996           
       2.501761             0.00778408991            0.000548083309           
       2.504402             0.00666144855            0.000499614656           
       2.507042             0.00745826361            0.000524735562           
       2.509683             0.00647366868            0.000481402214           
       2.512323              0.0074472298            0.000542278355           
       2.514963              0.0072700561            0.000529169588           
       2.517604             0.00768105146            0.000564402345           
       2.520244             0.00732471696            0.000516708992           
       2.522884             0.00768184313            0.000536722922           
       2.525525             0.00809515971             0.00055722642           
       2.528165             0.00880658883            0.000572136802           
       2.530806             0.00950707615            0.000604817225           
       2.533446               0.010951855            0.000635293514           
       2.536086             0.00748606035            0.000520538242           
       2.538727             0.00696397025            0.000481648937           
       2.541367             0.00773274909            0.000512538136           
       2.544008             0.00803229151            0.000539481603           
       2.546648             0.00682070202            0.000505658833           
       2.549288             0.00749808973            0.000540976675           
       2.551929              0.0076625654            0.000538160515           
       2.554569             0.00774814914            0.000521360002           
       2.557209             0.00729787901             0.00051063116           
       2.559850             0.00631203276             0.00047641561           
       2.562490             0.00718139451            0.000525217027           
       2.565131              0.0074391374            0.000554254903           
       2.567771             0.00756561642            0.000538908561           
       2.570411             0.00687925123            0.000508321986           
       2.573052             0.00811810696            0.000559153277           
       2.575692             0.00620337607            0.000485824801           
       2.578332             0.00760288065            0.000540066114           
       2.580973             0.00681960188             0.00050662358           
       2.583613              0.0073538694            0.000513567795           
       2.586254              0.0076971254            0.000524686779           
       2.588894              0.0063596138            0.000495265129           
       2.591534             0.00656969827             0.00052109172           
       2.594175             0.00576197445            0.000478799224           
       2.596815             0.00692831109            0.000528122478           
       2.599456             0.00760545807            0.000524719584           
       2.602096             0.00738299265            0.000520922854           
       2.604736             0.00689127747            0.000515210772           
       2.607377             0.00686094188            0.000500527966           
       2.610017             0.00686865229            0.000492045156           
       2.612657             0.00701663438               0.000528972           
       2.615298             0.00615366996             0.00048364326           
       2.617938             0.00656033606            0.000534196602           
       2.620579             0.00772790833            0.000556590399           
       2.623219             0.00723204405            0.000537669925           
       2.625859             0.00698173784            0.000513639664           
       2.628500              0.0075742737            0.000531485332           
       2.631140             0.00688323495            0.000514467318           
       2.633780             0.00668229675            0.000506461769           
       2.636421             0.00744195822            0.000547618771           
       2.639061             0.00680846631            0.000493090528           
       2.641702             0.00701765976            0.000512197835           
       2.644342              0.0071532075            0.000519324225           
       2.646982             0.00683641912            0.000500104643           
       2.649623             0.00755935941            0.000551104157           
       2.652263             0.00629202174            0.000497744138           
       2.654904             0.00663222159             0.00051153724           
       2.657544             0.00597245075             0.00045722199           
       2.660184             0.00654137988            0.000506396495           
       2.662825             0.00671535336            0.000524989846           
       2.665465             0.00664056738             0.00050491643           
       2.668105             0.00728501855            0.000557427829           
       2.670746             0.00825386805            0.000548117672           
       2.673386             0.00763147901            0.000543164255           
       2.676027             0.00928302323            0.000589447171           
       2.678667              0.0100987583            0.000599891522           
       2.681307              0.0120743238            0.000644507305           
       2.683948              0.0152279015            0.000743667331           
       2.686588              0.0109378832            0.000619815972           
       2.689229             0.00991821605            0.000576737226           
       2.691869             0.00857421824            0.000566751396           
       2.694509             0.00915722307             0.00058602454           
       2.697150             0.00722957224            0.000512255262           
       2.699790             0.00743417135            0.000544572038           
       2.702430             0.00659896988            0.000490433815           
       2.705071             0.00695172071            0.000520139289           
       2.707711              0.0066347404            0.000493190318           
       2.710352             0.00653291812            0.000517103087           
       2.712992             0.00704517321             0.00054692294           
       2.715632             0.00676124107            0.000497105573           
       2.718273             0.00670065183            0.000512869484           
       2.720913             0.00810936505            0.000562605908           
       2.723553             0.00657143142            0.000509853053           
       2.726194             0.00678531821            0.000541568506           
       2.728834             0.00787085345            0.000583556503           
       2.731475             0.00821340754            0.000550166482           
       2.734115             0.00723010546            0.000532204261           
       2.736755              0.0078795552            0.000560166126           
       2.739396             0.00603244145             0.00048729168           
       2.742036             0.00554621829            0.000488997343           
       2.744677             0.00668839364             0.00052103161           
       2.747317             0.00594841433            0.000487860697           
       2.749957              0.0075408155            0.000553148251           
       2.752598             0.00745263001             0.00055587223           
       2.755238             0.00793881989            0.000584074498           
       2.757878             0.00730188523            0.000555256859           
       2.760519             0.00676430028            0.000528759713           
       2.763159             0.00809549655            0.000572673153           
       2.765800             0.00798562763            0.000542032588           
       2.768440             0.00735067184            0.000523868227           
       2.771080             0.00914575799            0.000589221315           
       2.773721             0.00666785539            0.000516086827           
       2.776361             0.00738527534            0.000550634734           
       2.779001             0.00812652309            0.000598170843           
       2.781642             0.00623763334            0.000520200045           
       2.784282             0.00741813714            0.000576622156           
       2.786923             0.00761236561            0.000589265277           
       2.789563             0.00676024313            0.000534824682           
       2.792203             0.00659817907            0.000504749092           
       2.794844             0.00707424884            0.000572806246           
       2.797484             0.00737985185            0.000552142449           
       2.800125             0.00702623395            0.000566497557           
       2.802765             0.00688018521            0.000550935118           
       2.805405             0.00683690101            0.000551058205           
       2.808046             0.00662091222            0.000551817033           
       2.810686             0.00713047912            0.000526206363           
       2.813326             0.00657338893            0.000524797281           
       2.815967             0.00748944493            0.000576099744           
       2.818607             0.00670109851            0.000520018773           
       2.821248             0.00668766385            0.000508711983           
       2.823888              0.0077558128            0.000568664827           
       2.826528             0.00730052245            0.000534314729           
       2.829169             0.00715984704            0.000554246349           
       2.831809             0.00753688365            0.000576387308           
       2.834449             0.00655644256             0.00054098922           
       2.837090              0.0075721445            0.000561525839           
       2.839730             0.00618479209            0.000505006819           
       2.842371             0.00773235351            0.000565479522           
       2.845011              0.0065827196            0.000525910379           
       2.847651              0.0068328844             0.00053646841           
       2.850292             0.00617200653            0.000514869008           
       2.852932             0.00618096881            0.000526471549           
       2.855573             0.00636149414            0.000518096377           
       2.858213              0.0064637694            0.000548420114           
       2.860853             0.00744331964            0.000547449421           
       2.863494             0.00715633863            0.000555773314           
       2.866134             0.00674622517            0.000560861162           
       2.868774             0.00607288003            0.000522980203           
       2.871415             0.00710004433            0.000574289734           
       2.874055             0.00734773161            0.000558442632           
       2.876696             0.00654120291            0.000541155064           
       2.879336             0.00784182914            0.000571073507           
       2.881976             0.00676645043             0.00054714695           
       2.884617             0.00695016618            0.000546380949           
       2.887257             0.00733265399             0.00056411081           
       2.889897             0.00703691444            0.000541244495           
       2.892538             0.00694427287            0.000589019365           
       2.895178              0.0059934685            0.000494369221           
       2.897819             0.00588824899            0.000499857546           
       2.900459             0.00685053194            0.000528668776           
       2.903099             0.00787068231            0.000560866241           
       2.905740             0.00760479889            0.000565575051           
       2.908380             0.00623069381            0.000517751481           
       2.911021             0.00799860809            0.000596162282           
       2.913661             0.00629112425             0.00052855634           
       2.916301             0.00774817505            0.000587138868           
       2.918942             0.00642798704            0.000511534294           
       2.921582             0.00681829045            0.000551221681           
       2.924222             0.00664475536            0.000527188115           
       2.926863             0.00804310478            0.000604150832           
       2.929503             0.00715566431            0.000576598525           
       2.932144             0.00693378682            0.000544850503           
       2.934784             0.00612498002            0.000503691054           
       2.937424             0.00743471152            0.000560634789           
       2.940065             0.00666469332             0.00050634139           
       2.942705             0.00775029438            0.000545339859           
       2.945346             0.00717684897            0.000556921532           
       2.947986             0.00768036723            0.000587449987           
       2.950626             0.00675409918            0.000547786696           
       2.953267             0.00722487578            0.000557402114           
       2.955907             0.00759221032            0.000592745285           
       2.958547              0.0077533672            0.000565489787           
       2.961188             0.00696564292            0.000559191738           
       2.963828             0.00708865283            0.000551801571           
       2.966469             0.00732920135            0.000550423389           
       2.969109             0.00628892424            0.000517421257           
       2.971749              0.0068039081            0.000534832193           
       2.974390             0.00747774013            0.000550981412           
       2.977030             0.00696243299            0.000543539515           
       2.979670             0.00890198583            0.000597818906           
       2.982311             0.00914257313            0.000627926252           
       2.984951             0.00780947572            0.000551958023           
       2.987592             0.00719414483            0.000540377543           
       2.990232             0.00698239236             0.00055365429           
       2.992872             0.00800632078            0.000558441757           
       2.995513             0.00820178603            0.000552968769           
       2.998153              0.0108570384            0.000646901494           
       3.000794              0.0115439255            0.000646107697           
       3.003434              0.0117806096            0.000653683127           
       3.006074              0.0450255262             0.00126003524           
       3.008715               0.124078739             0.00201915841           
       3.011355               0.187733401              0.0023950524           
       3.013995              0.0966750552             0.00172338164           
       3.016636               0.063762773             0.00137055235           
       3.019276               0.130894494             0.00193026639           
       3.021917               0.484527026             0.00357097453           
       3.024557                1.60609996             0.00639210666           
       3.027197                1.14563284             0.00526334239           
       3.029838               0.512880256             0.00357160881           
       3.032478               0.264528039             0.00256763395           
       3.035118              0.0687344439             0.00132639309           
       3.037759              0.0963575356             0.00156843738           
       3.040399               0.130306108             0.00188142315           
       3.043040               0.534238559             0.00385622759           
       3.045680               0.390506551             0.00310193977           
       3.048320              0.0886338063             0.00150996216           
       3.050961               0.106993124             0.00168822385           
       3.053601              0.0900640835             0.00149179407           
       3.056242              0.0655637254             0.00135327147           
       3.058882              0.0572478129             0.00135647591           
       3.061522              0.0420844148             0.00114107729           
       3.064163              0.0545853214             0.00128318366           
       3.066803               0.117104652             0.00197868887           
       3.069443               0.115164942             0.00205299843           
       3.072084               0.041973259             0.00120685404           
       3.074724              0.0408685956             0.00132992649           
       3.077365              0.0806363951             0.00193380161           
       3.080005              0.0134778184            0.000795078745           
       3.082645              0.0115474695            0.000773124566           
       3.085286              0.0144547527             0.00087181509           
       3.087926              0.0090053763             0.00068282567           
       3.090566              0.0123182231            0.000782480413           
       3.093207              0.0110260432            0.000770361487           
       3.095847              0.0087432005            0.000657514154           
       3.098488             0.00729671463            0.000666036584           
       3.101128             0.00996354213            0.000783294948           
       3.103768              0.0104937587            0.000788743013           
       3.106409             0.00898770118            0.000776865273           
       3.109049             0.00791352643            0.000699551204           
       3.111690             0.00752243112            0.000670337293           
       3.114330             0.00740534051            0.000679248616           
       3.116970             0.00854565925            0.000735276074           
       3.119611              0.0103609993            0.000861781614           
       3.122251              0.0188609681             0.00121625326           
       3.124891              0.0368577227             0.00171606162           
       3.127532              0.0258083782             0.00140480836           
       3.130172              0.0149675689             0.00108830997           
       3.132813             0.00993279687            0.000872797025           
       3.135453             0.00736668567            0.000745454889           
       3.138093             0.00671177688            0.000770987169           
       3.140734             0.00770073047            0.000761898246           
       3.143374             0.00919782461            0.000880586268           
       3.146014             0.00593954419            0.000761795383           
       3.148655             0.00624215964            0.000725975342           
       3.151295             0.00546035962            0.000723572777           
       3.153936                0.00588752            0.000725773926           
       3.156576             0.00651680378            0.000753190186           
       3.159216             0.00499417419            0.000662652762           
       3.161857             0.00676154816            0.000767902625           
       3.164497              0.0079823239            0.000876660393           
       3.167138             0.00749490171             0.00087771314           
       3.169778              0.0064342002            0.000799825246           
       3.172418             0.00662570251            0.000803384949           
       3.175059             0.00657030179            0.000709250846           
       3.177699             0.00720803612            0.000786659572           
       3.180339             0.00559979588            0.000742891173           
       3.182980             0.00663578251            0.000836109252           
       3.185620             0.00677530854            0.000860411545           
       3.188261             0.00884741674             0.00100076415           
       3.190901             0.00582825113            0.000747039259           
       3.193541               0.005255539            0.000745394147           
       3.196182              0.0072340235            0.000911370166           
       3.198822             0.00562099515            0.000803631582           
       3.201463             0.00532263139            0.000768539331           
       3.204103              0.0062419463            0.000827203849           
       3.206743             0.00581127957             0.00079808225           
       3.209384             0.00639279015            0.000904372697           
       3.212024             0.00553646913            0.000784658521           
       3.214664             0.00632038549            0.000953346815           
       3.217305             0.00686603041            0.000944529825           
       3.219945             0.00549520495            0.000869719205           
       3.222586             0.00523182323            0.000808297159           
       3.225226             0.00490797836              0.0008684847           
       3.227866             0.00512699903            0.000811304512           
       3.230507             0.00509935578            0.000838735437           
       3.233147             0.00701201871            0.000991474735           
       3.235787             0.00483459775              0.0008425101           
       3.238428             0.00493448254            0.000918518966           
       3.241068             0.00626561811            0.000967796329           
       3.243709               0.005399709             0.00092822723           
       3.246349             0.00716340832             0.00097460823           
       3.248989             0.00441526451            0.000903475926           
       3.251630             0.00529280709             0.00095256636           
       3.254270             0.00587974041            0.000897298736           
       3.256911             0.00686074473             0.00105757831           
       3.259551             0.00546983889             0.00101663296           
       3.262191             0.00492052572            0.000984917392           
       3.264832             0.00686552546             0.00121558398           
       3.267472             0.00547483899             0.00101832492           
       3.270112             0.00575448477             0.00115376212           
       3.272753              0.0065967951             0.00113071808           
       3.275393             0.00606025568             0.00110581325           
       3.278034             0.00503644265             0.00100865513           
       3.280674             0.00928906679             0.00148645618           
       3.283314               0.006095747             0.00107693415           
       3.285955              0.0054804912             0.00105359259           
       3.288595             0.00450048382             0.00106220222           
       3.291235             0.00421908292             0.00105724621           
       3.293876             0.00572275115             0.00124900994           
       3.296516             0.00602239883             0.00123006936           
       3.299157             0.00561504823             0.00117281644           
       3.301797             0.00729263553             0.00152461859           
       3.304437             0.00526488937             0.00112233488           
       3.307078             0.00464522475             0.00116128814           
       3.309718             0.00399024707              0.0011109431           
       3.312359             0.00463770903             0.00119797244           
       3.314999             0.00476658926             0.00119577857           
       3.317639             0.00690342971             0.00137628549           
       3.320280              0.0055774254             0.00131525673           
       3.322920             0.00510076248             0.00127896884           
       3.325560             0.00797434878             0.00160023946           
       3.328201             0.00699501806             0.00134981305           
       3.330841             0.00577639206             0.00149286461           
       3.333482             0.00618783743             0.00146049085           
       3.336122             0.00620488136             0.00146317315           
       3.338762             0.00735924476             0.00184071191           
       3.341403             0.00588063789             0.00157228146           
       3.344043             0.00502250688             0.00139504073           
       3.346683             0.00686737469             0.00166537888           
       3.349324             0.00559457562             0.00169003102           
       3.351964             0.00797130981             0.00213324632           
       3.354605             0.00749669943             0.00236594923           
       3.357245             0.00780126162             0.00217726129           
       3.359885             0.00588035913             0.00151291883           
       3.362526             0.00359134586             0.00147856544           
       3.365166             0.00711609709             0.00196306057           
       3.367807              0.0071357568             0.00251578655           
       3.370447             0.00425491561             0.00161147239           
       3.373087             0.00342032772             0.00154503567           
       3.375728             0.00618419523             0.00234469024           
       3.378368             0.00383102422             0.00273886879           
       3.381008             0.00428849473             0.00216045067           
       3.383649             0.00557764236             0.00197652224           
       3.386289             0.00391586839             0.00196006719           
       3.388930             0.00745519657             0.00427789164           
       3.391570             0.00863169408              0.0032561975           
       3.394210             0.00393528326             0.00278240718           
       3.396851            -2.6301431e-05                         0           
       3.399491             0.00229758671             0.00237883615           
       3.402131             0.00479616215             0.00486263859           
       3.404772           -2.63509394e-05                         0           
       3.407412                       nan                       nan           
       3.410053             0.00923057927             0.00955418171           
       3.412693                       nan                       nan           
       3.415333             0.00896755063             0.00942606664           
