################################################################################
# EDF_DataBlockID                     0.Image.Psd
# EDF_BinarySize                      2105344
# EDF_HeaderSize                      2560
# ByteOrder                           LowByteFirst
# DataType                            FloatValue
# Dim_1                               512
# Dim_2                               1028
# Image                               0
# HeaderID                            EH:000000:000000:000000
# Size                                2105344
# Center_1                            304.9000
# Center_2                            588.7000
# Comment                             Xenocs_Cell_Window - front_window_open_only
# DDummy                              0.6
# Date                                2025-10-18T14:22:33
# Delta                               21.910000
# Dummy                               -1.5
# ExposureTime                        360
# Gamma                               15.360000
# Intensity1                          9.15378e-10
# PSize_1                             7.5e-05
# PSize_2                             7.5e-05
# Pressure                            0.033433
# SampleDistance                      0.115750
# SampleEnvKind                       large
# SampleEnvPN                         ElectroChemical cell
# SampleEnvSN                         1141
# Thickness                           0
# Wavelength                          1.541891e-10
# Wavelength                          1.54189e-10
# aux                                 0
# aux_dial                            0.002375
# beamx                               588.429
# beamx_dial                          588.429
# beamz                               657.855
# beamz_dial                          657.855
# det0x                               -0.000396875
# det0x_dial                          6.36905
# det0xvd                             -0.0005
# det0xvd_dial                        -0.0005
# det0y                               450.002
# det0y_dial                          481.635
# det0z                               0
# det0z_dial                          1.2295
# det0zvd                             0
# det0zvd_dial                        0
# mag                                 1.818
# mag_dial                            1.818
# om                                  0.2499
# om_dial                             -0.610199
# phi                                 -0.0120535
# phi_dial                            0
# ry                                  0.599993
# ry_dial                             0.599993
# s1bot                               0.8
# s1bot_dial                          -1.66094
# s1hl                                0.8
# s1hl_dial                           -0.608437
# s1hr                                0.8
# s1hr_dial                           0.970938
# s1top                               0.8
# s1top_dial                          -0.461562
# s2bot                               0.45
# s2bot_dial                          1.36109
# s2hl                                0.45
# s2hl_dial                           -0.83375
# s2hr                                0.45
# s2hr_dial                           -0.118594
# s2top                               0.45
# s2top_dial                          1.44734
# w2theta                             32
# w2theta_dial                        32
# waxsch                              19.2605
# waxsch_dial                         -32.7238
# waxsh                               137.085
# waxsh_dial                          -43.5335
# waxsth                              26.0607
# waxsth_dial                         -19.4068
# waxsz                               67.0407
# waxsz_dial                          -23.7962
# wind                                65.9854
# wind_dial                           66.0041
# wpsi                                124
# wpsi_dial                           124
# wstod                               115
# wstod_dial                          115
# x                                   0
# x_dial                              1.00969
# z                                   0
# z_dial                              13.3172
# CountCutoff                         6807993
# DetectorModel                       Dectris EIGER2 Si 500K, S/N E-01-0554
# ThresholdSetting                    4023.88989258
# Saturation                          0
# FlatField                           Corrected
# BackgroundReductionExtra            0.02
# BackgroundCorrectionConstant        0.0026712
# Detector                            0
# Monitor                             0
# Pil_Roi0                            0
# SumForIntensity1                    3.29536e+08
# TransmittedFlux                     915378
# det                                 0
# mon                                 0
# pilai0                              3.29536e+08
# pilai1                              711528
# pilct0                              5.69588e+08
# pilct1                              711528
# pilroi0                             0
# pilroi1                             0
# sec                                 1
# title                               20251017__1_00184.edf
# usaxs0                              0
# Operation                           Azimuthal average I(q)
# Error_model                         ErrorModel.poisson
# Geometrical_correction              True
# Transmission_correction             True
# Thickness_correction                False
# Binning mode                        Uniform
# Binning factor                      1.0
# Psi                                 0.0
# Omega                               0.2499
# MaskInvalidPixels                   True
# DetectorEdge                        3
# MaskFiles                           ['20251017__1_00233_mask.edf']
################################################################################
    q(A⁻¹)                Intensity(a.u.)            Sigma_I(a.u.)            
       0.690460           -2.21878767e-05                         0           
       0.693100              0.0107006623             0.00421500154           
       0.695741             0.00678733402              0.0028360125           
       0.698381              0.0049124872              0.0022566043           
       0.701021              0.0107706629             0.00272703542           
       0.703662             0.00915907869             0.00232775782           
       0.706302             0.00644464721             0.00188576394           
       0.708942             0.00678867517             0.00171919126           
       0.711583             0.00814931062             0.00188326991           
       0.714223              0.0054880437             0.00134674427           
       0.716864              0.0108553822             0.00193281649           
       0.719504              0.0072820041             0.00146511053           
       0.722144             0.00835101626             0.00151530581           
       0.724785             0.00788987893             0.00144873415           
       0.727425             0.00813260998             0.00136428897           
       0.730065             0.00552302152             0.00115683474           
       0.732706             0.00601902245             0.00108598489           
       0.735346             0.00653885929             0.00122265558           
       0.737987             0.00455104808            0.000882870073           
       0.740627             0.00529055747             0.00104279658           
       0.743267             0.00783703897             0.00109171785           
       0.745908             0.00744047733             0.00114003441           
       0.748548             0.00691724529             0.00102521359           
       0.751189             0.00652224762            0.000986132866           
       0.753829             0.00662137436             0.00100256137           
       0.756469             0.00801598121             0.00103751712           
       0.759110             0.00555392402             0.00089326535           
       0.761750             0.00620106909            0.000863837364           
       0.764390             0.00809936527             0.00105975131           
       0.767031             0.00652808684            0.000860922944           
       0.769671             0.00622987521            0.000891938996           
       0.772312             0.00671345531            0.000843751877           
       0.774952             0.00725320832            0.000940206154           
       0.777592             0.00516775337            0.000725878584           
       0.780233             0.00798211073            0.000951040075           
       0.782873             0.00593404309             0.00074984943           
       0.785513             0.00711543498            0.000873461654           
       0.788154             0.00601602165            0.000737705196           
       0.790794             0.00673999101            0.000808139067           
       0.793435             0.00666415567            0.000771830511           
       0.796075             0.00610051416            0.000742371146           
       0.798715             0.00599725746             0.00073185965           
       0.801356             0.00806477823             0.00082597488           
       0.803996             0.00712397904            0.000788709958           
       0.806637              0.0056508937            0.000663999412           
       0.809277             0.00731458981            0.000790320967           
       0.811917             0.00654688574            0.000707539086           
       0.814558             0.00646449104            0.000720252837           
       0.817198             0.00799133565            0.000763569502           
       0.819838             0.00655799255            0.000721528068           
       0.822479             0.00597290825            0.000634572849           
       0.825119             0.00711263469            0.000743895538           
       0.827760             0.00639584347            0.000653640817           
       0.830400              0.0067870899            0.000709445096           
       0.833040              0.0066059095            0.000653217093           
       0.835681             0.00696427821            0.000702367485           
       0.838321             0.00654083286            0.000637103656           
       0.840961             0.00675404579            0.000676695198           
       0.843602             0.00602838932            0.000602204996           
       0.846242             0.00723985531             0.00068324677           
       0.848883             0.00686132772            0.000647037276           
       0.851523             0.00695328886            0.000656240377           
       0.854163             0.00656102919            0.000630055452           
       0.856804             0.00713730734            0.000640328802           
       0.859444             0.00689695793            0.000633980588           
       0.862085             0.00744134085            0.000648946592           
       0.864725             0.00787975128            0.000665337849           
       0.867365             0.00706101831            0.000625314165           
       0.870006              0.0059980513            0.000584368968           
       0.872646             0.00710152606            0.000608181827           
       0.875286             0.00691098022            0.000620409859           
       0.877927             0.00726276989             0.00060894788           
       0.880567             0.00753706031            0.000632459079           
       0.883208             0.00637488955            0.000564859766           
       0.885848             0.00670672442             0.00059439979           
       0.888488             0.00730068041            0.000589662591           
       0.891129              0.0064303987            0.000581724623           
       0.893769             0.00721168026             0.00058232135           
       0.896410             0.00675726305            0.000581039599           
       0.899050             0.00674776637             0.00055984217           
       0.901690             0.00698255675            0.000581386347           
       0.904331             0.00762503454            0.000586333919           
       0.906971             0.00723215095            0.000589641663           
       0.909611             0.00735180266            0.000570619377           
       0.912252             0.00637853534            0.000540718366           
       0.914892              0.0070164982            0.000552750291           
       0.917533             0.00751726073            0.000585044752           
       0.920173             0.00676424128            0.000532353399           
       0.922813             0.00700438222            0.000566107767           
       0.925454              0.0056083883             0.00048075818           
       0.928094             0.00701601302            0.000549257787           
       0.930734             0.00630460414            0.000508240793           
       0.933375             0.00841882958            0.000599828617           
       0.936015             0.00680326905             0.00051592775           
       0.938656             0.00711149543              0.0005496112           
       0.941296              0.0067678276            0.000516863008           
       0.943936             0.00691765299            0.000531963862           
       0.946577             0.00694485372            0.000513320321           
       0.949217             0.00689739615            0.000529629916           
       0.951858             0.00821760123            0.000546524968           
       0.954498             0.00756789955            0.000551770951           
       0.957138             0.00702842101            0.000511081858           
       0.959779             0.00767849564            0.000545879157           
       0.962419             0.00669828585            0.000490827943           
       0.965059             0.00826642126            0.000560751118           
       0.967700             0.00697810786             0.00049854453           
       0.970340             0.00674369213            0.000503870821           
       0.972981             0.00688159755            0.000491450959           
       0.975621             0.00722023318             0.00051393788           
       0.978261              0.0065953344            0.000468661071           
       0.980902             0.00689755023            0.000502099377           
       0.983542             0.00806573705            0.000527146214           
       0.986182             0.00741166171            0.000511975125           
       0.988823             0.00787366713            0.000510664628           
       0.991463             0.00747345687            0.000509400293           
       0.994104             0.00729474102            0.000486308697           
       0.996744              0.0072605903            0.000500902471           
       0.999384             0.00727303075            0.000484316041           
       1.002025             0.00647961221            0.000469864232           
       1.004665             0.00698770974            0.000467951787           
       1.007306             0.00663030843            0.000471101417           
       1.009946             0.00681717202            0.000459317716           
       1.012586             0.00655289576             0.00046328057           
       1.015227             0.00754833945            0.000482174504           
       1.017867             0.00734197308            0.000489164994           
       1.020507             0.00731533376            0.000469895275           
       1.023148             0.00719968193            0.000471796643           
       1.025788             0.00790206355             0.00048921353           
       1.028429             0.00724582671            0.000478700511           
       1.031069             0.00766982073            0.000474506233           
       1.033709             0.00805249147            0.000495535885           
       1.036350             0.00810631839            0.000484152053           
       1.038990             0.00690031545             0.00045771589           
       1.041630             0.00727197605            0.000460841027           
       1.044271             0.00704092133            0.000453511626           
       1.046911             0.00752522208            0.000460138237           
       1.049552             0.00795311965             0.00049008674           
       1.052192             0.00754777607            0.000455964859           
       1.054832              0.0079303479             0.00047646683           
       1.057473             0.00815348354              0.0004770073           
       1.060113             0.00756385309            0.000464411037           
       1.062754             0.00839771809            0.000483928884           
       1.065394              0.0080864426             0.00046987906           
       1.068034              0.0079153229            0.000463081057           
       1.070675             0.00793838199            0.000471912005           
       1.073315             0.00814330391             0.00046335438           
       1.075955             0.00771935617            0.000458697954           
       1.078596             0.00788171194            0.000462580435           
       1.081236             0.00883070128            0.000482375046           
       1.083877             0.00723563402            0.000450282191           
       1.086517             0.00876601206            0.000484406936           
       1.089157             0.00887809272            0.000491068042           
       1.091798             0.00782562745            0.000451274736           
       1.094438             0.00861736116            0.000481079194           
       1.097078             0.00810974166            0.000454701878           
       1.099719             0.00836787038            0.000473719205           
       1.102359             0.00784896817            0.000434626502           
       1.105000             0.00899144024            0.000483504414           
       1.107640             0.00814722841            0.000445243857           
       1.110280             0.00865621538             0.00046813078           
       1.112921             0.00785689848            0.000437923765           
       1.115561             0.00827773887            0.000455203513           
       1.118202             0.00816212889             0.00043882074           
       1.120842             0.00875799453            0.000468878405           
       1.123482             0.00827579765            0.000443002319           
       1.126123             0.00777980568            0.000432202615           
       1.128763             0.00831525204             0.00044461211           
       1.131403             0.00826101749            0.000442470885           
       1.134044             0.00764497469            0.000424914453           
       1.136684              0.0082225751            0.000443985711           
       1.139325             0.00837093765            0.000435351435           
       1.141965             0.00735175444            0.000413324831           
       1.144605              0.0084677243            0.000446193126           
       1.147246             0.00858075761             0.00044065472           
       1.149886             0.00846997655            0.000440914553           
       1.152527             0.00813857097            0.000432635709           
       1.155167             0.00786858202            0.000419417939           
       1.157807              0.0087295737            0.000442073388           
       1.160448             0.00856053183            0.000443761984           
       1.163088             0.00754065572            0.000401038072           
       1.165728             0.00769434603            0.000421801982           
       1.168369             0.00831649001            0.000422868365           
       1.171009             0.00851935926             0.00043154338           
       1.173650              0.0086486308            0.000431669706           
       1.176290             0.00935156732            0.000454136395           
       1.178930             0.00945261503            0.000443748293           
       1.181571             0.00929603146             0.00045443054           
       1.184211             0.00909341411            0.000435876721           
       1.186851             0.00863145431             0.00042857641           
       1.189492             0.00893291671            0.000438417503           
       1.192132              0.0101402155            0.000460187403           
       1.194773             0.00838404877             0.00041592016           
       1.197413             0.00851599068            0.000422599523           
       1.200053             0.00865761758            0.000423418191           
       1.202694             0.00920504938            0.000433309549           
       1.205334              0.0093656828            0.000441851832           
       1.207975             0.00938331073            0.000433601827           
       1.210615             0.00911723644            0.000436448062           
       1.213255             0.00873959743            0.000416008861           
       1.215896             0.00914404736            0.000433591877           
       1.218536             0.00897777984            0.000417257336           
       1.221176             0.00863381598            0.000418952908           
       1.223817             0.00952010031            0.000430763914           
       1.226457             0.00894649068            0.000422889041           
       1.229098              0.0086701042            0.000409989874           
       1.231738               0.009713301            0.000440065451           
       1.234378             0.00968820504            0.000430957018           
       1.237019             0.00992823539            0.000439781808           
       1.239659             0.00988788522            0.000438649759           
       1.242299             0.00989953993            0.000436664355           
       1.244940              0.0092813592            0.000418246814           
       1.247580             0.00914514248            0.000416999441           
       1.250221              0.0093887946            0.000429414873           
       1.252861             0.00932931463            0.000412104767           
       1.255501             0.00989252559            0.000436343368           
       1.258142              0.0100695258            0.000431526348           
       1.260782              0.0095407481            0.000424787935           
       1.263423             0.00941527816            0.000413625217           
       1.266063              0.0103948362            0.000442710074           
       1.268703              0.0104394909            0.000432481947           
       1.271344               0.010311692            0.000439188231           
       1.273984             0.00940856551            0.000412965997           
       1.276624              0.0106262389            0.000436198765           
       1.279265             0.00955180704            0.000414461872           
       1.281905              0.0108988104            0.000445451119           
       1.284546              0.0105599842            0.000433682222           
       1.287186             0.00939038665            0.000409353723           
       1.289826              0.0093888439            0.000411442698           
       1.292467              0.0106310569            0.000430001713           
       1.295107              0.0101308066            0.000427161746           
       1.297747             0.00964083939            0.000405774142           
       1.300388             0.00991404257            0.000422049989           
       1.303028              0.0101108556            0.000415380264           
       1.305669             0.00996892168            0.000417783354           
       1.308309             0.00991879644              0.0004104657           
       1.310949              0.0100992567            0.000419345186           
       1.313590              0.0102295959            0.000415511063           
       1.316230             0.00996455145            0.000417474572           
       1.318871              0.0105134009            0.000419566638           
       1.321511              0.0103535229             0.00041845076           
       1.324151              0.0100350072            0.000413591724           
       1.326792             0.00959707707            0.000401190032           
       1.329432              0.0100777873            0.000413259417           
       1.332072              0.0102187222            0.000409003267           
       1.334713             0.00998613424            0.000409336173           
       1.337353              0.0107557736            0.000418282672           
       1.339994              0.0106821885            0.000422786804           
       1.342634              0.0104849049            0.000409434838           
       1.345274               0.012054999            0.000444761304           
       1.347915              0.0116098457            0.000437632631           
       1.350555              0.0103454518            0.000411501274           
       1.353195               0.011136153            0.000418769768           
       1.355836               0.011488885            0.000433375686           
       1.358476              0.0111780799            0.000426271249           
       1.361117              0.0100683776            0.000394410551           
       1.363757              0.0106715172            0.000419509055           
       1.366397               0.010729867            0.000407554859           
       1.369038              0.0103338898            0.000408394031           
       1.371678             0.00987987284            0.000391258755           
       1.374319              0.0108898393            0.000414028251           
       1.376959              0.0101228762            0.000393686722           
       1.379599               0.010933027            0.000417112135           
       1.382240               0.010129727            0.000393870393           
       1.384880              0.0106537774            0.000408889592           
       1.387520             0.00988652026            0.000389285623           
       1.390161              0.0103355134            0.000396945296           
       1.392801              0.0104273187            0.000401080687           
       1.395442              0.0099479492             0.00038769378           
       1.398082              0.0101884862            0.000393695589           
       1.400722              0.0101276711            0.000390745606           
       1.403363              0.0104910788            0.000401384836           
       1.406003              0.0107701783            0.000396702602           
       1.408644              0.0106736299            0.000403211347           
       1.411284              0.0109339025            0.000405859737           
       1.413924               0.010530373            0.000393387449           
       1.416565              0.0107373775            0.000396768241           
       1.419205               0.010461989            0.000395505024           
       1.421845              0.0102488049            0.000386533409           
       1.424486              0.0102045371             0.00038740048           
       1.427126              0.0103757817            0.000390391014           
       1.429767             0.00988373607            0.000375150434           
       1.432407              0.0107431394            0.000400973295           
       1.435047              0.0102244112            0.000379418125           
       1.437688              0.0100310635            0.000384135873           
       1.440328             0.00996982672            0.000375540249           
       1.442968             0.00996858142            0.000380715055           
       1.445609              0.0105561859            0.000385331203           
       1.448249              0.0104199538            0.000385312066           
       1.450890              0.0109637847            0.000392419705           
       1.453530              0.0108408698             0.00039310416           
       1.456170              0.0111214293            0.000397261999           
       1.458811              0.0100316205             0.00037429437           
       1.461451              0.0101866872            0.000379948738           
       1.464092              0.0103438776            0.000379531665           
       1.466732              0.0107440419            0.000384430825           
       1.469372              0.0103977095             0.00037702154           
       1.472013              0.0102327017            0.000380709503           
       1.474653               0.010339598            0.000373243526           
       1.477293              0.0104990746            0.000382441754           
       1.479934              0.0103039526            0.000374905868           
       1.482574              0.0100567945            0.000369468103           
       1.485215              0.0100569581            0.000370422493           
       1.487855              0.0105691205            0.000379659025           
       1.490495             0.00978522584            0.000364522189           
       1.493136              0.0098740927            0.000361371645           
       1.495776              0.0104993921            0.000379135162           
       1.498416              0.0103276813            0.000368717082           
       1.501057              0.0104708273             0.00037445693           
       1.503697              0.0104035077            0.000369662549           
       1.506338             0.00965950359            0.000358818737           
       1.508978              0.0105794936            0.000373300289           
       1.511618              0.0101883361            0.000366149109           
       1.514259              0.0100927159             0.00036508503           
       1.516899              0.0104713974            0.000372044183           
       1.519540             0.00979083702             0.00035775468           
       1.522180             0.00935966853            0.000345420325           
       1.524820              0.0100963887            0.000366003266           
       1.527461              0.0102105192            0.000359923803           
       1.530101              0.0101249926            0.000362118959           
       1.532741              0.0100065043            0.000358288264           
       1.535382              0.0116091124            0.000386764195           
       1.538022               0.013969167            0.000420506258           
       1.540663              0.0120974813            0.000395020771           
       1.543303              0.0101934261             0.00035809161           
       1.545943             0.00993616424            0.000355525354           
       1.548584               0.010257167            0.000363146122           
       1.551224             0.00959465697            0.000342218245           
       1.553864             0.00971511721            0.000353355658           
       1.556505             0.00995767414            0.000352236463           
       1.559145             0.00980901631            0.000350405512           
       1.561786             0.00993335635            0.000351021947           
       1.564426             0.00941526174             0.00034143655           
       1.567066              0.0089669989            0.000330608753           
       1.569707              0.0099665293            0.000353594228           
       1.572347             0.00989334623            0.000347722902           
       1.574988              0.0093140027            0.000336053467           
       1.577628              0.0103014349            0.000361375462           
       1.580268              0.0093488377            0.000332381222           
       1.582909             0.00919303786            0.000335764854           
       1.585549             0.00967949683            0.000341314233           
       1.588189             0.00910445546             0.00033471775           
       1.590830              0.0093374265            0.000333154509           
       1.593470             0.00927603806            0.000334769226           
       1.596111             0.00952221315            0.000336251541           
       1.598751             0.00900368854            0.000330310752           
       1.601391             0.00880812252            0.000324614976           
       1.604032             0.00907138791            0.000326679432           
       1.606672             0.00901737965            0.000332260906           
       1.609312             0.00859314149             0.00031469974           
       1.611953             0.00889308776            0.000324784633           
       1.614593             0.00897954634             0.00032387739           
       1.617234              0.0084641038            0.000316226835           
       1.619874             0.00901295051            0.000322479634           
       1.622514             0.00846135653            0.000315219355           
       1.625155               0.009031285            0.000324857047           
       1.627795             0.00811981498            0.000304915604           
       1.630436             0.00867618504            0.000318357049           
       1.633076             0.00882641765            0.000319470073           
       1.635716             0.00935827166            0.000328380796           
       1.638357             0.00860487932            0.000313547398           
       1.640997             0.00873726026            0.000318420909           
       1.643637              0.0086648702             0.00031121085           
       1.646278             0.00855907856            0.000313934984           
       1.648918             0.00912507225            0.000319969817           
       1.651559             0.00866289739            0.000315681315           
       1.654199             0.00801237685             0.00029943585           
       1.656839             0.00818672568            0.000302594675           
       1.659480             0.00889574674            0.000318203943           
       1.662120              0.0083200273            0.000303611124           
       1.664761             0.00930426069            0.000324543669           
       1.667401             0.00850809349            0.000307456399           
       1.670041             0.00894601264            0.000315630436           
       1.672682             0.00811464212            0.000297778142           
       1.675322             0.00836790028            0.000307735798           
       1.677962             0.00849287239            0.000303868148           
       1.680603             0.00862421973            0.000308926472           
       1.683243             0.00830449912            0.000300903479           
       1.685884             0.00872446374             0.00030959174           
       1.688524             0.00878246559            0.000309745224           
       1.691164             0.00827062561            0.000299811213           
       1.693805             0.00818054497            0.000300585248           
       1.696445              0.0085416573             0.00030288493           
       1.699085             0.00823948887            0.000298666939           
       1.701726             0.00795403805            0.000289630761           
       1.704366             0.00861023234            0.000308673349           
       1.707007             0.00870993307            0.000303830397           
       1.709647             0.00791694352            0.000293268536           
       1.712287             0.00818959266            0.000293290917           
       1.714928             0.00844237143             0.00030077716           
       1.717568             0.00844765112              0.0002981045           
       1.720209             0.00825530513            0.000296510914           
       1.722849             0.00816351813            0.000295330691           
       1.725489             0.00825233456            0.000292200128           
       1.728130             0.00855857378            0.000303630075           
       1.730770             0.00841516968            0.000294711577           
       1.733410             0.00832129198            0.000296910333           
       1.736051             0.00794335615            0.000285586715           
       1.738691             0.00846242186            0.000297778787           
       1.741332             0.00858967456            0.000298162539           
       1.743972             0.00828246336            0.000292890671           
       1.746612             0.00872557845            0.000300692636           
       1.749253             0.00852287752            0.000298463761           
       1.751893             0.00863989468            0.000298702815           
       1.754533             0.00847340751            0.000291750927           
       1.757174             0.00794772352            0.000287838875           
       1.759814             0.00870556504            0.000296656938           
       1.762455             0.00796116767            0.000286105433           
       1.765095             0.00829804615            0.000287994042           
       1.767735             0.00803045536            0.000288126597           
       1.770376             0.00834354082            0.000289235658           
       1.773016             0.00768506177            0.000278025856           
       1.775657             0.00774674839            0.000279711351           
       1.778297             0.00806755914            0.000286840745           
       1.780937             0.00826329233            0.000288944854           
       1.783578             0.00823152287            0.000287034683           
       1.786218             0.00803071015            0.000288036023           
       1.788858             0.00784441005             0.00027760259           
       1.791499             0.00852876946            0.000294793435           
       1.794139             0.00907129573            0.000298410876           
       1.796780             0.00881438243            0.000295902617           
       1.799420             0.00822291258            0.000285438414           
       1.802060             0.00925270847              0.0002990607           
       1.804701             0.00898439315            0.000298646181           
       1.807341             0.00899976649            0.000296013408           
       1.809981             0.00916671074            0.000300730344           
       1.812622             0.00895717109            0.000295653689           
       1.815262             0.00901590617            0.000297679079           
       1.817903             0.00873932241            0.000289456683           
       1.820543             0.00957455172            0.000306717762           
       1.823183             0.00877731843            0.000289145815           
       1.825824             0.00823725791            0.000284321534           
       1.828464             0.00817977741            0.000282458484           
       1.831105             0.00837073751            0.000286842733           
       1.833745             0.00862872755            0.000291047724           
       1.836385             0.00793019288            0.000277933117           
       1.839026             0.00843158564            0.000290892785           
       1.841666               0.008068929            0.000280873102           
       1.844306             0.00830900744            0.000288619238           
       1.846947             0.00819645773            0.000282974049           
       1.849587             0.00865807302            0.000294777827           
       1.852228             0.00831492098            0.000285804743           
       1.854868             0.00863963938            0.000296675224           
       1.857508             0.00805067652            0.000281096555           
       1.860149             0.00800387159            0.000282524807           
       1.862789              0.0084747975            0.000292003918           
       1.865429              0.0086655871            0.000296162716           
       1.868070             0.00825868453             0.00028812673           
       1.870710             0.00776508724            0.000280144694           
       1.873351             0.00803342884            0.000286763234           
       1.875991             0.00819663849            0.000291228445           
       1.878631             0.00832315929            0.000290739836           
       1.881272             0.00841956454            0.000291733794           
       1.883912             0.00838095863            0.000294477733           
       1.886553              0.0083387022            0.000290210937           
       1.889193             0.00803719065            0.000288207137           
       1.891833             0.00826037816            0.000288856406           
       1.894474             0.00794646053            0.000285556856           
       1.897114             0.00779760641            0.000280675534           
       1.899754             0.00820293093            0.000291106478           
       1.902395             0.00845550874            0.000295617262           
       1.905035             0.00820646382            0.000290089921           
       1.907676             0.00835876897            0.000293109821           
       1.910316             0.00813922782            0.000291079186           
       1.912956             0.00830595907             0.00029403375           
       1.915597             0.00820782493            0.000289244343           
       1.918237              0.0084615937            0.000298139749           
       1.920878             0.00813818376            0.000287212117           
       1.923518             0.00812556764            0.000294614315           
       1.926158             0.00852691666            0.000294867489           
       1.928799              0.0079768838            0.000288988537           
       1.931439             0.00865264357            0.000298568483           
       1.934079             0.00783364756            0.000286964049           
       1.936720             0.00806932852            0.000289534605           
       1.939360             0.00823523211            0.000295314866           
       1.942001             0.00816554582            0.000292931484           
       1.944641             0.00811163329            0.000290704748           
       1.947281             0.00899412477            0.000307588857           
       1.949922             0.00786479886            0.000287990516           
       1.952562             0.00777949087            0.000288889066           
       1.955202             0.00791245419            0.000284027354           
       1.957843             0.00802491978             0.00029512529           
       1.960483             0.00817788655            0.000293172649           
       1.963124             0.00767106473            0.000283732157           
       1.965764             0.00775864488            0.000285449257           
       1.968404             0.00758811458            0.000287342865           
       1.971045             0.00850275781            0.000296543272           
       1.973685             0.00758322038            0.000285275721           
       1.976326             0.00806009417            0.000292826533           
       1.978966             0.00793245815            0.000291873382           
       1.981606             0.00778634957            0.000286114705           
       1.984247             0.00785529952            0.000289884571           
       1.986887             0.00817066865            0.000298411348           
       1.989527             0.00874861466            0.000302351945           
       1.992168              0.0079232843            0.000294679255           
       1.994808             0.00755599924            0.000284421079           
       1.997449               0.007559188            0.000284063902           
       2.000089             0.00773121211            0.000285586343           
       2.002729             0.00803145432            0.000297748815           
       2.005370             0.00751248171            0.000282494164           
       2.008010             0.00770930787             0.00028997029           
       2.010650             0.00753709895             0.00028589315           
       2.013291             0.00787327544            0.000293862604           
       2.015931              0.0072161678            0.000279318974           
       2.018572             0.00775053321            0.000293320803           
       2.021212             0.00788220467            0.000293147143           
       2.023852             0.00778407996            0.000292847098           
       2.026493             0.00786309738            0.000293039862           
       2.029133             0.00720641883              0.0002783966           
       2.031774             0.00731409141            0.000283188572           
       2.034414             0.00754221046            0.000285854674           
       2.037054             0.00768348949            0.000292157546           
       2.039695             0.00740366971            0.000281139283           
       2.042335             0.00780186241            0.000293512938           
       2.044975             0.00730837431            0.000281808192           
       2.047616             0.00782723917            0.000292889988           
       2.050256             0.00769283016            0.000286948809           
       2.052897             0.00793999402            0.000300156098           
       2.055537             0.00788520216            0.000290963518           
       2.058177             0.00711636366             0.00027885638           
       2.060818             0.00751368449             0.00028739543           
       2.063458             0.00749713204            0.000287474096           
       2.066098             0.00752644262            0.000286757263           
       2.068739             0.00744605088            0.000288195604           
       2.071379             0.00777271569            0.000290101114           
       2.074020             0.00797881219            0.000297946946           
       2.076660             0.00737151736            0.000284442433           
       2.079300             0.00784217847            0.000293340059           
       2.081941             0.00742611011            0.000287187804           
       2.084581             0.00746567676            0.000288165159           
       2.087222             0.00726158231            0.000284392585           
       2.089862             0.00732284383            0.000282030096           
       2.092502             0.00771409875            0.000294725995           
       2.095143             0.00708748117            0.000278464697           
       2.097783              0.0075176362            0.000291154587           
       2.100423             0.00704887406            0.000276525103           
       2.103064             0.00757322869            0.000291574571           
       2.105704             0.00687974263            0.000276841103           
       2.108345             0.00710366641            0.000282601871           
       2.110985             0.00708676077            0.000278300716           
       2.113625             0.00724171858            0.000285759405           
       2.116266             0.00772396521              0.0002929365           
       2.118906             0.00757643125              0.0002899144           
       2.121546             0.00700745608            0.000278594584           
       2.124187             0.00750210881            0.000292246959           
       2.126827             0.00732653711            0.000284277678           
       2.129468             0.00730336369            0.000286789677           
       2.132108             0.00781992408            0.000296144536           
       2.134748             0.00695419725            0.000278218596           
       2.137389             0.00789879237            0.000298995976           
       2.140029             0.00735388501            0.000287797799           
       2.142670             0.00704250976            0.000282099182           
       2.145310             0.00737633947            0.000289810824           
       2.147950             0.00773338948            0.000297889208           
       2.150591             0.00702619707            0.000281338226           
       2.153231              0.0073406106            0.000291815534           
       2.155871             0.00712607655            0.000283367242           
       2.158512             0.00738050781            0.000293578005           
       2.161152             0.00728670569            0.000284419658           
       2.163793             0.00748734504            0.000292999996           
       2.166433             0.00713449656            0.000281052992           
       2.169073             0.00735312311             0.00029198845           
       2.171714             0.00746893338            0.000288287745           
       2.174354             0.00692345385            0.000281802307           
       2.176995             0.00727649479            0.000286501361           
       2.179635             0.00744435572            0.000295271432           
       2.182275             0.00767902011            0.000293936114           
       2.184916             0.00732028223            0.000293053602           
       2.187556             0.00691568687            0.000280254224           
       2.190196             0.00758880096            0.000298190767           
       2.192837             0.00734361189            0.000290121871           
       2.195477             0.00742741877            0.000294587134           
       2.198118             0.00733254548            0.000287295894           
       2.200758             0.00736094944            0.000292321937           
       2.203398             0.00776338398            0.000295227992           
       2.206039             0.00716670978            0.000287991598           
       2.208679             0.00690281985            0.000279872963           
       2.211319             0.00685356864            0.000280185383           
       2.213960             0.00711088386            0.000282362201           
       2.216600             0.00740395279             0.00029491072           
       2.219241             0.00674840477            0.000277459131           
       2.221881             0.00773708316            0.000298637931           
       2.224521              0.0069287041            0.000281626411           
       2.227162             0.00712836907            0.000290142173           
       2.229802             0.00707993687            0.000284461165           
       2.232443             0.00704093051            0.000284791714           
       2.235083             0.00685721653             0.00027936645           
       2.237723             0.00727179149            0.000289892207           
       2.240364             0.00739492647             0.00029084937           
       2.243004              0.0071973671            0.000287804837           
       2.245644             0.00728940841            0.000288970397           
       2.248285             0.00739944075            0.000293033185           
       2.250925             0.00739733957            0.000291621493           
       2.253566             0.00741574004            0.000292697923           
       2.256206             0.00725314035            0.000288604148           
       2.258846             0.00764896844             0.00029637723           
       2.261487             0.00680707077            0.000280074878           
       2.264127               0.006813708            0.000282862679           
       2.266767             0.00699341201            0.000281936702           
       2.269408             0.00705163468            0.000286470301           
       2.272048             0.00715966324            0.000286880644           
       2.274689              0.0074602983            0.000293993321           
       2.277329             0.00757464161            0.000295844118           
       2.279969             0.00709820995            0.000287257018           
       2.282610             0.00731567107            0.000288780104           
       2.285250             0.00673901801            0.000281524192           
       2.287891             0.00672988664            0.000278494433           
       2.290531             0.00731805523            0.000291841378           
       2.293171             0.00749395368            0.000295313375           
       2.295812             0.00660840859            0.000275844844           
       2.298452             0.00762140437            0.000298130629           
       2.301092             0.00634755233            0.000273805546           
       2.303733              0.0070206656            0.000282261752           
       2.306373              0.0070251889            0.000289258766           
       2.309014             0.00704373098            0.000284058829           
       2.311654             0.00698788302            0.000285615616           
       2.314294              0.0073596036            0.000292473948           
       2.316935             0.00705977874            0.000287586566           
       2.319575             0.00686824778            0.000282596455           
       2.322215             0.00701634633            0.000289697111           
       2.324856             0.00667994846            0.000275568625           
       2.327496             0.00673611265            0.000283506588           
       2.330137             0.00714117825            0.000286522789           
       2.332777             0.00697352656             0.00028623625           
       2.335417              0.0073753528            0.000293483754           
       2.338058             0.00720464131            0.000291228289           
       2.340698               0.006828405            0.000280730648           
       2.343339             0.00699804932            0.000289619729           
       2.345979             0.00724995667            0.000288903957           
       2.348619             0.00745104881             0.00029841424           
       2.351260             0.00732891585            0.000289667177           
       2.353900             0.00693576475            0.000287759699           
       2.356540             0.00753181546            0.000295745549           
       2.359181             0.00674793832            0.000283676197           
       2.361821             0.00684585923            0.000282245647           
       2.364462              0.0076698032             0.00030374119           
       2.367102             0.00688351658            0.000279429868           
       2.369742             0.00732762091            0.000298634858           
       2.372383             0.00695290708            0.000282419022           
       2.375023             0.00686290671             0.00028789563           
       2.377663             0.00725356357            0.000289686501           
       2.380304             0.00691229962            0.000286712637           
       2.382944             0.00685173151            0.000282661703           
       2.385585              0.0074714766            0.000297958936           
       2.388225             0.00688686164            0.000284771934           
       2.390865             0.00728972979             0.00029373311           
       2.393506             0.00703127709            0.000287149616           
       2.396146             0.00731135638            0.000293783364           
       2.398787             0.00744286485            0.000296672984           
       2.401427             0.00737528411            0.000293529834           
       2.404067             0.00698344261            0.000289985463           
       2.406708             0.00718899527            0.000290524185           
       2.409348             0.00681230095            0.000284937727           
       2.411988              0.0071718704             0.00029142715           
       2.414629             0.00690928621            0.000286978293           
       2.417269              0.0076376758            0.000298986125           
       2.419910             0.00755667575            0.000301146878           
       2.422550             0.00717525962            0.000288993938           
       2.425190              0.0068845158            0.000291991024           
       2.427831             0.00765798864            0.000296375183           
       2.430471             0.00666327509            0.000284538727           
       2.433112             0.00703370746            0.000285442823           
       2.435752             0.00680954745            0.000287967782           
       2.438392              0.0072311118            0.000291759895           
       2.441033             0.00726557127            0.000293794389           
       2.443673             0.00679905868            0.000284964783           
       2.446313             0.00731404428            0.000293985226           
       2.448954             0.00715512261            0.000293325231           
       2.451594             0.00710162098             0.00029047311           
       2.454235             0.00685846688            0.000284568791           
       2.456875             0.00749439161            0.000298975934           
       2.459515             0.00757604195            0.000301063665           
       2.462156             0.00824102122            0.000312379947           
       2.464796             0.00793752861            0.000311981726           
       2.467436             0.00807281064            0.000308031832           
       2.470077             0.00823735806            0.000315445988           
       2.472717             0.00762780092            0.000299752134           
       2.475358             0.00716256077            0.000293757826           
       2.477998             0.00775448981            0.000304024571           
       2.480638             0.00766696813            0.000303038533           
       2.483279             0.00712880509            0.000293464871           
       2.485919             0.00725101897             0.00029389735           
       2.488560              0.0073612131             0.00029735041           
       2.491200             0.00732957465            0.000296303916           
       2.493840              0.0072586705            0.000293261829           
       2.496481             0.00652122275            0.000281600811           
       2.499121             0.00726360762            0.000293240737           
       2.501761              0.0071600656            0.000296086948           
       2.504402             0.00758173904            0.000298841944           
       2.507042             0.00708186833            0.000293623704           
       2.509683              0.0073489772            0.000296385842           
       2.512323             0.00689714894            0.000288254443           
       2.514963              0.0107760897            0.000361022833           
       2.517604              0.0209608265            0.000501538999           
       2.520244              0.0491018194             0.00076779317           
       2.522884              0.0115382436            0.000371376356           
       2.525525              0.0101559054            0.000351282468           
       2.528165              0.0164759375            0.000445383597           
       2.530806              0.0199816198            0.000488642458           
       2.533446              0.0107337407            0.000361321515           
       2.536086              0.0144626969            0.000415893963           
       2.538727              0.0152716405            0.000430106631           
       2.541367              0.0105376517             0.00035625551           
       2.544008              0.0122066886            0.000383757034           
       2.546648             0.00719685492            0.000294999759           
       2.549288              0.0071486765            0.000294053005           
       2.551929             0.00708843022            0.000293778505           
       2.554569             0.00727198353            0.000294838708           
       2.557209             0.00733807989            0.000299522018           
       2.559850             0.00726796963            0.000294659965           
       2.562490             0.00713661011            0.000294111015           
       2.565131             0.00735456654            0.000299087877           
       2.567771             0.00688039308            0.000287752431           
       2.570411             0.00667571384            0.000286889223           
       2.573052             0.00727071654            0.000295906624           
       2.575692             0.00731612538            0.000297616629           
       2.578332              0.0068731945            0.000287614722           
       2.580973             0.00729922503            0.000298797695           
       2.583613             0.00731623594            0.000296419602           
       2.586254             0.00749190846            0.000302610903           
       2.588894              0.0069650754            0.000290220697           
       2.591534             0.00666856116            0.000284498275           
       2.594175             0.00722401201            0.000297828659           
       2.596815             0.00759153528            0.000302472091           
       2.599456             0.00691761753            0.000291096914           
       2.602096             0.00623571889            0.000275343168           
       2.604736             0.00700582944            0.000292616181           
       2.607377             0.00681404849            0.000287479703           
       2.610017             0.00655994613            0.000281970032           
       2.612657             0.00689086651            0.000291036046           
       2.615298             0.00683115666            0.000286937903           
       2.617938             0.00737007877            0.000300648888           
       2.620579             0.00720067465            0.000294746033           
       2.623219              0.0073238523            0.000302011234           
       2.625859             0.00708808179            0.000292102839           
       2.628500             0.00682126637             0.00029113202           
       2.631140             0.00698879446            0.000289488749           
       2.633780             0.00695480851            0.000292493172           
       2.636421             0.00718479451            0.000294584769           
       2.639061             0.00696294827            0.000293468504           
       2.641702             0.00744588226            0.000300230904           
       2.644342              0.0070534455            0.000294608989           
       2.646982             0.00764059299            0.000306365605           
       2.649623             0.00747478484            0.000304839741           
       2.652263             0.00736586777            0.000300202681           
       2.654904             0.00740483786            0.000302630097           
       2.657544             0.00707346875            0.000293700192           
       2.660184             0.00683171347            0.000289006752           
       2.662825             0.00758024348            0.000305157796           
       2.665465             0.00720343836            0.000298026786           
       2.668105             0.00735197747            0.000301203064           
       2.670746             0.00694188109            0.000290205422           
       2.673386              0.0065323869            0.000284927721           
       2.676027             0.00723745214            0.000297360907           
       2.678667             0.00693214641            0.000292534306           
       2.681307             0.00735590321            0.000298973284           
       2.683948             0.00755157196            0.000305931984           
       2.686588             0.00697190673            0.000291258251           
       2.689229             0.00688735658            0.000292084877           
       2.691869             0.00677524901            0.000286806318           
       2.694509             0.00741169686              0.0003040887           
       2.697150             0.00701398568            0.000291096164           
       2.699790              0.0070548848            0.000298007958           
       2.702430             0.00724205408            0.000296146246           
       2.705071             0.00627540235            0.000279447068           
       2.707711             0.00703719539            0.000292988446           
       2.710352             0.00697923896            0.000293440228           
       2.712992             0.00644680066            0.000282942027           
       2.715632             0.00696786844            0.000292481141           
       2.718273             0.00643320502            0.000281968749           
       2.720913             0.00748715053            0.000304698306           
       2.723553             0.00689344002            0.000291352007           
       2.726194             0.00724039099             0.00030003403           
       2.728834              0.0070215848             0.00029283922           
       2.731475             0.00737347886             0.00030271017           
       2.734115             0.00675733614            0.000288060005           
       2.736755             0.00711901499             0.00029762307           
       2.739396             0.00706666954            0.000294958825           
       2.742036             0.00711076401            0.000297897159           
       2.744677             0.00768313268            0.000310107231           
       2.747317             0.00766387479            0.000308213669           
       2.749957             0.00735146678            0.000304056247           
       2.752598             0.00691566218            0.000295794218           
       2.755238             0.00705956967             0.00029872126           
       2.757878             0.00689160103            0.000294305778           
       2.760519             0.00741399139            0.000302033327           
       2.763159             0.00647435363            0.000286834772           
       2.765800             0.00697138894            0.000292599363           
       2.768440             0.00678801972            0.000292529099           
       2.771080              0.0071453689              0.0002976011           
       2.773721             0.00687813158            0.000295564935           
       2.776361             0.00686888018            0.000292193764           
       2.779001             0.00639988522            0.000285006895           
       2.781642             0.00678909284             0.00029154231           
       2.784282             0.00659224115            0.000287384765           
       2.786923             0.00675514471            0.000288701436           
       2.789563             0.00757439607            0.000306321278           
       2.792203             0.00716602578            0.000299845868           
       2.794844             0.00649531128             0.00028417001           
       2.797484             0.00684815059            0.000292197435           
       2.800125             0.00687354967            0.000292360499           
       2.802765             0.00683537477             0.00029695223           
       2.805405             0.00670867511            0.000289940626           
       2.808046             0.00709469638            0.000302737574           
       2.810686             0.00711284124            0.000299894517           
       2.813326             0.00645427879            0.000289208486           
       2.815967              0.0072943697            0.000305517056           
       2.818607             0.00653859268            0.000292148406           
       2.821248              0.0065196104            0.000288086544           
       2.823888              0.0065411121               0.000293209           
       2.826528             0.00697223963            0.000300911511           
       2.829169             0.00693223507             0.00029872233           
       2.831809             0.00648246405            0.000289122206           
       2.834449             0.00682166452            0.000291413111           
       2.837090             0.00724126639            0.000302048662           
       2.839730             0.00690792753             0.00029291958           
       2.842371             0.00699944932            0.000296907988           
       2.845011             0.00724525471            0.000301402668           
       2.847651             0.00664670139            0.000289214582           
       2.850292             0.00669225808            0.000288555133           
       2.852932             0.00694303763            0.000294438987           
       2.855573             0.00651651125            0.000287756873           
       2.858213             0.00721828144            0.000299457084           
       2.860853             0.00670672251            0.000290811385           
       2.863494             0.00705690713            0.000299025281           
       2.866134             0.00649794714            0.000290963269           
       2.868774             0.00681335693            0.000293380505           
       2.871415             0.00735805177            0.000307899777           
       2.874055             0.00692510388            0.000300183659           
       2.876696             0.00689907481            0.000296921033           
       2.879336             0.00684689774            0.000297759616           
       2.881976             0.00671658244            0.000294669689           
       2.884617             0.00682292586            0.000295343431           
       2.887257             0.00715613334             0.00030036026           
       2.889897             0.00729611671            0.000306760017           
       2.892538             0.00663446166            0.000290491919           
       2.895178             0.00731569165            0.000301930755           
       2.897819             0.00681669411            0.000294449239           
       2.900459             0.00663603372            0.000288115811           
       2.903099              0.0071789526            0.000301234748           
       2.905740             0.00711434977            0.000296528951           
       2.908380             0.00676064442            0.000292917141           
       2.911021             0.00725047809            0.000303919713           
       2.913661             0.00672154796              0.0002894039           
       2.916301             0.00655543075            0.000289871189           
       2.918942             0.00685510005             0.00029195069           
       2.921582              0.0066037915            0.000289555645           
       2.924222             0.00687636662            0.000293757226           
       2.926863             0.00657061097            0.000287914785           
       2.929503             0.00702947055            0.000301104269           
       2.932144             0.00670683891            0.000289289471           
       2.934784             0.00766778123             0.00031063493           
       2.937424             0.00731818912            0.000304032337           
       2.940065             0.00705350357            0.000298726485           
       2.942705             0.00660725144            0.000290000885           
       2.945346             0.00683964049            0.000293314002           
       2.947986             0.00688226526            0.000295255464           
       2.950626             0.00688356879            0.000296191343           
       2.953267              0.0088416544            0.000332119164           
       2.955907              0.0106472742            0.000369275535           
       2.958547             0.00887467052            0.000333680849           
       2.961188             0.00802771626            0.000320129742           
       2.963828             0.00743841285             0.00030640933           
       2.966469             0.00677269869            0.000292449496           
       2.969109             0.00689403443            0.000296566559           
       2.971749             0.00759088103            0.000310278916           
       2.974390             0.00840670363            0.000327422953           
       2.977030             0.00981101726            0.000353041661           
       2.979670             0.00961616588            0.000347264894           
       2.982311             0.00776060225            0.000314217683           
       2.984951             0.00782780887             0.00031639127           
       2.987592             0.00752785286             0.00030922288           
       2.990232             0.00751063683            0.000309657788           
       2.992872             0.00723878073            0.000301623502           
       2.995513             0.00868316562            0.000332942782           
       2.998153               0.008842057            0.000338142767           
       3.000794              0.0109606497            0.000371001377           
       3.003434              0.0311686426            0.000632262073           
       3.006074              0.0592521133            0.000874555773           
       3.008715              0.0319470498            0.000647061356           
       3.011355               0.023939641            0.000565955254           
       3.013995               0.019949761            0.000514118373           
       3.016636              0.0313665297            0.000645863941           
       3.019276               0.150000588             0.00144614133           
       3.021917               0.255658019             0.00185594534           
       3.024557               0.131074938             0.00133951848           
       3.027197               0.113558336             0.00126773076           
       3.029838               0.108850695              0.0012352401           
       3.032478              0.0579908554            0.000906990886           
       3.035118              0.0425778631            0.000781168723           
       3.037759              0.0949744633             0.00116874713           
       3.040399               0.160740476             0.00153787498           
       3.043040              0.0675178577             0.00100638812           
       3.045680              0.0581091631            0.000919258926           
       3.048320               0.104560243             0.00125288882           
       3.050961               0.273872626             0.00204803194           
       3.053601              0.0821203782             0.00111651104           
       3.056242              0.0484266117            0.000862899719           
       3.058882               0.210624392             0.00182635631           
       3.061522               0.185802505              0.0017034818           
       3.064163              0.0264206494            0.000643536215           
       3.066803              0.0202937095              0.0005749099           
       3.069443              0.0358763241            0.000759313079           
       3.072084              0.0935782173             0.00123723778           
       3.074724              0.0276706306            0.000676756228           
       3.077365              0.0102249433            0.000411094949           
       3.080005              0.0101876318            0.000414894628           
       3.082645             0.00945652457              0.0004017655           
       3.085286             0.00822742721            0.000374815972           
       3.087926              0.0074741989            0.000359519819           
       3.090566             0.00748087894            0.000363385383           
       3.093207              0.0076359463             0.00036316573           
       3.095847              0.0079155225            0.000377504765           
       3.098488             0.00742130385            0.000364866981           
       3.101128             0.00777719121            0.000375547774           
       3.103768             0.00963563432            0.000420372025           
       3.106409             0.00992893708            0.000429580158           
       3.109049              0.0102102918            0.000439010601           
       3.111690              0.0117291242            0.000468678848           
       3.114330              0.0110999834             0.00045999263           
       3.116970               0.012748798            0.000499832337           
       3.119611              0.0164715626            0.000564445498           
       3.122251              0.0133557587            0.000512425952           
       3.124891               0.010443854            0.000455334481           
       3.127532             0.00821311425             0.00041106239           
       3.130172             0.00821592107             0.00040267496           
       3.132813              0.0081938148            0.000410317238           
       3.135453             0.00952279723            0.000451673716           
       3.138093             0.00756404256            0.000392998328           
       3.140734             0.00598922919            0.000356211189           
       3.143374             0.00629197451            0.000370684363           
       3.146014             0.00632354425            0.000368915605           
       3.148655             0.00621056219            0.000368483537           
       3.151295             0.00598447594            0.000364577366           
       3.153936             0.00616373013            0.000375459323           
       3.156576              0.0065571072            0.000382809698           
       3.159216             0.00712328623            0.000402257868           
       3.161857             0.00587311604            0.000369737793           
       3.164497             0.00663342704            0.000401227382           
       3.167138             0.00568089847            0.000362396214           
       3.169778              0.0055062995            0.000363226143           
       3.172418             0.00646454242            0.000395864393           
       3.175059             0.00573774624            0.000377828648           
       3.177699             0.00611474903            0.000388503345           
       3.180339             0.00602009857            0.000388930447           
       3.182980             0.00630834739            0.000403507509           
       3.185620             0.00490364009            0.000359644317           
       3.188261             0.00567270828            0.000381752315           
       3.190901             0.00544503878            0.000379776366           
       3.193541             0.00551333373            0.000383409897           
       3.196182             0.00610223161              0.0004117598           
       3.198822             0.00549304865            0.000385930791           
       3.201463             0.00546985188             0.00039009524           
       3.204103             0.00554183713            0.000397882409           
       3.206743             0.00540173941            0.000396142147           
       3.209384             0.00647972177            0.000431938681           
       3.212024             0.00627164305            0.000426456418           
       3.214664             0.00572259166            0.000415126314           
       3.217305             0.00583866514             0.00042909807           
       3.219945             0.00630353598            0.000442124966           
       3.222586             0.00571041905            0.000423192317           
       3.225226             0.00615968668            0.000449426271           
       3.227866              0.0054631518            0.000426528096           
       3.230507             0.00576203362            0.000443267181           
       3.233147              0.0060243873            0.000446542141           
       3.235787              0.0060597419            0.000447972244           
       3.238428             0.00569731539            0.000442040826           
       3.241068             0.00514590444            0.000428624005           
       3.243709             0.00569473631            0.000448399588           
       3.246349             0.00538146706            0.000433453005           
       3.248989             0.00609821826            0.000471963128           
       3.251630             0.00514828383            0.000435567017           
       3.254270             0.00577325555            0.000475425775           
       3.256911             0.00557439536            0.000455460721           
       3.259551             0.00568431054            0.000470092347           
       3.262191             0.00545885313            0.000464913507           
       3.264832             0.00547795158            0.000470096004           
       3.267472             0.00522948824            0.000465824938           
       3.270112             0.00514285845             0.00046326554           
       3.272753              0.0048403209            0.000454955965           
       3.275393             0.00524550419            0.000476053325           
       3.278034             0.00608349262            0.000523114307           
       3.280674              0.0061453104            0.000527291328           
       3.283314             0.00608017273            0.000527387415           
       3.285955             0.00580511754            0.000524999678           
       3.288595              0.0060343625            0.000541236929           
       3.291235             0.00463374468            0.000477069316           
       3.293876             0.00511885984            0.000504389441           
       3.296516              0.0073500469            0.000616727541           
       3.299157             0.00539264054            0.000536245945           
       3.301797             0.00535123551            0.000534410321           
       3.304437             0.00595056735            0.000574106294           
       3.307078             0.00566590631            0.000565648237           
       3.309718             0.00543494468            0.000559529553           
       3.312359             0.00670775256            0.000634164181           
       3.314999              0.0050960552            0.000558550552           
       3.317639             0.00579109178             0.00060183456           
       3.320280              0.0059919921            0.000621124538           
       3.322920             0.00467375978            0.000556770188           
       3.325560             0.00574301477            0.000629098873           
       3.328201             0.00502972714            0.000591225491           
       3.330841             0.00595318141            0.000658857496           
       3.333482             0.00533500658             0.00063163178           
       3.336122             0.00689308069            0.000733569494           
       3.338762             0.00424446968            0.000580898768           
       3.341403             0.00480537636            0.000623825027           
       3.344043             0.00597524231             0.00072217788           
       3.346683             0.00565141524            0.000709459609           
       3.349324             0.00555103698            0.000714015301           
       3.351964             0.00620314465            0.000779055821           
       3.354605             0.00397008454            0.000630307898           
       3.357245             0.00532313236            0.000755509001           
       3.359885             0.00404286337            0.000658652909           
       3.362526             0.00456767101            0.000735895929           
       3.365166             0.00628594428            0.000852626819           
       3.367807              0.0063009901            0.000913798707           
       3.370447             0.00471441962            0.000790730707           
       3.373087             0.00554716255            0.000905245483           
       3.375728             0.00531841515            0.000879683841           
       3.378368              0.0040299525            0.000827447242           
       3.381008             0.00659809784             0.00104953351           
       3.383649             0.00367224889            0.000847367049           
       3.386289             0.00636194512             0.00111578251           
       3.388930             0.00465897156             0.00104864776           
       3.391570             0.00420683568            0.000996883581           
       3.394210              0.0047784036             0.00113839086           
       3.396851              0.0062375854             0.00140890372           
       3.399491             0.00288460352            0.000975500625           
       3.402131             0.00629253724             0.00170547433           
       3.404772              0.0044744746             0.00143876347           
       3.407412             0.00343200867             0.00156358058           
       3.410053             0.00441360053             0.00184633024           
       3.412693             0.00290883809             0.00212065331           
       3.415333             0.00638773396             0.00385039719           
