################################################################################
# EDF_DataBlockID                     0.Image.Psd
# EDF_BinarySize                      2105344
# EDF_HeaderSize                      2560
# ByteOrder                           LowByteFirst
# DataType                            FloatValue
# Dim_1                               512
# Dim_2                               1028
# Image                               0
# HeaderID                            EH:000000:000000:000000
# Size                                2105344
# Center_1                            304.9000
# Center_2                            588.7000
# Comment                             Xenocs_Cell_Window - front_window_open_only
# DDummy                              0.6
# Date                                2025-10-20T08:18:47
# Delta                               21.910000
# Dummy                               -1.5
# ExposureTime                        360
# Gamma                               15.360000
# Intensity1                          8.8485e-10
# PSize_1                             7.5e-05
# PSize_2                             7.5e-05
# Pressure                            0.0326109
# SampleDistance                      0.115750
# SampleEnvKind                       large
# SampleEnvPN                         ElectroChemical cell
# SampleEnvSN                         1141
# Thickness                           0
# Wavelength                          1.541891e-10
# Wavelength                          1.54189e-10
# aux                                 0
# aux_dial                            0.002375
# beamx                               588.429
# beamx_dial                          588.429
# beamz                               657.855
# beamz_dial                          657.855
# det0x                               -0.000396875
# det0x_dial                          6.36905
# det0xvd                             -0.0005
# det0xvd_dial                        -0.0005
# det0y                               450.002
# det0y_dial                          481.635
# det0z                               0
# det0z_dial                          1.2295
# det0zvd                             0
# det0zvd_dial                        0
# mag                                 1.818
# mag_dial                            1.818
# om                                  0.2499
# om_dial                             -0.610199
# phi                                 -0.0120535
# phi_dial                            0
# ry                                  0.599993
# ry_dial                             0.599993
# s1bot                               0.8
# s1bot_dial                          -1.66094
# s1hl                                0.8
# s1hl_dial                           -0.608437
# s1hr                                0.8
# s1hr_dial                           0.970938
# s1top                               0.8
# s1top_dial                          -0.461562
# s2bot                               0.45
# s2bot_dial                          1.36109
# s2hl                                0.45
# s2hl_dial                           -0.83375
# s2hr                                0.45
# s2hr_dial                           -0.118594
# s2top                               0.45
# s2top_dial                          1.44734
# w2theta                             32
# w2theta_dial                        32
# waxsch                              19.2605
# waxsch_dial                         -32.7238
# waxsh                               137.085
# waxsh_dial                          -43.5335
# waxsth                              26.0607
# waxsth_dial                         -19.4068
# waxsz                               67.0407
# waxsz_dial                          -23.7962
# wind                                65.9854
# wind_dial                           66.0041
# wpsi                                124
# wpsi_dial                           124
# wstod                               115
# wstod_dial                          115
# x                                   0
# x_dial                              1.00969
# z                                   0
# z_dial                              13.3172
# CountCutoff                         6807993
# DetectorModel                       Dectris EIGER2 Si 500K, S/N E-01-0554
# ThresholdSetting                    4023.88989258
# Saturation                          0
# FlatField                           Corrected
# BackgroundReductionExtra            0.02
# BackgroundCorrectionConstant        0.0026712
# Detector                            0
# Monitor                             0
# Pil_Roi0                            0
# SumForIntensity1                    3.18546e+08
# TransmittedFlux                     884850
# det                                 0
# mon                                 0
# pilai0                              3.18546e+08
# pilai1                              681792
# pilct0                              5.50821e+08
# pilct1                              681792
# pilroi0                             0
# pilroi1                             0
# sec                                 1
# title                               20251017__1_00565.edf
# usaxs0                              0
# Operation                           Azimuthal average I(q)
# Error_model                         ErrorModel.poisson
# Geometrical_correction              True
# Transmission_correction             True
# Thickness_correction                False
# Binning mode                        Uniform
# Binning factor                      1.0
# Psi                                 0.0
# Omega                               0.2499
# MaskInvalidPixels                   True
# DetectorEdge                        3
# MaskFiles                           ['20251017__1_00233_mask.edf']
################################################################################
    q(A⁻¹)                Intensity(a.u.)            Sigma_I(a.u.)            
       0.690460              0.0156111273              0.0115820971           
       0.693100               0.011215216             0.00438896013           
       0.695741             0.00700092947             0.00292955589           
       0.698381             0.00716746877              0.0027723816           
       0.701021             0.00623130663             0.00210971859           
       0.703662             0.00414485056             0.00159269181           
       0.706302             0.00896767358             0.00226252327           
       0.708942              0.0057187036             0.00160489225           
       0.711583             0.00835811549             0.00193986597           
       0.714223             0.00600727702             0.00143311352           
       0.716864             0.00766191917             0.00165159004           
       0.719504             0.00538508645             0.00128146479           
       0.722144             0.00671077472             0.00138160011           
       0.724785             0.00735296744             0.00142249339           
       0.727425             0.00729381633             0.00131411754           
       0.730065             0.00620312125              0.0012469628           
       0.732706             0.00801711053             0.00127477971           
       0.735346             0.00794955949             0.00137116613           
       0.737987             0.00752067358             0.00115434297           
       0.740627              0.0075791979             0.00126948015           
       0.743267             0.00641788641             0.00100483749           
       0.745908             0.00573207434             0.00101774476           
       0.748548             0.00530258032            0.000912970623           
       0.751189             0.00702765047             0.00104113555           
       0.753829             0.00686901065             0.00103860258           
       0.756469             0.00702998958            0.000988233737           
       0.759110             0.00561568461             0.00091358147           
       0.761750             0.00529960235            0.000812242574           
       0.764390             0.00494901506            0.000842564706           
       0.767031             0.00755217128            0.000941830269           
       0.769671             0.00563313949            0.000862653003           
       0.772312               0.007407998             0.00090148299           
       0.774952             0.00625362516            0.000887951703           
       0.777592             0.00682821733            0.000848656944           
       0.780233             0.00722212745            0.000920106132           
       0.782873             0.00691917599            0.000823552546           
       0.785513             0.00859963505            0.000976671545           
       0.788154             0.00631936424            0.000769006921           
       0.790794             0.00606238728            0.000779549485           
       0.793435              0.0072358198            0.000818010079           
       0.796075              0.0068368564            0.000799339916           
       0.798715             0.00731709425            0.000822216502           
       0.801356              0.0064953741            0.000753942312           
       0.803996             0.00773575759            0.000835935639           
       0.806637             0.00744767691            0.000775327071           
       0.809277             0.00623048216            0.000741881859           
       0.811917             0.00644426379            0.000713978473           
       0.814558             0.00686039505            0.000754671204           
       0.817198              0.0083212231            0.000792497458           
       0.819838             0.00700617135            0.000758531386           
       0.822479             0.00527879601            0.000606766244           
       0.825119             0.00574899049            0.000680233325           
       0.827760             0.00652706511            0.000671606098           
       0.830400             0.00660759193            0.000711973788           
       0.833040             0.00716470012            0.000691919622           
       0.835681             0.00707820041              0.0007202001           
       0.838321             0.00824057705            0.000727340535           
       0.840961             0.00705049667            0.000703212138           
       0.843602             0.00737615242            0.000677523022           
       0.846242             0.00868580574            0.000761172532           
       0.848883             0.00647002003            0.000639062656           
       0.851523             0.00718713293            0.000678595629           
       0.854163             0.00634257317            0.000630073102           
       0.856804             0.00709589795            0.000649388997           
       0.859444             0.00730818195            0.000663769442           
       0.862085             0.00675207827              0.0006287348           
       0.864725             0.00640040088            0.000609894857           
       0.867365             0.00723381743            0.000643744865           
       0.870006             0.00721769923            0.000651998888           
       0.872646             0.00734370759            0.000629043519           
       0.875286             0.00645539466            0.000609867756           
       0.877927             0.00677081708            0.000598018926           
       0.880567             0.00743405676            0.000638866006           
       0.883208             0.00649509431            0.000579912471           
       0.885848             0.00731864889             0.00063154497           
       0.888488             0.00680712852            0.000579120969           
       0.891129             0.00801225881            0.000660452196           
       0.893769             0.00658093946            0.000565788136           
       0.896410             0.00729281572            0.000613950484           
       0.899050             0.00736568193            0.000594918505           
       0.901690             0.00686281125            0.000586238082           
       0.904331              0.0082137032            0.000618954923           
       0.906971              0.0076284807            0.000615940633           
       0.909611             0.00593426655            0.000521433017           
       0.912252             0.00806440533            0.000618389661           
       0.914892             0.00742990442            0.000578529876           
       0.917533              0.0065049368            0.000553536456           
       0.920173             0.00715621245            0.000556926016           
       0.922813             0.00739611706            0.000591672645           
       0.925454             0.00827414105            0.000593928974           
       0.928094             0.00844979179            0.000613083236           
       0.930734             0.00733311499            0.000557506922           
       0.933375             0.00737913741            0.000571175445           
       0.936015             0.00756413669            0.000553318456           
       0.938656             0.00721971165            0.000563249015           
       0.941296             0.00629984971             0.00050720241           
       0.943936             0.00727738706            0.000554952597           
       0.946577             0.00768753495            0.000549307926           
       0.949217             0.00758116638            0.000564759239           
       0.951858             0.00707926836            0.000515937473           
       0.954498             0.00732114538            0.000551983475           
       0.957138             0.00792483324            0.000551978364           
       0.959779             0.00744066909            0.000546549931           
       0.962419             0.00793131591             0.00054323216           
       0.965059             0.00827096334            0.000570498934           
       0.967700             0.00762426608            0.000530028895           
       0.970340             0.00752602131            0.000541400274           
       0.972981             0.00704356585            0.000505705001           
       0.975621             0.00720125427            0.000522040862           
       0.978261             0.00706723066            0.000493435636           
       0.980902             0.00661599913            0.000500155874           
       0.983542             0.00674437803            0.000490281405           
       0.986182             0.00758541989            0.000526800631           
       0.988823             0.00808420894            0.000526297642           
       0.991463             0.00823180852            0.000543765265           
       0.994104             0.00781764828            0.000512047875           
       0.996744             0.00678582994            0.000492531603           
       0.999384             0.00694905904            0.000481503613           
       1.002025             0.00702109695            0.000497468711           
       1.004665             0.00720310918            0.000483235785           
       1.007306             0.00806678549            0.000528522167           
       1.009946             0.00687686838            0.000469214943           
       1.012586              0.0069561844            0.000485487896           
       1.015227             0.00791432393              0.0005021701           
       1.017867             0.00701467886            0.000486315689           
       1.020507             0.00742604101            0.000481535251           
       1.023148             0.00777382097            0.000498632827           
       1.025788             0.00815942262            0.000505618926           
       1.028429             0.00737127743            0.000491085042           
       1.031069             0.00721038933            0.000467944212           
       1.033709             0.00778651312            0.000495617794           
       1.036350             0.00824030622            0.000496486029           
       1.038990             0.00720368691            0.000475668442           
       1.041630             0.00813558787            0.000495775195           
       1.044271             0.00822287411            0.000498483638           
       1.046911             0.00786512159            0.000478461273           
       1.049552             0.00816722177            0.000505134203           
       1.052192             0.00680598598            0.000440385288           
       1.054832             0.00779570048            0.000480484665           
       1.057473             0.00881590204            0.000504489593           
       1.060113             0.00870466485            0.000506725108           
       1.062754             0.00776604045            0.000473332288           
       1.065394             0.00807053481            0.000477445608           
       1.068034             0.00791519258            0.000470997767           
       1.070675             0.00830939045            0.000491071827           
       1.073315             0.00785857811            0.000462967331           
       1.075955             0.00807143945            0.000477064574           
       1.078596             0.00844535522            0.000487025106           
       1.081236             0.00787578025            0.000463339621           
       1.083877             0.00777229189            0.000474664152           
       1.086517             0.00822334289            0.000477198344           
       1.089157             0.00802788477            0.000474949906           
       1.091798             0.00849677977            0.000478270975           
       1.094438             0.00765170277            0.000461077448           
       1.097078             0.00810475843            0.000462337035           
       1.099719             0.00861629738            0.000488921648           
       1.102359              0.0080982649            0.000449025824           
       1.105000             0.00884638836            0.000487791491           
       1.107640             0.00800014921            0.000448753079           
       1.110280             0.00831065684            0.000466537172           
       1.112921              0.0076951835            0.000440806349           
       1.115561             0.00842997199            0.000467227307           
       1.118202             0.00861822951            0.000458627251           
       1.120842             0.00854395686            0.000471034619           
       1.123482             0.00841904485            0.000454462326           
       1.126123             0.00878137791            0.000467035353           
       1.128763             0.00890098753            0.000467873107           
       1.131403             0.00905015361            0.000471043821           
       1.134044             0.00842208803            0.000453616427           
       1.136684             0.00803068504            0.000446279331           
       1.139325             0.00809809722            0.000435521728           
       1.141965             0.00874210592             0.00045842621           
       1.144605             0.00858453667            0.000456944399           
       1.147246             0.00866340015            0.000450344854           
       1.149886             0.00843437698            0.000447512573           
       1.152527             0.00806370217            0.000438006879           
       1.155167             0.00963709536            0.000472103533           
       1.157807             0.00890282366            0.000454074536           
       1.160448             0.00855032698            0.000451083032           
       1.163088             0.00868510132            0.000437757807           
       1.165728             0.00808175263            0.000439684286           
       1.168369             0.00829022942            0.000429421558           
       1.171009             0.00860793092            0.000441200287           
       1.173650             0.00930734675            0.000455466298           
       1.176290             0.00866898183            0.000444727065           
       1.178930             0.00865371157            0.000431844433           
       1.181571             0.00856547386            0.000443669754           
       1.184211             0.00876314752            0.000435206787           
       1.186851              0.0089981889            0.000445070936           
       1.189492             0.00868843687            0.000439771898           
       1.192132             0.00975293331            0.000459033276           
       1.194773             0.00955095318            0.000451514642           
       1.197413             0.00905390845            0.000443195019           
       1.200053             0.00888938027            0.000436386657           
       1.202694             0.00930126335            0.000443018208           
       1.205334             0.00832951258            0.000423820676           
       1.207975             0.00928335151            0.000438662854           
       1.210615             0.00893901145            0.000439552865           
       1.213255              0.0102519377            0.000458274038           
       1.215896             0.00912967548            0.000440661371           
       1.218536               0.009746338            0.000442186671           
       1.221176             0.00930233135            0.000442308337           
       1.223817             0.00912333532            0.000428904674           
       1.226457             0.00890200247            0.000429051413           
       1.229098             0.00966758245            0.000440337144           
       1.231738             0.00971563761             0.00044764621           
       1.234378             0.00989109167            0.000442894021           
       1.237019             0.00903578027            0.000426726355           
       1.239659              0.0105986503            0.000461909481           
       1.242299             0.00932951537            0.000431156746           
       1.244940             0.00924827407            0.000424641665           
       1.247580              0.0105252695            0.000455011377           
       1.250221              0.0104671625            0.000461160451           
       1.252861              0.0103122479            0.000440681531           
       1.255501             0.00971126598            0.000439721925           
       1.258142              0.0103495728            0.000444968666           
       1.260782              0.0099921442            0.000442156193           
       1.263423             0.00958351716            0.000424441949           
       1.266063              0.0105312903             0.00045322805           
       1.268703              0.0103903849            0.000438843376           
       1.271344             0.00932271523            0.000424739199           
       1.273984              0.0095658335            0.000423525343           
       1.276624             0.00964966225            0.000422781628           
       1.279265              0.0102875189            0.000437484374           
       1.281905              0.0102330171            0.000439013387           
       1.284546             0.00984965355            0.000426006151           
       1.287186             0.00956695943            0.000420251605           
       1.289826             0.00996891036            0.000431213703           
       1.292467             0.00916474783            0.000406076288           
       1.295107              0.0101419043            0.000434705868           
       1.297747              0.0100245534            0.000420847613           
       1.300388              0.0106148823             0.00044418256           
       1.303028              0.0103309757              0.0004270591           
       1.305669             0.00997554736            0.000425070353           
       1.308309             0.00947440155            0.000408026795           
       1.310949             0.00959643852            0.000415764502           
       1.313590              0.0108897218            0.000436040825           
       1.316230              0.0103045293            0.000431798011           
       1.318871              0.0104789988            0.000426044182           
       1.321511              0.0099992417            0.000418262787           
       1.324151             0.00977409206            0.000415161064           
       1.326792              0.0096511638            0.000409200253           
       1.329432              0.0101125397            0.000421051959           
       1.332072               0.010326386            0.000418184629           
       1.334713              0.0107221996            0.000431408578           
       1.337353              0.0112609911            0.000435314127           
       1.339994              0.0101522648             0.00041921632           
       1.342634              0.0101325649            0.000409380968           
       1.345274                0.01118594            0.000435757687           
       1.347915              0.0111258397            0.000435740854           
       1.350555              0.0103842528            0.000419323776           
       1.353195              0.0104915174            0.000413420767           
       1.355836              0.0108538151            0.000428432312           
       1.358476              0.0107219862             0.00042462491           
       1.361117              0.0103857868            0.000407430828           
       1.363757              0.0104742681            0.000422722638           
       1.366397              0.0108980955            0.000417762658           
       1.369038              0.0104742017            0.000418189715           
       1.371678              0.0108107178            0.000416275705           
       1.374319              0.0110424512            0.000424050317           
       1.376959              0.0103826627            0.000405525888           
       1.379599               0.010569213            0.000417128004           
       1.382240              0.0110134944            0.000417717279           
       1.384880              0.0109331486            0.000421300797           
       1.387520              0.0102289499            0.000402742598           
       1.390161               0.011114261            0.000418668547           
       1.392801              0.0109621359            0.000418271646           
       1.395442              0.0110667896            0.000415908972           
       1.398082              0.0109248493             0.00041464731           
       1.400722              0.0103235808            0.000401254482           
       1.403363              0.0108262463            0.000414720255           
       1.406003              0.0111608741            0.000410741057           
       1.408644              0.0111468525            0.000419100531           
       1.411284              0.0115500008            0.000424272404           
       1.413924              0.0112058843            0.000412750014           
       1.416565               0.010213366            0.000393584191           
       1.419205              0.0113802324             0.00041955205           
       1.421845             0.00991895105             0.00038676637           
       1.424486              0.0101222146            0.000392434046           
       1.427126              0.0103395715            0.000396374837           
       1.429767              0.0109090297            0.000400869812           
       1.432407              0.0110867116            0.000414301617           
       1.435047              0.0107469573            0.000395646282           
       1.437688              0.0108063278            0.000405523338           
       1.440328              0.0108988285            0.000399363163           
       1.442968              0.0108073146            0.000403188072           
       1.445609               0.009974154            0.000380964147           
       1.448249              0.0102029813             0.00038780077           
       1.450890              0.0109722075            0.000399284979           
       1.453530              0.0108208769            0.000399459001           
       1.456170              0.0102283463            0.000387493874           
       1.458811             0.00954031573            0.000371256895           
       1.461451              0.0103642869            0.000389801623           
       1.464092               0.010841334             0.00039519651           
       1.466732              0.0107582196             0.00039126407           
       1.469372              0.0109578141            0.000393663089           
       1.472013              0.0106805314            0.000395603749           
       1.474653              0.0112520241            0.000396023714           
       1.477293             0.00963412992            0.000372615956           
       1.479934              0.0109898657            0.000393805622           
       1.482574              0.0100664618            0.000375968097           
       1.485215              0.0104208345            0.000383513526           
       1.487855              0.0106251656            0.000387175231           
       1.490495              0.0111812469            0.000396322811           
       1.493136              0.0103747279            0.000376755185           
       1.495776              0.0103442884            0.000382761021           
       1.498416             0.00997820029             0.00036862379           
       1.501057              0.0101747461            0.000375438298           
       1.503697              0.0105578342            0.000378763728           
       1.506338              0.0100189665            0.000371684611           
       1.508978               0.010451012             0.00037737269           
       1.511618              0.0100244625            0.000369404606           
       1.514259              0.0105585416            0.000379802113           
       1.516899              0.0100241086             0.00037023757           
       1.519540              0.0103899408            0.000374841232           
       1.522180             0.00993906747            0.000362039437           
       1.524820              0.0102835906            0.000375698729           
       1.527461             0.00976706573            0.000358042118           
       1.530101             0.00994287145            0.000364985175           
       1.532741              0.0106675062            0.000376260171           
       1.535382              0.0101501403            0.000367830877           
       1.538022              0.0104675384            0.000370232805           
       1.540663              0.0101888146            0.000368722542           
       1.543303              0.0106590994            0.000372442918           
       1.545943              0.0098240574            0.000359560561           
       1.548584             0.00966834806             0.00035859914           
       1.551224              0.0108040604            0.000369357858           
       1.553864              0.0101479076            0.000367317557           
       1.556505             0.00988341691            0.000356922825           
       1.559145             0.00992906869            0.000358573232           
       1.561786              0.0101174107            0.000360318334           
       1.564426              0.0104915629            0.000366588902           
       1.567066             0.00990955424            0.000353494985           
       1.569707              0.0100127331            0.000360474808           
       1.572347              0.0100710475            0.000356832516           
       1.574988             0.00949283308            0.000345067081           
       1.577628             0.00938720794            0.000350867729           
       1.580268             0.00908023104            0.000333174326           
       1.582909             0.00915459188            0.000340792958           
       1.585549             0.00916704617            0.000337837711           
       1.588189             0.00901134435            0.000338697473           
       1.590830             0.00887842348             0.00033041932           
       1.593470             0.00936425334            0.000342110381           
       1.596111             0.00924101616            0.000336915201           
       1.598751             0.00939345424            0.000343155172           
       1.601391             0.00908937275            0.000335397054           
       1.604032             0.00937880874            0.000337850192           
       1.606672             0.00913823362            0.000340201014           
       1.609312             0.00890905369            0.000325912936           
       1.611953             0.00870043003            0.000326741991           
       1.614593             0.00887637422            0.000327519108           
       1.617234              0.0085064312            0.000322438829           
       1.619874             0.00921892989            0.000331722143           
       1.622514             0.00872525918            0.000325572305           
       1.625155             0.00875227817            0.000325269605           
       1.627795             0.00868064809            0.000320662421           
       1.630436             0.00870218181             0.00032428701           
       1.633076             0.00893057842            0.000326845978           
       1.635716             0.00866229472            0.000321337798           
       1.638357             0.00883333682             0.00032311611           
       1.640997             0.00852076161            0.000319829528           
       1.643637             0.00869730398            0.000317125694           
       1.646278             0.00873544194             0.00032257749           
       1.648918              0.0086651186            0.000317134523           
       1.651559             0.00928933001            0.000332487173           
       1.654199             0.00864220886            0.000316301242           
       1.656839             0.00870891095            0.000317434039           
       1.659480             0.00879061859            0.000321728459           
       1.662120             0.00900561197            0.000321275292           
       1.664761             0.00896217478            0.000323969644           
       1.667401             0.00810881721            0.000305289293           
       1.670041             0.00852301052            0.000313347361           
       1.672682             0.00872342266            0.000314027004           
       1.675322             0.00889010645            0.000322618049           
       1.677962             0.00877893772            0.000314227558           
       1.680603             0.00866334293            0.000314922274           
       1.683243             0.00810431628            0.000302338939           
       1.685884             0.00823454359            0.000305918097           
       1.688524             0.00798516678            0.000300402673           
       1.691164             0.00818614041            0.000303377727           
       1.693805             0.00824184578            0.000306869831           
       1.696445             0.00858028209            0.000308761246           
       1.699085             0.00861589981            0.000310636685           
       1.701726             0.00850839065            0.000304677211           
       1.704366             0.00855694192            0.000312979865           
       1.707007              0.0082870602            0.000301432078           
       1.709647             0.00862358273             0.00031131208           
       1.712287             0.00813954732            0.000297394544           
       1.714928             0.00906533966            0.000317007892           
       1.717568             0.00816570313             0.00029810053           
       1.720209             0.00793947378             0.00029575724           
       1.722849             0.00850178172             0.00030654221           
       1.725489             0.00827136827            0.000297540491           
       1.728130              0.0081764296            0.000301850115           
       1.730770              0.0082983951            0.000297665306           
       1.733410             0.00829230595            0.000301462292           
       1.736051             0.00818521191            0.000294860335           
       1.738691              0.0076507773            0.000287981513           
       1.741332              0.0086112785            0.000303643472           
       1.743972             0.00800004326            0.000292777267           
       1.746612             0.00809004471            0.000294487284           
       1.749253             0.00853379058            0.000303763006           
       1.751893             0.00868225224            0.000304555676           
       1.754533             0.00817745139            0.000291512775           
       1.757174             0.00807518535            0.000295100354           
       1.759814             0.00846488136            0.000297530761           
       1.762455             0.00748191095            0.000282104097           
       1.765095             0.00847225049            0.000295978647           
       1.767735             0.00828789554            0.000297715061           
       1.770376              0.0084726735            0.000296450562           
       1.773016             0.00754225885            0.000280141616           
       1.775657             0.00798401435            0.000288819444           
       1.778297             0.00843493739            0.000298315694           
       1.780937             0.00846008895            0.000297365977           
       1.783578             0.00874038467            0.000300832646           
       1.786218              0.0088999525            0.000308410448           
       1.788858             0.00857301835            0.000295172337           
       1.791499             0.00846386457            0.000298692543           
       1.794139             0.00860813062            0.000295664932           
       1.796780             0.00922097665            0.000307827014           
       1.799420             0.00874805096            0.000299447467           
       1.802060             0.00954604225            0.000308959811           
       1.804701             0.00956014888            0.000313336023           
       1.807341             0.00899337169            0.000300969469           
       1.809981             0.00914558269            0.000305521365           
       1.812622             0.00937696406            0.000307676553           
       1.815262             0.00940722966            0.000309271501           
       1.817903             0.00879689887            0.000295375797           
       1.820543             0.00849303654            0.000293816788           
       1.823183             0.00885835493            0.000295445875           
       1.825824             0.00854452087            0.000294528745           
       1.828464             0.00809440596            0.000285786546           
       1.831105             0.00867956433            0.000297082015           
       1.833745             0.00840384819              0.0002921429           
       1.836385             0.00884545936            0.000298554778           
       1.839026             0.00847890912            0.000296697386           
       1.841666             0.00822045759            0.000288347113           
       1.844306             0.00827377323            0.000292932741           
       1.846947             0.00834954279            0.000290489381           
       1.849587             0.00855428697            0.000298017321           
       1.852228              0.0085517411             0.00029480378           
       1.854868              0.0081907644            0.000293806294           
       1.857508             0.00892186024            0.000300976404           
       1.860149             0.00885336248            0.000302221991           
       1.862789             0.00897575034            0.000305650284           
       1.865429             0.00820736672            0.000293155951           
       1.868070             0.00846080019            0.000296619186           
       1.870710              0.0090132048            0.000306982953           
       1.873351             0.00892835993            0.000307485221           
       1.875991             0.00858226692            0.000303097474           
       1.878631             0.00844667798            0.000297898841           
       1.881272              0.0084387835            0.000297062106           
       1.883912             0.00908567385             0.00031185276           
       1.886553             0.00834894121            0.000295355901           
       1.889193             0.00840395697            0.000299750498           
       1.891833             0.00922052751            0.000310402586           
       1.894474             0.00820159163            0.000295066703           
       1.897114             0.00841850476            0.000296624344           
       1.899754             0.00796944412             0.00029184131           
       1.902395             0.00832557743            0.000298354442           
       1.905035             0.00891139656             0.00030746303           
       1.907676             0.00789484142            0.000289731906           
       1.910316             0.00877969146             0.00030748546           
       1.912956             0.00797863665            0.000293110948           
       1.915597             0.00876706851            0.000304048902           
       1.918237              0.0086647149            0.000306857219           
       1.920878             0.00901519736            0.000307462419           
       1.923518             0.00880653716            0.000311957178           
       1.926158              0.0084989484            0.000299418677           
       1.928799             0.00865575344            0.000306183533           
       1.931439             0.00821046263            0.000295814036           
       1.934079             0.00839669109            0.000302179483           
       1.936720             0.00816557119            0.000296237798           
       1.939360             0.00901170125             0.00031420724           
       1.942001              0.0085436166            0.000304761235           
       1.944641             0.00865074906            0.000305344594           
       1.947281             0.00823295038             0.00029931901           
       1.949922             0.00894404098            0.000312368098           
       1.952562             0.00841360755             0.00030557094           
       1.955202              0.0082801329            0.000295521189           
       1.957843             0.00810553405            0.000301677071           
       1.960483             0.00858206939            0.000305467021           
       1.963124             0.00852264016            0.000304181796           
       1.965764             0.00854426388            0.000304676329           
       1.968404             0.00797192049            0.000299557615           
       1.971045              0.0079460594            0.000291574461           
       1.973685             0.00816597126            0.000301097607           
       1.976326             0.00763747367            0.000289921643           
       1.978966             0.00841007569            0.000305672209           
       1.981606             0.00786655603            0.000292503426           
       1.984247              0.0074697198            0.000287515517           
       1.986887             0.00779530097            0.000296461558           
       1.989527             0.00832566443            0.000299997739           
       1.992168             0.00786177888             0.00029855391           
       1.994808             0.00792666466             0.00029629647           
       1.997449             0.00780062236            0.000293500273           
       2.000089             0.00809529711            0.000297231919           
       2.002729              0.0080463454            0.000303122161           
       2.005370             0.00793747651            0.000295341448           
       2.008010             0.00764812973            0.000293757416           
       2.010650             0.00763308692            0.000292628859           
       2.013291             0.00876585117              0.0003153763           
       2.015931             0.00772906262            0.000294019373           
       2.018572             0.00822770909            0.000307384487           
       2.021212             0.00686320727            0.000278221557           
       2.023852             0.00751967794            0.000292753644           
       2.026493             0.00802989236            0.000301196655           
       2.029133             0.00749006519            0.000288677134           
       2.031774              0.0069725754            0.000281227346           
       2.034414             0.00744074065            0.000288781565           
       2.037054             0.00790748659            0.000301455004           
       2.039695             0.00771082203            0.000291819132           
       2.042335             0.00756882801             0.00029404096           
       2.044975             0.00762567638             0.00029278432           
       2.047616              0.0079152955            0.000299570606           
       2.050256             0.00720171831            0.000282387083           
       2.052897             0.00779229611            0.000302437204           
       2.055537             0.00716976005            0.000282195342           
       2.058177             0.00767740145            0.000294594104           
       2.060818             0.00726078783            0.000287349643           
       2.063458              0.0076094529             0.00029457322           
       2.066098             0.00801207283            0.000300924399           
       2.068739             0.00775916125            0.000299224499           
       2.071379             0.00770020455            0.000293683497           
       2.074020             0.00757428419            0.000295260956           
       2.076660             0.00769603649             0.00029560713           
       2.079300             0.00745059858            0.000290813125           
       2.081941             0.00762293708            0.000295945592           
       2.084581             0.00739445202            0.000291692515           
       2.087222             0.00689476105             0.00028185624           
       2.089862             0.00753677032            0.000291013822           
       2.092502             0.00702529904            0.000286070886           
       2.095143             0.00709946937             0.00028346702           
       2.097783             0.00740139497             0.00029383612           
       2.100423             0.00755006919            0.000291082141           
       2.103064             0.00749634215            0.000295052445           
       2.105704             0.00766076271            0.000297129579           
       2.108345             0.00819406221            0.000308708643           
       2.110985             0.00763564628            0.000293818235           
       2.113625              0.0076165091            0.000298073318           
       2.116266               0.007797298            0.000299357958           
       2.118906             0.00733151923            0.000290068013           
       2.121546             0.00764542691            0.000295977539           
       2.124187             0.00778173237            0.000302734471           
       2.126827             0.00675186327            0.000277568775           
       2.129468             0.00736973522            0.000293017394           
       2.132108             0.00698736916            0.000284724414           
       2.134748             0.00783632791            0.000300389231           
       2.137389             0.00794454255            0.000304989474           
       2.140029             0.00775508556            0.000300599155           
       2.142670             0.00741187201            0.000294352319           
       2.145310             0.00747543759            0.000296741215           
       2.147950             0.00790378809            0.000306304149           
       2.150591             0.00750916833            0.000295821618           
       2.153231             0.00779359874            0.000305827646           
       2.155871             0.00717378328            0.000289177125           
       2.158512             0.00696031222            0.000289974736           
       2.161152              0.0077687622            0.000298700065           
       2.163793             0.00666496986             0.00028116949           
       2.166433              0.0075497327            0.000294061212           
       2.169073             0.00745050441            0.000298942733           
       2.171714             0.00744234344            0.000292696244           
       2.174354             0.00733958221            0.000295110201           
       2.176995             0.00711744228            0.000288199327           
       2.179635             0.00763590028            0.000304160914           
       2.182275             0.00804700246             0.00030604305           
       2.184916             0.00706284235            0.000292777915           
       2.187556             0.00715342346            0.000289905785           
       2.190196             0.00754601476            0.000302434857           
       2.192837              0.0081319315            0.000310518783           
       2.195477             0.00703219408            0.000291545036           
       2.198118             0.00787959204            0.000302913976           
       2.200758              0.0070660791            0.000291305809           
       2.203398             0.00755937755            0.000296305986           
       2.206039             0.00744419894            0.000298534345           
       2.208679             0.00700161275            0.000286689724           
       2.211319              0.0072384012            0.000292869283           
       2.213960             0.00727415786            0.000290470167           
       2.216600             0.00683492896            0.000288198124           
       2.219241             0.00689469766             0.00028524726           
       2.221881             0.00695654601              0.0002880173           
       2.224521             0.00726664352            0.000293345688           
       2.227162             0.00745881506             0.00030186732           
       2.229802             0.00709657628             0.00028966641           
       2.232443             0.00803314131            0.000309400087           
       2.235083             0.00740408276            0.000295257785           
       2.237723             0.00779789294            0.000305330278           
       2.240364             0.00670702763            0.000281729064           
       2.243004             0.00689372503            0.000286486161           
       2.245644             0.00739358142            0.000296005683           
       2.248285             0.00769168267            0.000303873931           
       2.250925             0.00732139536            0.000295082931           
       2.253566             0.00722691048            0.000293889546           
       2.256206             0.00710070296            0.000290439452           
       2.258846             0.00671615435            0.000282467927           
       2.261487             0.00739436625            0.000296899803           
       2.264127             0.00703417084            0.000292318132           
       2.266767             0.00726044445            0.000292182411           
       2.269408             0.00686599934             0.00028750936           
       2.272048             0.00731766852            0.000294989613           
       2.274689              0.0074457983             0.00029873108           
       2.277329              0.0075966504            0.000301341102           
       2.279969             0.00758964095            0.000302114974           
       2.282610             0.00692984743             0.00028586924           
       2.285250             0.00746940726            0.000301457359           
       2.287891             0.00735390016            0.000296098984           
       2.290531             0.00703523329            0.000291040673           
       2.293171             0.00727348235            0.000295913118           
       2.295812             0.00691407531            0.000286978187           
       2.298452             0.00727338582            0.000296225754           
       2.301092             0.00732286559            0.000299119713           
       2.303733             0.00684510006             0.00028347724           
       2.306373             0.00704873874            0.000294698985           
       2.309014             0.00737778258            0.000295689052           
       2.311654              0.0071668148             0.00029419659           
       2.314294             0.00716971972            0.000293613806           
       2.316935             0.00717713966            0.000294926744           
       2.319575             0.00690025439             0.00028809896           
       2.322215             0.00681841322            0.000290466279           
       2.324856             0.00718316818            0.000290647531           
       2.327496             0.00700594016            0.000294074322           
       2.330137             0.00750572542            0.000298769305           
       2.332777             0.00691798929            0.000289970458           
       2.335417             0.00720696815            0.000295076331           
       2.338058             0.00670214346            0.000285693029           
       2.340698             0.00723892739            0.000293990103           
       2.343339             0.00709183951            0.000296540831           
       2.345979             0.00730005652            0.000294858943           
       2.348619             0.00670912168            0.000288011004           
       2.351260             0.00740092867            0.000296065591           
       2.353900             0.00728883101            0.000300038608           
       2.356540             0.00724419333            0.000295004611           
       2.359181             0.00704055606            0.000294717709           
       2.361821             0.00685689449            0.000287304489           
       2.364462             0.00735706354            0.000302572352           
       2.367102             0.00702053928             0.00028702405           
       2.369742             0.00661172035            0.000288523803           
       2.372383             0.00702809672            0.000288798548           
       2.375023             0.00665277322            0.000288302091           
       2.377663             0.00710896712            0.000291689777           
       2.380304             0.00683415155            0.000289963457           
       2.382944             0.00701085841            0.000290815673           
       2.385585             0.00693249768            0.000291919744           
       2.388225             0.00759968824            0.000304263461           
       2.390865              0.0072116102            0.000297152042           
       2.393506             0.00713879714            0.000294285634           
       2.396146             0.00752184938            0.000303079071           
       2.398787             0.00706017871             0.00029388755           
       2.401427             0.00681690777            0.000287026495           
       2.404067             0.00668097613            0.000288487374           
       2.406708             0.00713010507            0.000294280554           
       2.409348             0.00756893928            0.000305482236           
       2.411988             0.00720447348            0.000297084726           
       2.414629             0.00738838418            0.000301837086           
       2.417269             0.00684096039            0.000287802373           
       2.419910             0.00769422676            0.000309072859           
       2.422550             0.00697970008            0.000289903669           
       2.425190             0.00694352686            0.000298255368           
       2.427831             0.00681160186            0.000284298463           
       2.430471             0.00693194244            0.000295182356           
       2.433112              0.0069926661            0.000289476811           
       2.435752             0.00732814278            0.000303841537           
       2.438392             0.00730169172              0.0002981949           
       2.441033             0.00672096633            0.000287402063           
       2.443673             0.00742217651            0.000302829266           
       2.446313             0.00700117938            0.000292548397           
       2.448954             0.00713341993            0.000297889492           
       2.451594              0.0069675719            0.000292639757           
       2.454235             0.00720479559            0.000296653848           
       2.456875             0.00717150998            0.000297466971           
       2.459515             0.00793340969            0.000313352026           
       2.462156             0.00749512595            0.000303003403           
       2.464796             0.00787583937            0.000316082417           
       2.467436             0.00805867714            0.000313026065           
       2.470077             0.00799496011            0.000316085515           
       2.472717             0.00806351869            0.000313465908           
       2.475358             0.00795440238             0.00031486506           
       2.477998             0.00761023792            0.000306334983           
       2.480638             0.00719886406            0.000298664374           
       2.483279             0.00765399871            0.000309283928           
       2.485919             0.00717752019            0.000297405344           
       2.488560             0.00704352689            0.000295838262           
       2.491200             0.00741999809            0.000303225213           
       2.493840             0.00725092586            0.000298118644           
       2.496481             0.00707226075            0.000298272988           
       2.499121              0.0070272228            0.000293363031           
       2.501761             0.00680736527            0.000293640326           
       2.504402             0.00728345025            0.000297914144           
       2.507042             0.00681134085            0.000292886196           
       2.509683             0.00635873297             0.00028041078           
       2.512323             0.00730338663             0.00030169545           
       2.514963               0.015750354            0.000443930147           
       2.517604              0.0229589294            0.000533877639           
       2.520244              0.0111657081            0.000372395132           
       2.522884             0.00796517761            0.000313839454           
       2.525525             0.00718821626             0.00030058903           
       2.528165              0.0194745062            0.000492501758           
       2.530806              0.0348801699            0.000656644875           
       2.533446              0.0181639741            0.000478067387           
       2.536086             0.00882133795            0.000330362399           
       2.538727             0.00871300178            0.000330432382           
       2.541367             0.00950721965            0.000344176997           
       2.544008             0.00644993403            0.000283726865           
       2.546648             0.00710245253            0.000298071096           
       2.549288             0.00696743014            0.000295266733           
       2.551929             0.00730472391            0.000303327854           
       2.554569             0.00701092094             0.00029444962           
       2.557209             0.00685177421            0.000294377399           
       2.559850             0.00767958561            0.000308069627           
       2.562490             0.00631562396            0.000281409558           
       2.565131              0.0067196059            0.000290775344           
       2.567771             0.00695302544             0.00029421492           
       2.570411             0.00668355433            0.000291967511           
       2.573052              0.0068288625            0.000291679343           
       2.575692             0.00733429423            0.000303082733           
       2.578332             0.00682415236             0.00029148859           
       2.580973               0.007643565            0.000310994175           
       2.583613              0.0073758091             0.00030271456           
       2.586254              0.0069852751            0.000297197742           
       2.588894             0.00684081584            0.000292539711           
       2.591534             0.00679519668            0.000292098947           
       2.594175             0.00717376106            0.000301867333           
       2.596815             0.00708805727            0.000297268929           
       2.599456             0.00676210674            0.000292728998           
       2.602096             0.00722654841             0.00030148236           
       2.604736             0.00629424066            0.000282101657           
       2.607377             0.00677055872            0.000291462201           
       2.610017             0.00698054004             0.00029584398           
       2.612657             0.00706678865            0.000299768726           
       2.615298             0.00675528535             0.00029022048           
       2.617938             0.00652609155            0.000287750128           
       2.620579             0.00653186844            0.000285525892           
       2.623219             0.00728097285            0.000306276322           
       2.625859             0.00636745057            0.000281591549           
       2.628500             0.00666870712            0.000292781546           
       2.631140             0.00715219003            0.000297862264           
       2.633780             0.00680960421            0.000294374026           
       2.636421             0.00712237796            0.000298319078           
       2.639061             0.00724945916            0.000304567196           
       2.641702             0.00680914637            0.000292017618           
       2.644342             0.00707633389            0.000300133796           
       2.646982             0.00692842268            0.000296728369           
       2.649623             0.00706647077            0.000301466408           
       2.652263             0.00724731302            0.000302870187           
       2.654904             0.00722632314            0.000304073405           
       2.657544             0.00776764648            0.000313038781           
       2.660184             0.00680347563            0.000293341826           
       2.662825             0.00735611611            0.000305754309           
       2.665465             0.00707126396             0.00030033041           
       2.668105             0.00674014871            0.000293330653           
       2.670746             0.00679420446             0.00029201264           
       2.673386             0.00720445894            0.000304344072           
       2.676027             0.00674129699             0.00029189601           
       2.678667             0.00705654038            0.000300195559           
       2.681307             0.00692939823            0.000295139642           
       2.683948             0.00722428388            0.000304346989           
       2.686588             0.00724475018            0.000301980964           
       2.689229             0.00762571118            0.000312599566           
       2.691869              0.0073444606            0.000303718638           
       2.694509             0.00745975481            0.000310290974           
       2.697150             0.00723063888            0.000300613021           
       2.699790             0.00690990753            0.000299974559           
       2.702430             0.00720019917            0.000300339887           
       2.705071             0.00699647202            0.000300112253           
       2.707711             0.00735335314            0.000304620277           
       2.710352             0.00670557298            0.000292549239           
       2.712992             0.00689626076             0.00029764431           
       2.715632             0.00641231042            0.000285378055           
       2.718273             0.00648155498            0.000287867273           
       2.720913              0.0067561982            0.000294393595           
       2.723553             0.00679595183            0.000294232449           
       2.726194             0.00690254742             0.00029796113           
       2.728834             0.00701847238            0.000297781953           
       2.731475             0.00697708821            0.000299497572           
       2.734115             0.00674651032            0.000292752225           
       2.736755             0.00695367584            0.000299177733           
       2.739396             0.00716262286            0.000302033735           
       2.742036             0.00711044387            0.000302985603           
       2.744677             0.00744386616            0.000310461257           
       2.747317             0.00724733425            0.000304847226           
       2.749957             0.00783246602            0.000319213756           
       2.752598             0.00693105163            0.000301188073           
       2.755238             0.00723051336            0.000307487165           
       2.757878             0.00766251334            0.000315638343           
       2.760519             0.00718672899            0.000302454374           
       2.763159             0.00773195718            0.000318818649           
       2.765800             0.00724891909            0.000303469993           
       2.768440             0.00721876977            0.000306827674           
       2.771080             0.00675502389            0.000294307315           
       2.773721             0.00704511518            0.000304247576           
       2.776361             0.00701474386            0.000300330396           
       2.779001             0.00645622965            0.000291154942           
       2.781642             0.00658383107            0.000292011842           
       2.784282             0.00759765812            0.000313799668           
       2.786923             0.00666106914            0.000291587561           
       2.789563               0.007073995            0.000301093196           
       2.792203             0.00722129971            0.000306148388           
       2.794844              0.0067685685            0.000295047595           
       2.797484             0.00641486015             0.00028763965           
       2.800125             0.00667122127            0.000292951845           
       2.802765             0.00638987925            0.000292023068           
       2.805405             0.00735989416            0.000308881491           
       2.808046             0.00683421247            0.000302210163           
       2.810686             0.00655819008            0.000292889886           
       2.813326             0.00649036575            0.000294976328           
       2.815967             0.00725457463            0.000309893851           
       2.818607             0.00745137499            0.000317208631           
       2.821248             0.00672595037            0.000297614707           
       2.823888             0.00644653931            0.000296060335           
       2.826528             0.00620430838             0.00028871194           
       2.829169             0.00670421862            0.000298793082           
       2.831809             0.00608517239             0.00028491364           
       2.834449             0.00635510535            0.000286082106           
       2.837090             0.00669547917            0.000295410477           
       2.839730             0.00696674655            0.000299195412           
       2.842371             0.00722861521             0.00030689012           
       2.845011             0.00686180611             0.00029833547           
       2.847651             0.00669036199            0.000295125895           
       2.850292             0.00629344942            0.000284611369           
       2.852932              0.0070755615            0.000302319679           
       2.855573             0.00710746572             0.00030566163           
       2.858213             0.00632315566            0.000285069025           
       2.860853             0.00620791464            0.000284573537           
       2.863494             0.00672743718            0.000296955203           
       2.866134             0.00705255359            0.000308310763           
       2.868774             0.00701143154            0.000302704891           
       2.871415             0.00689503441            0.000303152799           
       2.874055             0.00650366288            0.000295881846           
       2.876696             0.00674811565             0.00029867729           
       2.879336             0.00671358793            0.000299889751           
       2.881976              0.0066650924            0.000298558737           
       2.884617              0.0064789705            0.000292725393           
       2.887257             0.00696034016            0.000301289433           
       2.889897             0.00658763235            0.000296471501           
       2.892538             0.00640458865            0.000290296793           
       2.895178             0.00662205894            0.000292174013           
       2.897819             0.00655111252            0.000293593523           
       2.900459             0.00658801719            0.000291981658           
       2.903099             0.00703228117            0.000303241087           
       2.905740             0.00674564326            0.000293681499           
       2.908380             0.00681432532            0.000299107689           
       2.911021             0.00677019624            0.000298704376           
       2.913661             0.00707466281            0.000301986834           
       2.916301             0.00673553042            0.000298851709           
       2.918942               0.006692149            0.000293393721           
       2.921582             0.00730208001            0.000309687774           
       2.924222             0.00737993608            0.000309528579           
       2.926863             0.00674063241            0.000296603875           
       2.929503              0.0073961388            0.000314140217           
       2.932144             0.00692369475            0.000298956536           
       2.934784             0.00677366691            0.000296956447           
       2.937424             0.00746229185            0.000312262251           
       2.940065             0.00743511148            0.000311946727           
       2.942705             0.00680640203            0.000299373333           
       2.945346             0.00666245978            0.000294441395           
       2.947986             0.00826065144             0.00032900674           
       2.950626             0.00977294295            0.000358957987           
       2.953267             0.00997347876            0.000358769826           
       2.955907             0.00852000022            0.000335982399           
       2.958547             0.00816753703            0.000325586303           
       2.961188             0.00722392717            0.000308874535           
       2.963828             0.00638053136            0.000288639443           
       2.966469             0.00663884308            0.000294497497           
       2.969109             0.00693952809            0.000302632685           
       2.971749             0.00891776448            0.000342057865           
       2.974390             0.00946302464            0.000353326853           
       2.977030             0.00847297308            0.000333696967           
       2.979670             0.00791493733            0.000320441722           
       2.982311             0.00688636604            0.000301053284           
       2.984951             0.00708199521            0.000306088919           
       2.987592             0.00790390886            0.000322271892           
       2.990232             0.00811515731            0.000327384041           
       2.992872             0.00863120007            0.000334991253           
       2.995513              0.0107237534            0.000376330466           
       2.998153              0.0158790853            0.000460894574           
       3.000794              0.0252701493            0.000572963142           
       3.003434              0.0260750698            0.000588188235           
       3.006074              0.0177837769            0.000487318611           
       3.008715                0.01463076            0.000445378178           
       3.011355              0.0173318253            0.000489791043           
       3.013995              0.0160507832             0.00046903775           
       3.016636               0.028487538            0.000626037961           
       3.019276               0.196064121             0.00168162335           
       3.021917               0.399358273             0.00235929486           
       3.024557               0.144303225             0.00142952681           
       3.027197              0.0755980437             0.00105205442           
       3.029838               0.156767217             0.00150774818           
       3.032478              0.0979421467             0.00119887356           
       3.035118              0.0754726148             0.00105782304           
       3.037759              0.0761282715             0.00106427908           
       3.040399              0.0666055159             0.00100688278           
       3.043040              0.0666851388             0.00101726971           
       3.045680              0.0535141914            0.000897254069           
       3.048320               0.067098725             0.00102082614           
       3.050961              0.0424793452             0.00082038314           
       3.053601               0.069443694             0.00104428579           
       3.056242              0.0894409186             0.00119275657           
       3.058882              0.0796602246             0.00114239777           
       3.061522               0.239733198             0.00196807304           
       3.064163              0.0805130941             0.00114261498           
       3.066803              0.0253077023            0.000652996469           
       3.069443              0.0232177296            0.000621286896           
       3.072084              0.0511155529            0.000930053062           
       3.074724              0.0698505053              0.0010936363           
       3.077365              0.0139269434            0.000487983345           
       3.080005             0.00951729834            0.000407871577           
       3.082645             0.00857941426            0.000389225325           
       3.085286             0.00906078871            0.000400068607           
       3.087926             0.00757211305            0.000368056475           
       3.090566              0.0078284958            0.000378090451           
       3.093207             0.00656705745            0.000342550213           
       3.095847             0.00746389935            0.000372847246           
       3.098488             0.00802395267            0.000385881576           
       3.101128             0.00820766281             0.00039239997           
       3.103768             0.00792832158            0.000387837401           
       3.106409             0.00846263612            0.000403376948           
       3.109049             0.00967268562            0.000434605156           
       3.111690              0.0131378773            0.000504510919           
       3.114330              0.0201991969            0.000631134857           
       3.116970              0.0182126721            0.000607633867           
       3.119611              0.0124420758            0.000498960817           
       3.122251              0.0100418361             0.00045192754           
       3.124891             0.00840623447            0.000415495476           
       3.127532             0.00855001564            0.000426582144           
       3.130172             0.00979008434            0.000447079873           
       3.132813              0.0074624196            0.000398273978           
       3.135453              0.0074208586            0.000405541251           
       3.138093             0.00638037051            0.000367114957           
       3.140734             0.00665242424            0.000381836523           
       3.143374             0.00708080918            0.000399960997           
       3.146014             0.00564431179            0.000354501152           
       3.148655             0.00638560596            0.000380031063           
       3.151295              0.0072462405            0.000408035942           
       3.153936             0.00747230571            0.000420468832           
       3.156576             0.00689403823            0.000399235398           
       3.159216             0.00531994817            0.000353576553           
       3.161857             0.00667726245             0.00040098136           
       3.164497             0.00617153069            0.000393625695           
       3.167138             0.00601261741            0.000379203495           
       3.169778             0.00639962655            0.000398281292           
       3.172418             0.00573168716            0.000379126544           
       3.175059             0.00637431315            0.000405047841           
       3.177699             0.00586223246            0.000386903243           
       3.180339             0.00664236513            0.000415524774           
       3.182980             0.00611278088            0.000403997467           
       3.185620             0.00600235827            0.000404706587           
       3.188261             0.00583389819            0.000393759717           
       3.190901             0.00596369825             0.00040425061           
       3.193541             0.00567703567            0.000395714894           
       3.196182             0.00568661205            0.000404288892           
       3.198822             0.00621540614            0.000417544599           
       3.201463             0.00620989978             0.00042275677           
       3.204103             0.00620642476            0.000428266412           
       3.206743             0.00587828165            0.000420314952           
       3.209384             0.00589545133             0.00041905194           
       3.212024              0.0058699321            0.000419629426           
       3.214664             0.00615946864            0.000438047207           
       3.217305             0.00603110278            0.000443571413           
       3.219945             0.00609193618            0.000442075046           
       3.222586             0.00566629229             0.00042876436           
       3.225226              0.0057514304            0.000441705174           
       3.227866             0.00465160802            0.000400306805           
       3.230507             0.00634526995            0.000473116553           
       3.233147             0.00570985355            0.000442164529           
       3.235787             0.00531151064            0.000426578025           
       3.238428              0.0057771484            0.000452740577           
       3.241068             0.00628157115            0.000481665101           
       3.243709             0.00547433057            0.000447156257           
       3.246349             0.00535339554            0.000439715474           
       3.248989             0.00520967654            0.000443687687           
       3.251630             0.00575104568            0.000468233585           
       3.254270             0.00662441999            0.000517978423           
       3.256911             0.00635480077            0.000494616298           
       3.259551             0.00506873343            0.000451501728           
       3.262191             0.00570263999            0.000483308958           
       3.264832             0.00564646479            0.000485435111           
       3.267472              0.0060177042            0.000508245995           
       3.270112             0.00548613811            0.000486660936           
       3.272753             0.00478156998            0.000459920694           
       3.275393             0.00595051752            0.000515709059           
       3.278034              0.0049469082            0.000479791377           
       3.280674             0.00502517685              0.0004849755           
       3.283314             0.00554089174              0.0005120673           
       3.285955             0.00527343491            0.000508938998           
       3.288595             0.00622391445             0.00055907354           
       3.291235             0.00538860719            0.000523261889           
       3.293876             0.00730251623            0.000612746784           
       3.296516             0.00542203758             0.00053875952           
       3.299157             0.00530313678            0.000540872757           
       3.301797             0.00546044174            0.000549069223           
       3.304437             0.00563928104            0.000568447548           
       3.307078             0.00549578514            0.000566620162           
       3.309718             0.00484774351            0.000537477997           
       3.312359             0.00553074093            0.000585693301           
       3.314999             0.00542172225            0.000585975507           
       3.317639             0.00508189423            0.000573423012           
       3.320280             0.00606829683            0.000635758076           
       3.322920             0.00586878162            0.000634573837           
       3.325560             0.00565468448            0.000634919312           
       3.328201             0.00592081522            0.000652434772           
       3.330841             0.00577284654            0.000659898812           
       3.333482             0.00668360175            0.000719063398           
       3.336122             0.00527705052            0.000652823253           
       3.338762             0.00562165855            0.000679964715           
       3.341403             0.00606015533            0.000712535285           
       3.344043             0.00536753615            0.000696176433           
       3.346683             0.00594180955            0.000739901381           
       3.349324             0.00458033745            0.000659681954           
       3.351964             0.00601919653            0.000780543824           
       3.354605             0.00450986443            0.000683282067           
       3.357245             0.00560684554            0.000788643475           
       3.359885             0.00558790542              0.0007875933           
       3.362526             0.00569225121            0.000835557668           
       3.365166             0.00484978876            0.000761729095           
       3.367807             0.00323472715            0.000665932752           
       3.370447             0.00366371556            0.000708991076           
       3.373087             0.00468707227            0.000846344455           
       3.375728             0.00356136523            0.000732165332           
       3.378368             0.00520695418            0.000956638015           
       3.381008             0.00545481269            0.000970604419           
       3.383649             0.00541170723             0.00104625627           
       3.386289             0.00460367917            0.000965389391           
       3.388930             0.00362867646            0.000941291495           
       3.391570             0.00409437393             0.00100028977           
       3.394210             0.00524373616              0.0012129302           
       3.396851             0.00643551561             0.00145556011           
       3.399491             0.00397768304             0.00116510477           
       3.402131             0.00372372928             0.00133440219           
       3.404772             0.00324637378             0.00124647349           
       3.407412             0.00637345078             0.00216719907           
       3.410053              0.0083825665             0.00258801496           
       3.412693             0.00151728379              0.0015577893           
       3.415333              0.0110632096             0.00515392507           
