################################################################################
# EDF_DataBlockID                     0.Image.Psd
# EDF_BinarySize                      2105344
# EDF_HeaderSize                      2560
# ByteOrder                           LowByteFirst
# DataType                            FloatValue
# Dim_1                               512
# Dim_2                               1028
# Image                               0
# HeaderID                            EH:000000:000000:000000
# Size                                2105344
# Center_1                            304.9000
# Center_2                            588.7000
# Comment                             Xenocs_Cell_Window - front_window_open_only
# DDummy                              0.6
# Date                                2025-10-19T07:19:35
# Delta                               21.910000
# Dummy                               -1.5
# ExposureTime                        360
# Gamma                               15.360000
# Intensity1                          9.01631e-10
# PSize_1                             7.5e-05
# PSize_2                             7.5e-05
# Pressure                            0.0330877
# SampleDistance                      0.115750
# SampleEnvKind                       large
# SampleEnvPN                         ElectroChemical cell
# SampleEnvSN                         1141
# Thickness                           0
# Wavelength                          1.541891e-10
# Wavelength                          1.54189e-10
# aux                                 0
# aux_dial                            0.002375
# beamx                               588.429
# beamx_dial                          588.429
# beamz                               657.855
# beamz_dial                          657.855
# det0x                               -0.000396875
# det0x_dial                          6.36905
# det0xvd                             -0.0005
# det0xvd_dial                        -0.0005
# det0y                               450.002
# det0y_dial                          481.635
# det0z                               0
# det0z_dial                          1.2295
# det0zvd                             0
# det0zvd_dial                        0
# mag                                 1.818
# mag_dial                            1.818
# om                                  0.2499
# om_dial                             -0.610199
# phi                                 -0.0120535
# phi_dial                            0
# ry                                  0.599993
# ry_dial                             0.599993
# s1bot                               0.8
# s1bot_dial                          -1.66094
# s1hl                                0.8
# s1hl_dial                           -0.608437
# s1hr                                0.8
# s1hr_dial                           0.970938
# s1top                               0.8
# s1top_dial                          -0.461562
# s2bot                               0.45
# s2bot_dial                          1.36109
# s2hl                                0.45
# s2hl_dial                           -0.83375
# s2hr                                0.45
# s2hr_dial                           -0.118594
# s2top                               0.45
# s2top_dial                          1.44734
# w2theta                             32
# w2theta_dial                        32
# waxsch                              19.2605
# waxsch_dial                         -32.7238
# waxsh                               137.085
# waxsh_dial                          -43.5335
# waxsth                              26.0607
# waxsth_dial                         -19.4068
# waxsz                               67.0407
# waxsz_dial                          -23.7962
# wind                                65.9854
# wind_dial                           66.0041
# wpsi                                124
# wpsi_dial                           124
# wstod                               115
# wstod_dial                          115
# x                                   0
# x_dial                              1.00969
# z                                   0
# z_dial                              13.3172
# CountCutoff                         6807993
# DetectorModel                       Dectris EIGER2 Si 500K, S/N E-01-0554
# ThresholdSetting                    4023.88989258
# Saturation                          0
# FlatField                           Corrected
# BackgroundReductionExtra            0.02
# BackgroundCorrectionConstant        0.0026712
# Detector                            0
# Monitor                             0
# Pil_Roi0                            0
# SumForIntensity1                    3.24587e+08
# TransmittedFlux                     901631
# det                                 0
# mon                                 0
# pilai0                              3.24587e+08
# pilai1                              696899
# pilct0                              5.61449e+08
# pilct1                              696899
# pilroi0                             0
# pilroi1                             0
# sec                                 1
# title                               20251017__1_00338.edf
# usaxs0                              0
# Operation                           Azimuthal average I(q)
# Error_model                         ErrorModel.poisson
# Geometrical_correction              True
# Transmission_correction             True
# Thickness_correction                False
# Binning mode                        Uniform
# Binning factor                      1.0
# Psi                                 0.0
# Omega                               0.2499
# MaskInvalidPixels                   True
# DetectorEdge                        3
# MaskFiles                           ['20251017__1_00233_mask.edf']
################################################################################
    q(A⁻¹)                Intensity(a.u.)            Sigma_I(a.u.)            
       0.690460              0.0229921263              0.0139245141           
       0.693100             0.00313973835             0.00230051439           
       0.695741              0.0046255399             0.00235898708           
       0.698381             0.00612997247             0.00253991846           
       0.701021              0.0102287013             0.00267772287           
       0.703662             0.00696746641             0.00204566804           
       0.706302             0.00493027854             0.00166191687           
       0.708942             0.00910568728             0.00200619832           
       0.711583             0.00519911004             0.00151566232           
       0.714223             0.00757596475             0.00159434075           
       0.716864             0.00956807817             0.00182837906           
       0.719504             0.00650099888             0.00139482844           
       0.722144             0.00604432613             0.00129894387           
       0.724785             0.00771731003             0.00144368458           
       0.727425             0.00575028501             0.00115590435           
       0.730065             0.00655211474             0.00126957838           
       0.732706             0.00726622691             0.00120226747           
       0.735346             0.00413509913            0.000979674757           
       0.737987             0.00842254226              0.0012101759           
       0.740627             0.00807523974             0.00129811274           
       0.743267             0.00628378492            0.000984987871           
       0.745908             0.00670571022             0.00109050025           
       0.748548             0.00827024433             0.00112951696           
       0.751189             0.00706316583             0.00103400422           
       0.753829             0.00734352026             0.00106383644           
       0.756469             0.00636234429            0.000931346589           
       0.759110             0.00565071376            0.000907858141           
       0.761750             0.00630972395            0.000877990258           
       0.764390             0.00752183621              0.0010290257           
       0.767031             0.00697520672            0.000896676276           
       0.769671             0.00631566211            0.000904879479           
       0.772312             0.00704566725            0.000870940693           
       0.774952             0.00614619125            0.000872061004           
       0.777592             0.00793029031            0.000906031828           
       0.780233             0.00640276367            0.000858241473           
       0.782873             0.00658181471            0.000795714664           
       0.785513             0.00767040925            0.000913772749           
       0.788154             0.00619061492            0.000754016517           
       0.790794             0.00760698263            0.000865064466           
       0.793435             0.00604214253            0.000740509571           
       0.796075             0.00500892736            0.000677791391           
       0.798715              0.0064809334            0.000766577475           
       0.801356             0.00644556092            0.000744023754           
       0.803996             0.00750146623            0.000815482987           
       0.806637             0.00590910299            0.000684156919           
       0.809277             0.00742723702            0.000802431512           
       0.811917             0.00532646617            0.000643040697           
       0.814558             0.00663866673            0.000735434603           
       0.817198              0.0067710874            0.000708196726           
       0.819838             0.00585425724            0.000686893631           
       0.822479              0.0068042112            0.000682438116           
       0.825119             0.00651433371            0.000717327566           
       0.827760             0.00608419591            0.000642358778           
       0.830400              0.0057605051            0.000658556576           
       0.833040             0.00774725441            0.000712772536           
       0.835681             0.00693518322            0.000706221816           
       0.838321             0.00645800801            0.000637864862           
       0.840961             0.00649260033            0.000668507443           
       0.843602             0.00611533173            0.000611138348           
       0.846242             0.00690066455            0.000672115514           
       0.848883             0.00775404667            0.000693067035           
       0.851523             0.00580401686            0.000604112695           
       0.854163             0.00683920696            0.000648158886           
       0.856804             0.00626081023            0.000604278198           
       0.859444             0.00570603024            0.000581031962           
       0.862085               0.006687767            0.000619883022           
       0.864725             0.00662465683            0.000614686232           
       0.867365             0.00648566277            0.000603847951           
       0.870006             0.00741767573            0.000654789636           
       0.872646             0.00688481516            0.000603378119           
       0.875286             0.00645512368            0.000604153042           
       0.877927             0.00633367573            0.000572984285           
       0.880567             0.00719114741            0.000622467025           
       0.883208             0.00677999581            0.000586955045           
       0.885848             0.00626579274            0.000578891598           
       0.888488             0.00880864472            0.000652622845           
       0.891129              0.0070076963            0.000611888019           
       0.893769             0.00632181518            0.000549352615           
       0.896410             0.00680651156            0.000587581927           
       0.899050             0.00741826453            0.000591456169           
       0.901690             0.00634373214            0.000558361967           
       0.904331             0.00705164691            0.000568139792           
       0.906971             0.00707909191            0.000587799232           
       0.909611             0.00602436484            0.000520464419           
       0.912252             0.00604416448            0.000530352466           
       0.914892             0.00720174653            0.000564252516           
       0.917533             0.00763036858            0.000593906197           
       0.920173             0.00733075352             0.00055840669           
       0.922813             0.00654277773            0.000551291246           
       0.925454             0.00624837895             0.00051130159           
       0.928094             0.00636889357             0.00052728916           
       0.930734             0.00673586181            0.000529325737           
       0.933375             0.00742480102            0.000567583223           
       0.936015              0.0062036628            0.000496409374           
       0.938656             0.00748315282            0.000568071801           
       0.941296             0.00829634013            0.000576606984           
       0.943936             0.00723641528            0.000548214227           
       0.946577             0.00727212395            0.000529265225           
       0.949217             0.00794197008            0.000572637604           
       0.951858             0.00682855526            0.000501981495           
       0.954498             0.00796117664            0.000570224142           
       0.957138             0.00747613723            0.000531111899           
       0.959779             0.00726038773            0.000534840352           
       0.962419             0.00645478973            0.000485483315           
       0.965059             0.00687979856            0.000515448239           
       0.967700             0.00765386916            0.000526091702           
       0.970340             0.00769289458            0.000542251859           
       0.972981             0.00686548507            0.000494603269           
       0.975621             0.00661230332            0.000495561112           
       0.978261              0.0069759696            0.000485655798           
       0.980902             0.00723030649            0.000517972159           
       0.983542             0.00762871261            0.000516559683           
       0.986182             0.00851462764            0.000552916708           
       0.988823             0.00779344404            0.000511914911           
       0.991463             0.00705735506             0.00049877563           
       0.994104             0.00724583465            0.000488356671           
       0.996744             0.00782310929            0.000523893156           
       0.999384              0.0066196379            0.000465558302           
       1.002025             0.00726734764            0.000501385377           
       1.004665               0.007421238            0.000485912061           
       1.007306             0.00734391905            0.000499571096           
       1.009946             0.00776585696            0.000493959772           
       1.012586             0.00781848084            0.000509887614           
       1.015227             0.00757508385             0.00048669633           
       1.017867             0.00853415541            0.000531392068           
       1.020507             0.00763603331            0.000483730789           
       1.023148             0.00808064032            0.000503624556           
       1.025788             0.00867452708            0.000516460274           
       1.028429             0.00780639573             0.00050064631           
       1.031069             0.00835262267            0.000498937979           
       1.033709             0.00714611758            0.000470360528           
       1.036350             0.00708721896            0.000456135309           
       1.038990             0.00710435118            0.000467960876           
       1.041630             0.00839459969            0.000498896813           
       1.044271             0.00780542864            0.000481124946           
       1.046911             0.00754857898            0.000464351746           
       1.049552              0.0089986652             0.00052526572           
       1.052192             0.00785739622            0.000468756188           
       1.054832             0.00767789053            0.000472381985           
       1.057473             0.00858613638            0.000493217111           
       1.060113             0.00817421403            0.000486451794           
       1.062754             0.00787049721            0.000472049781           
       1.065394             0.00848087247            0.000484856722           
       1.068034             0.00726591643            0.000447047546           
       1.070675             0.00769774437            0.000468233615           
       1.073315             0.00786603543             0.00045885632           
       1.075955             0.00882133538            0.000494070869           
       1.078596             0.00842010512            0.000481749814           
       1.081236             0.00896226318             0.00048964565           
       1.083877             0.00856388439            0.000493591521           
       1.086517              0.0090251516            0.000495247613           
       1.089157             0.00733322719            0.000449692061           
       1.091798             0.00805045094             0.00046118732           
       1.094438             0.00755243991            0.000453794141           
       1.097078              0.0081552203            0.000459437991           
       1.099719              0.0086305867            0.000484751874           
       1.102359             0.00884960194            0.000465004983           
       1.105000             0.00836677886            0.000469949049           
       1.107640             0.00853164385            0.000459087182           
       1.110280             0.00824223476            0.000460268738           
       1.112921             0.00814725032            0.000449328836           
       1.115561             0.00821507986            0.000456921356           
       1.118202             0.00908435094            0.000466464062           
       1.120842             0.00818151651            0.000456625982           
       1.123482             0.00727406923            0.000418480861           
       1.126123             0.00836429626            0.000451547598           
       1.128763             0.00863281961            0.000456463157           
       1.131403             0.00822186795            0.000444773593           
       1.134044             0.00877285118            0.000458637621           
       1.136684             0.00851052464            0.000455123282           
       1.139325             0.00866184438            0.000446214761           
       1.141965             0.00812088383            0.000437706975           
       1.144605             0.00866527028            0.000454795747           
       1.147246             0.00904306297            0.000455805126           
       1.149886             0.00944100426            0.000469038232           
       1.152527              0.0085857391             0.00044773696           
       1.155167             0.00803313296            0.000426999198           
       1.157807             0.00828231685            0.000433869971           
       1.160448             0.00857303266            0.000447458516           
       1.163088             0.00893754162            0.000439922225           
       1.165728             0.00918235846            0.000464286118           
       1.168369             0.00890022454            0.000440779574           
       1.171009             0.00877957667            0.000441411453           
       1.173650             0.00978513737            0.000462644255           
       1.176290             0.00954133948            0.000462204956           
       1.178930             0.00927380399            0.000442869206           
       1.181571             0.00917296908             0.00045484089           
       1.184211             0.00934168553            0.000445142059           
       1.186851             0.00977517649             0.00045955172           
       1.189492             0.00905416332             0.00044473491           
       1.192132              0.0102456001            0.000466085565           
       1.194773             0.00885720301             0.00043074197           
       1.197413             0.00947245338            0.000449084917           
       1.200053             0.00941852659            0.000444987298           
       1.202694              0.0110769494            0.000478939991           
       1.205334              0.0101136821            0.000462644501           
       1.207975              0.0100717492            0.000452638324           
       1.210615             0.00878857177            0.000431763504           
       1.213255             0.00921600039            0.000430441292           
       1.215896             0.00949990617            0.000445304803           
       1.218536             0.00966093228            0.000436128876           
       1.221176             0.00970868513            0.000447640983           
       1.223817             0.00962081018            0.000436325096           
       1.226457              0.0094202515            0.000437237236           
       1.229098             0.00906318256            0.000422364252           
       1.231738             0.00911762191            0.000429596226           
       1.234378             0.00965563583            0.000433499452           
       1.237019             0.00950482869            0.000433569968           
       1.239659             0.00895907808            0.000420710804           
       1.242299             0.00987979389            0.000439541611           
       1.244940              0.0101207108            0.000440066365           
       1.247580             0.00945671745            0.000427263958           
       1.250221             0.00979505111            0.000441937988           
       1.252861             0.00980457228            0.000425679673           
       1.255501             0.00997607714             0.00044150996           
       1.258142             0.00995173253            0.000432252959           
       1.260782             0.00954814724            0.000428179953           
       1.263423              0.0100360235            0.000430285869           
       1.266063             0.00922871947            0.000420307481           
       1.268703              0.0100578219            0.000427726453           
       1.271344             0.00955237439            0.000425919194           
       1.273984              0.0103602144            0.000436639254           
       1.276624              0.0100400077            0.000427215974           
       1.279265             0.00984062065            0.000423876048           
       1.281905               0.010063008            0.000431280908           
       1.284546             0.00948141604            0.000414059167           
       1.287186              0.0095612271            0.000416197667           
       1.289826              0.0101585904            0.000431226898           
       1.292467              0.0100853473            0.000422000737           
       1.295107             0.00994719117            0.000426487582           
       1.297747              0.0103916539            0.000424477913           
       1.300388              0.0106526792            0.000440812343           
       1.303028              0.0092280003            0.000399844863           
       1.305669              0.0105434777            0.000432917159           
       1.308309             0.00987753584            0.000412721894           
       1.310949              0.0106697301            0.000434299662           
       1.313590              0.0100889696            0.000415779026           
       1.316230              0.0105795978            0.000433432575           
       1.318871              0.0100799375            0.000413946365           
       1.321511              0.0108324972            0.000431271139           
       1.324151              0.0110474142            0.000437249309           
       1.326792             0.00988184359            0.000410190359           
       1.329432             0.00931756296            0.000400384401           
       1.332072              0.0104867736            0.000417479587           
       1.334713              0.0098801771            0.000410250961           
       1.337353              0.0103589412            0.000413611446           
       1.339994              0.0106581245             0.00042551759           
       1.342634              0.0108712623            0.000420076464           
       1.345274              0.0113150189            0.000434167055           
       1.347915              0.0108997132            0.000427257629           
       1.350555              0.0108414003             0.00042444846           
       1.353195               0.011417487             0.00042724679           
       1.355836              0.0107806397            0.000422993491           
       1.358476              0.0108752658            0.000423650961           
       1.361117                 0.0107977            0.000411547743           
       1.363757              0.0111859712            0.000432763797           
       1.366397              0.0110137879            0.000416047654           
       1.369038              0.0103510167            0.000411836465           
       1.371678              0.0109468926            0.000414972807           
       1.374319              0.0108678476            0.000416751169           
       1.376959              0.0106616103            0.000407095239           
       1.379599              0.0101483123             0.00040491638           
       1.382240              0.0101454838            0.000397170207           
       1.384880              0.0110337557            0.000419277683           
       1.387520              0.0104417497            0.000403105841           
       1.390161              0.0102618853            0.000398532761           
       1.392801              0.0103308505            0.000402252991           
       1.395442               0.010376254             0.00039895891           
       1.398082              0.0106808861            0.000406158154           
       1.400722              0.0105797492            0.000402404484           
       1.403363              0.0104107278             0.00040288143           
       1.406003              0.0102425321            0.000389801125           
       1.408644              0.0110133099            0.000412687604           
       1.411284              0.0103357909            0.000397599698           
       1.413924              0.0105026706             0.00039585334           
       1.416565               0.010139146            0.000388485038           
       1.419205              0.0108144967            0.000405166797           
       1.421845              0.0103994637            0.000392321142           
       1.424486              0.0118054959            0.000419847367           
       1.427126              0.0108154542              0.0004016036           
       1.429767              0.0112111554            0.000402583422           
       1.432407              0.0111650851            0.000411876184           
       1.435047              0.0108873263            0.000394498499           
       1.437688              0.0105177836            0.000396332156           
       1.440328              0.0105981092             0.00039013301           
       1.442968              0.0105346656             0.00039434793           
       1.445609              0.0108153292            0.000392994392           
       1.448249              0.0107550725            0.000394432055           
       1.450890              0.0103387385            0.000383963686           
       1.453530              0.0105312888             0.00039039312           
       1.456170              0.0105579272            0.000390006522           
       1.458811              0.0110759713            0.000396282118           
       1.461451              0.0104976623            0.000388633861           
       1.464092              0.0101666439            0.000379123718           
       1.466732               0.011480238            0.000400401432           
       1.469372              0.0103297697            0.000378641717           
       1.472013             0.00991209236            0.000377543544           
       1.474653              0.0108915018            0.000385984761           
       1.477293              0.0106750407            0.000388562047           
       1.479934              0.0109290105            0.000389042055           
       1.482574               0.010917294            0.000387873834           
       1.485215              0.0101048394            0.000374123126           
       1.487855              0.0100592445            0.000373201005           
       1.490495             0.00998497443            0.000371020442           
       1.493136              0.0104366397            0.000374344655           
       1.495776              0.0106595875            0.000384917807           
       1.498416              0.0103129684            0.000371252601           
       1.501057              0.0111347449            0.000389078584           
       1.503697              0.0108647484            0.000380637183           
       1.506338              0.0103219034              0.0003737347           
       1.508978              0.0105633069            0.000375847489           
       1.511618              0.0105649633            0.000375686997           
       1.514259              0.0106090917            0.000377150703           
       1.516899              0.0106405754            0.000377885801           
       1.519540             0.00974041298            0.000359542237           
       1.522180              0.0102719923            0.000364611879           
       1.524820              0.0105097032            0.000376255601           
       1.527461               0.010237614            0.000363138126           
       1.530101              0.0101634299            0.000365561012           
       1.532741              0.0100900321            0.000362512911           
       1.535382              0.0106263142              0.0003728412           
       1.538022              0.0105386484            0.000368014969           
       1.540663             0.00978993295            0.000358053669           
       1.543303              0.0101630218            0.000360272656           
       1.545943              0.0105005017            0.000368257872           
       1.548584              0.0103507742            0.000367569893           
       1.551224              0.0101396225            0.000354474619           
       1.553864             0.00997528771            0.000360775103           
       1.556505               0.010068539            0.000356881801           
       1.559145              0.0100671052            0.000357681371           
       1.561786              0.0099348603            0.000353714581           
       1.564426             0.00992207078            0.000353167547           
       1.567066             0.00988183873            0.000349699884           
       1.569707              0.0103640175            0.000363314791           
       1.572347             0.00935506981            0.000340699131           
       1.574988             0.00965198853             0.00034469455           
       1.577628             0.00998858031            0.000358548162           
       1.580268             0.00947957604            0.000337239118           
       1.582909             0.00893544867            0.000333541372           
       1.585549              0.0100245981            0.000349983292           
       1.588189             0.00957969263            0.000345950021           
       1.590830             0.00926046931            0.000334298489           
       1.593470             0.00925532913            0.000336934916           
       1.596111             0.00885630638            0.000326743884           
       1.598751             0.00947098013             0.00034134674           
       1.601391             0.00917983877            0.000333910613           
       1.604032             0.00923902949            0.000332187983           
       1.606672             0.00906513749            0.000335669656           
       1.609312               0.008876852            0.000322281748           
       1.611953             0.00913737383            0.000331715449           
       1.614593             0.00902866693            0.000327228459           
       1.617234             0.00975270117            0.000342023941           
       1.619874              0.0087029301            0.000319291505           
       1.622514             0.00923020808            0.000331729765           
       1.625155             0.00894128917            0.000325689237           
       1.627795             0.00919217702            0.000326889967           
       1.630436             0.00893161452            0.000325462436           
       1.633076              0.0086276003            0.000318250262           
       1.635716             0.00836750517            0.000312869869           
       1.638357             0.00884044196            0.000320223806           
       1.640997             0.00860155964            0.000318337911           
       1.643637             0.00936373666            0.000325974864           
       1.646278             0.00810148137            0.000307747296           
       1.648918             0.00839339418            0.000309204272           
       1.651559             0.00885831153            0.000321646317           
       1.654199             0.00926932583            0.000324513675           
       1.656839             0.00827583793            0.000306547634           
       1.659480             0.00898850686             0.00032228786           
       1.662120              0.0085952795            0.000310936083           
       1.664761             0.00872900153            0.000316738102           
       1.667401             0.00843054592            0.000308376359           
       1.670041             0.00842566181            0.000308639816           
       1.672682             0.00903136204            0.000316534152           
       1.675322             0.00826557231            0.000308171203           
       1.677962             0.00886599437              0.0003128293           
       1.680603             0.00869034609              0.0003124637           
       1.683243              0.0085960269            0.000308464498           
       1.685884              0.0078046662            0.000295041413           
       1.688524             0.00903847736            0.000316613803           
       1.691164              0.0088632778            0.000312724343           
       1.693805             0.00888357536            0.000315613999           
       1.696445             0.00845083018            0.000303558291           
       1.699085             0.00855531914            0.000306648567           
       1.701726             0.00836109668            0.000299204619           
       1.704366             0.00881336931            0.000314665045           
       1.707007             0.00869066695            0.000305799087           
       1.709647             0.00879718416            0.000311490178           
       1.712287             0.00823202331            0.000296282892           
       1.714928             0.00819144381            0.000298523601           
       1.717568             0.00815715005            0.000295158701           
       1.720209             0.00895366851            0.000311143292           
       1.722849              0.0088683025            0.000310152987           
       1.725489             0.00883193222            0.000304583007           
       1.728130             0.00815249644            0.000298589969           
       1.730770             0.00778975158            0.000285702065           
       1.733410             0.00854309464            0.000303126118           
       1.736051             0.00808580999            0.000290324419           
       1.738691             0.00852571685            0.000301160279           
       1.741332             0.00850900218            0.000299012854           
       1.743972             0.00782516068            0.000286852228           
       1.746612             0.00822482794              0.0002941541           
       1.749253             0.00783268911             0.00028829675           
       1.751893             0.00853926562             0.00029921349           
       1.754533             0.00780602851            0.000282152617           
       1.757174             0.00853946559            0.000300627869           
       1.759814             0.00860280855            0.000297140585           
       1.762455             0.00837587746              0.0002956914           
       1.765095             0.00818166289            0.000288139095           
       1.767735             0.00875387431            0.000303109281           
       1.770376             0.00848999663            0.000293978935           
       1.773016             0.00802840404            0.000286326757           
       1.775657             0.00853682488            0.000295858716           
       1.778297             0.00781269387            0.000284417283           
       1.780937             0.00841856786            0.000293861933           
       1.783578             0.00793365507            0.000283933579           
       1.786218             0.00837987495            0.000296465674           
       1.788858             0.00837442233            0.000289005839           
       1.791499             0.00835731372            0.000294031453           
       1.794139             0.00818374294            0.000285589208           
       1.796780             0.00827290565            0.000288846903           
       1.799420             0.00850007574            0.000292413083           
       1.802060             0.00935893612            0.000303056753           
       1.804701             0.00816615509             0.00028688459           
       1.807341             0.00876755566            0.000294388504           
       1.809981             0.00865826904            0.000294490876           
       1.812622             0.00904165852            0.000299300702           
       1.815262               0.008599278            0.000292927695           
       1.817903             0.00836592607            0.000285356341           
       1.820543             0.00865378361            0.000293811328           
       1.823183             0.00835713051            0.000284282675           
       1.825824             0.00859522944            0.000292639521           
       1.828464             0.00875228914            0.000294395066           
       1.831105             0.00828898718            0.000287606397           
       1.833745             0.00836453271            0.000288733708           
       1.836385             0.00815488242             0.00028398349           
       1.839026             0.00853904598            0.000294963865           
       1.841666              0.0080887127            0.000283352942           
       1.844306             0.00815120638            0.000288036459           
       1.846947             0.00853090966            0.000290882099           
       1.849587              0.0084451162            0.000293341037           
       1.852228             0.00851902817            0.000291488358           
       1.854868             0.00804800795            0.000288511738           
       1.857508             0.00768970638            0.000276808888           
       1.860149             0.00814291731            0.000287132506           
       1.862789             0.00809716528             0.00028759169           
       1.865429             0.00766101644            0.000280582385           
       1.868070              0.0082277624            0.000289770921           
       1.870710             0.00830717264            0.000291958865           
       1.873351             0.00789090752            0.000286366551           
       1.875991             0.00853135113            0.000299371619           
       1.878631             0.00828819139            0.000292331854           
       1.881272             0.00818471317            0.000289820749           
       1.883912             0.00857421949            0.000300115709           
       1.886553             0.00814938079            0.000289076419           
       1.889193             0.00837868267            0.000296501084           
       1.891833             0.00836470795            0.000292882382           
       1.894474             0.00813929422            0.000291195673           
       1.897114             0.00844531238            0.000294318512           
       1.899754             0.00857369054            0.000299872791           
       1.902395             0.00793741397            0.000288592641           
       1.905035             0.00807887056            0.000290011856           
       1.907676             0.00815206946            0.000291661405           
       1.910316             0.00776127732             0.00028639931           
       1.912956             0.00780731342            0.000287236029           
       1.915597             0.00784934467            0.000285005571           
       1.918237             0.00817346407            0.000295245097           
       1.920878             0.00860869178            0.000297641449           
       1.923518             0.00814874762              0.0002972749           
       1.926158             0.00812551971            0.000290029567           
       1.928799             0.00808553832            0.000293159702           
       1.931439             0.00821327217            0.000293098421           
       1.934079             0.00794717022            0.000291230967           
       1.936720             0.00807175732            0.000291777396           
       1.939360             0.00794151894            0.000292203217           
       1.942001             0.00782235083            0.000288886937           
       1.944641             0.00789111595            0.000288903632           
       1.947281             0.00787357852             0.00028997666           
       1.949922             0.00781264609            0.000289213971           
       1.952562             0.00773685863            0.000290284379           
       1.955202             0.00785088703            0.000285068838           
       1.957843             0.00737565844            0.000285083639           
       1.960483             0.00789413421            0.000290229117           
       1.963124             0.00802064691            0.000292328564           
       1.965764             0.00793743403            0.000290912151           
       1.968404             0.00802956666            0.000297827879           
       1.971045             0.00841043096            0.000297168733           
       1.973685             0.00768872235            0.000289434888           
       1.976326             0.00786842565            0.000291521176           
       1.978966             0.00750846985            0.000286122581           
       1.981606             0.00823267651            0.000296435064           
       1.984247             0.00756021476            0.000286547491           
       1.986887             0.00773291525            0.000292512196           
       1.989527             0.00771332397            0.000286055121           
       1.992168             0.00752606551            0.000289378831           
       1.994808             0.00766271674            0.000288597809           
       1.997449             0.00824071946            0.000298845594           
       2.000089             0.00771710459            0.000287492587           
       2.002729             0.00746715056            0.000289278539           
       2.005370             0.00760773421            0.000286438406           
       2.008010             0.00800901877            0.000297797661           
       2.010650             0.00789485073            0.000294821683           
       2.013291             0.00793108946            0.000297179496           
       2.015931              0.0069746169            0.000276689783           
       2.018572             0.00756681738            0.000292024654           
       2.021212             0.00699993751            0.000278352234           
       2.023852             0.00738728108             0.00028745205           
       2.026493             0.00679442628            0.000274468234           
       2.029133             0.00741732404            0.000284586059           
       2.031774             0.00757177415            0.000290322152           
       2.034414             0.00819908986            0.000300306419           
       2.037054             0.00741504656            0.000289188232           
       2.039695             0.00776475976            0.000290100077           
       2.042335             0.00756545166             0.00029122681           
       2.044975             0.00728991971            0.000283589673           
       2.047616             0.00790965836            0.000296664038           
       2.050256             0.00731566025            0.000281951193           
       2.052897             0.00697668848            0.000283496412           
       2.055537               0.006957876            0.000275395147           
       2.058177             0.00753720566            0.000289162865           
       2.060818             0.00728493416            0.000285135974           
       2.063458             0.00696291008            0.000279146604           
       2.066098             0.00771476173             0.00029252745           
       2.068739             0.00724297722            0.000286397175           
       2.071379             0.00775908785            0.000292047946           
       2.074020             0.00763484388            0.000293667384           
       2.076660             0.00766164579            0.000292188279           
       2.079300              0.0069986534            0.000279219712           
       2.081941             0.00748223799            0.000290460364           
       2.084581             0.00737988078            0.000288680448           
       2.087222             0.00781994449              0.0002973653           
       2.089862             0.00713014361            0.000280408081           
       2.092502             0.00724511386             0.00028779568           
       2.095143             0.00721752737            0.000283141952           
       2.097783             0.00746417153            0.000292320725           
       2.100423             0.00701220736            0.000277899573           
       2.103064             0.00703346211            0.000283125837           
       2.105704             0.00803731404            0.000301498921           
       2.108345             0.00782946874            0.000298941162           
       2.110985             0.00737461887            0.000286052696           
       2.113625             0.00753347362            0.000293672422           
       2.116266             0.00737325444            0.000288382407           
       2.118906             0.00700655212             0.00028091533           
       2.121546              0.0074676839            0.000289781902           
       2.124187             0.00725300509            0.000289536374           
       2.126827             0.00739443961            0.000287760933           
       2.129468             0.00738111807            0.000290501878           
       2.132108             0.00723331765            0.000286983575           
       2.134748             0.00683479457            0.000277914497           
       2.137389             0.00773924267            0.000298208518           
       2.140029             0.00736312529            0.000290165626           
       2.142670             0.00685373101            0.000280406092           
       2.145310             0.00720183242            0.000288536977           
       2.147950             0.00707610892            0.000287113029           
       2.150591             0.00767720437            0.000296316578           
       2.153231             0.00716766436            0.000290547378           
       2.155871             0.00694643588            0.000281897507           
       2.158512             0.00761532858            0.000300476515           
       2.161152             0.00729412428            0.000286725548           
       2.163793             0.00743420395            0.000294175665           
       2.166433             0.00744469868            0.000289278347           
       2.169073             0.00718428028            0.000290808573           
       2.171714             0.00703717065            0.000281956264           
       2.174354             0.00752963793               0.000296112           
       2.176995             0.00747940259            0.000292674477           
       2.179635              0.0071517731            0.000291608752           
       2.182275              0.0076122288            0.000294877598           
       2.184916             0.00781086497            0.000305013129           
       2.187556             0.00719350444            0.000287998736           
       2.190196             0.00728080163            0.000294295098           
       2.192837             0.00755303249            0.000296464096           
       2.195477             0.00725120197            0.000293282155           
       2.198118             0.00764447239            0.000295570858           
       2.200758             0.00730076748             0.00029333546           
       2.203398             0.00740220437            0.000290468039           
       2.206039             0.00715265779            0.000289894149           
       2.208679             0.00704054617            0.000284797826           
       2.211319             0.00705987855             0.00028653094           
       2.213960             0.00725330622            0.000287341656           
       2.216600             0.00729810438            0.000295018732           
       2.219241             0.00736006692            0.000291961213           
       2.221881             0.00690823392            0.000284331955           
       2.224521             0.00762220678            0.000297627841           
       2.227162             0.00697976736            0.000289282434           
       2.229802              0.0075280914            0.000295553803           
       2.232443             0.00718749003            0.000289925734           
       2.235083             0.00715043523            0.000287443422           
       2.237723             0.00728544017            0.000292367805           
       2.240364             0.00721433222            0.000289457684           
       2.243004             0.00725890088            0.000291227588           
       2.245644              0.0073521859            0.000292416093           
       2.248285             0.00709860189            0.000289194204           
       2.250925             0.00712658272            0.000288408618           
       2.253566              0.0066332476            0.000278927487           
       2.256206             0.00752310207            0.000296158242           
       2.258846             0.00724219469            0.000290579061           
       2.261487             0.00729073758            0.000292055624           
       2.264127             0.00734656167            0.000295945522           
       2.266767             0.00749396287            0.000294068593           
       2.269408             0.00743530924            0.000296394429           
       2.272048              0.0073416272            0.000292709577           
       2.274689             0.00709052384             0.00028879146           
       2.277329             0.00717067788             0.00029003327           
       2.279969             0.00731495633            0.000293824438           
       2.282610             0.00669703764            0.000278398807           
       2.285250             0.00754680667            0.000300182135           
       2.287891             0.00744083163            0.000295059227           
       2.290531             0.00707851335             0.00028920505           
       2.293171             0.00714089589            0.000290462308           
       2.295812             0.00767392632            0.000299509814           
       2.298452             0.00734311961             0.00029485956           
       2.301092             0.00739115544             0.00029770154           
       2.303733             0.00743955525            0.000292767047           
       2.306373             0.00690384192            0.000288927423           
       2.309014             0.00697429842            0.000284801972           
       2.311654             0.00721427716            0.000292409424           
       2.314294             0.00686726019            0.000284667275           
       2.316935             0.00696958816            0.000287913763           
       2.319575             0.00695983407             0.00028663485           
       2.322215             0.00707290131            0.000293071287           
       2.324856             0.00662076101            0.000276428608           
       2.327496             0.00726811942            0.000296725814           
       2.330137             0.00697445198            0.000285308752           
       2.332777             0.00683445845            0.000285519829           
       2.335417             0.00745925836            0.000297389964           
       2.338058             0.00734769583            0.000296338978           
       2.340698              0.0070748078            0.000287920994           
       2.343339             0.00691078768            0.000289994149           
       2.345979             0.00686996571            0.000283366749           
       2.348619             0.00765348975            0.000304737857           
       2.351260             0.00678593607            0.000280847213           
       2.353900              0.0071240777            0.000293854899           
       2.356540             0.00789294236            0.000305051851           
       2.359181             0.00726562276            0.000296592104           
       2.361821             0.00698272949            0.000287218029           
       2.364462             0.00748256704            0.000302289252           
       2.367102             0.00695227094            0.000282954631           
       2.369742             0.00729817634            0.000300297694           
       2.372383             0.00748502762            0.000295252276           
       2.375023              0.0069640028            0.000292210833           
       2.377663             0.00737266191            0.000294273073           
       2.380304             0.00723590862            0.000295575146           
       2.382944             0.00736463562            0.000295276071           
       2.385585             0.00735423551            0.000297856978           
       2.388225             0.00676721229            0.000284431193           
       2.390865             0.00704316763            0.000290915606           
       2.393506             0.00686489488            0.000285886664           
       2.396146             0.00667467472            0.000282832358           
       2.398787             0.00708722236            0.000291696878           
       2.401427             0.00700346409            0.000288207409           
       2.404067             0.00715553909            0.000295766131           
       2.406708             0.00690597876            0.000286910624           
       2.409348             0.00738959743             0.00029901932           
       2.411988              0.0072537823            0.000295312526           
       2.414629             0.00752566908            0.000301780263           
       2.417269             0.00762463005            0.000300999401           
       2.419910             0.00719727817            0.000296130359           
       2.422550             0.00733039025            0.000294319671           
       2.425190             0.00718082961            0.000300473329           
       2.427831             0.00720949416            0.000289749498           
       2.430471             0.00681572741            0.000289960899           
       2.433112             0.00708931552            0.000288745316           
       2.435752             0.00674058536            0.000288681797           
       2.438392             0.00672760465            0.000283556172           
       2.441033             0.00711670307             0.00029297722           
       2.443673             0.00766872802             0.00030493992           
       2.446313             0.00723455888            0.000294603945           
       2.448954             0.00713470251            0.000295130867           
       2.451594             0.00699436795             0.00029046061           
       2.454235             0.00743407634            0.000298519752           
       2.456875             0.00745246612            0.000300402722           
       2.459515             0.00746809328            0.000301181189           
       2.462156             0.00777229787            0.000305670246           
       2.464796             0.00801064361            0.000315795566           
       2.467436             0.00811200097            0.000311123654           
       2.470077             0.00761567607             0.00030561248           
       2.472717              0.0072836562            0.000295136651           
       2.475358             0.00752614956            0.000303408347           
       2.477998             0.00737589111            0.000298761847           
       2.480638             0.00759399799            0.000303883474           
       2.483279             0.00748716624            0.000303034662           
       2.485919             0.00748894349            0.000300948542           
       2.488560             0.00719751882             0.00029625867           
       2.491200             0.00714761525            0.000294825067           
       2.493840             0.00705838475            0.000291383851           
       2.496481             0.00774290502            0.000309176992           
       2.499121             0.00706298591            0.000291358775           
       2.501761             0.00738780522             0.00030304303           
       2.504402             0.00707854106            0.000290947635           
       2.507042             0.00730665998             0.00030051244           
       2.509683             0.00677172959             0.00028666827           
       2.512323             0.00741363356            0.000301122067           
       2.514963               0.013629143            0.000409094993           
       2.517604              0.0296666183            0.000601201903           
       2.520244              0.0341461188             0.00064513699           
       2.522884             0.00875872341             0.00032602479           
       2.525525             0.00869435386            0.000327492702           
       2.528165              0.0177732836            0.000466099678           
       2.530806               0.020944485            0.000504076576           
       2.533446             0.00950717106            0.000342633439           
       2.536086              0.0106005092            0.000358762593           
       2.538727              0.0107484769            0.000363573795           
       2.541367              0.0108501159            0.000364244226           
       2.544008             0.00727265212            0.000298462409           
       2.546648             0.00741571271            0.000301725874           
       2.549288             0.00690629302            0.000291219946           
       2.551929              0.0072540891            0.000299448569           
       2.554569             0.00704897452            0.000292487186           
       2.557209             0.00726963434            0.000300385964           
       2.559850             0.00709973888            0.000293441536           
       2.562490             0.00683884025            0.000290096408           
       2.565131             0.00670849319            0.000287818416           
       2.567771             0.00726250841            0.000297880119           
       2.570411             0.00662079461            0.000287876526           
       2.573052             0.00714237912            0.000295510793           
       2.575692             0.00702459011            0.000293841366           
       2.578332             0.00721110926            0.000296837422           
       2.580973             0.00717868277            0.000298570616           
       2.583613             0.00653331809            0.000282238197           
       2.586254             0.00680104796            0.000290510662           
       2.588894             0.00650822755            0.000282671909           
       2.591534             0.00712980606            0.000296406856           
       2.594175             0.00711573051            0.000297833003           
       2.596815             0.00702421126            0.000293160263           
       2.599456             0.00736275467            0.000302597482           
       2.602096             0.00727702537            0.000299704871           
       2.604736              0.0074193212            0.000303414591           
       2.607377             0.00652464944            0.000283445122           
       2.610017             0.00675312598            0.000288264433           
       2.612657             0.00693567526            0.000294198231           
       2.615298             0.00714264092             0.00029563512           
       2.617938             0.00723681917             0.00030018101           
       2.620579             0.00675646177            0.000287678135           
       2.623219             0.00709089253            0.000299426048           
       2.625859             0.00736740294            0.000300064382           
       2.628500             0.00740583445            0.000305654143           
       2.631140             0.00754653665            0.000303102987           
       2.633780             0.00759849251            0.000308051042           
       2.636421             0.00651367855            0.000282619479           
       2.639061             0.00729491719            0.000302664102           
       2.641702             0.00784811649            0.000310574539           
       2.644342             0.00720448472            0.000300007848           
       2.646982             0.00742471922             0.00030430025           
       2.649623             0.00735141571            0.000304609571           
       2.652263             0.00687880833            0.000292310913           
       2.654904             0.00720647059             0.00030081637           
       2.657544             0.00724786311            0.000299556549           
       2.660184             0.00729269008            0.000300865828           
       2.662825             0.00733018496             0.00030236128           
       2.665465             0.00708505777            0.000297812479           
       2.668105             0.00736396638            0.000303737922           
       2.670746             0.00741447137             0.00030219888           
       2.673386             0.00690797616            0.000295229661           
       2.676027             0.00733215682            0.000301573176           
       2.678667              0.0071379801            0.000299100008           
       2.681307             0.00744234861            0.000303008771           
       2.683948             0.00750543131            0.000307312231           
       2.686588             0.00778879193            0.000310186806           
       2.689229             0.00728064878            0.000302589355           
       2.691869             0.00727141395            0.000299379001           
       2.694509             0.00707482575            0.000299354058           
       2.697150             0.00754145013            0.000304135624           
       2.699790             0.00741188681            0.000307774833           
       2.702430             0.00747121803            0.000303079717           
       2.705071             0.00746112111            0.000307019975           
       2.707711             0.00709788187            0.000296483747           
       2.710352             0.00685093573            0.000292938452           
       2.712992             0.00658111411             0.00028804535           
       2.715632             0.00694813807             0.00029428487           
       2.718273             0.00722440361            0.000301074587           
       2.720913             0.00680865104            0.000292771039           
       2.723553             0.00718477043             0.00029970382           
       2.726194             0.00698462524            0.000296925077           
       2.728834             0.00668823232            0.000287973922           
       2.731475             0.00630479518            0.000282040906           
       2.734115             0.00697827616            0.000294954547           
       2.736755             0.00682906563            0.000293712953           
       2.739396             0.00708151435            0.000297510906           
       2.742036             0.00728897862             0.00030389768           
       2.744677             0.00747919145            0.000308287467           
       2.747317             0.00809909217            0.000319250571           
       2.749957             0.00779345721            0.000315440772           
       2.752598             0.00691904652            0.000298113565           
       2.755238             0.00730743634            0.000306228323           
       2.757878             0.00677513763            0.000294024557           
       2.760519             0.00748842255            0.000305850938           
       2.763159             0.00745723912            0.000310176179           
       2.765800             0.00764837563            0.000308804871           
       2.768440             0.00691329095            0.000297458073           
       2.771080             0.00712955775            0.000299529304           
       2.773721             0.00717045707            0.000304072334           
       2.776361             0.00627509544            0.000281399912           
       2.779001             0.00715542092             0.00030364958           
       2.781642             0.00681825121            0.000294386597           
       2.784282              0.0069095966            0.000296455398           
       2.786923             0.00717011903            0.000299695772           
       2.789563             0.00656137283            0.000287267394           
       2.792203             0.00705442757             0.00029976132           
       2.794844             0.00682048655            0.000293407866           
       2.797484              0.0068703324            0.000294892984           
       2.800125              0.0064918593            0.000286284954           
       2.802765             0.00706504517            0.000304192649           
       2.805405             0.00661836044            0.000290169471           
       2.808046             0.00673835851            0.000297277674           
       2.810686             0.00667256485             0.00029267066           
       2.813326             0.00736473537            0.000311280247           
       2.815967             0.00657896391            0.000292352051           
       2.818607             0.00683131538            0.000300884187           
       2.821248             0.00711929544            0.000303330777           
       2.823888             0.00653983043             0.00029540685           
       2.826528             0.00687578363            0.000301092243           
       2.829169             0.00665948471            0.000295010299           
       2.831809             0.00694315029             0.00030149179           
       2.834449             0.00655325999            0.000287791807           
       2.837090             0.00689365156            0.000296947816           
       2.839730             0.00700117536            0.000297129527           
       2.842371             0.00703143534            0.000299845653           
       2.845011             0.00680932637            0.000294413795           
       2.847651             0.00719326191            0.000303155782           
       2.850292             0.00682766489            0.000293673244           
       2.852932             0.00689604461            0.000295669417           
       2.855573               0.007303484            0.000306950955           
       2.858213             0.00670916929            0.000290896087           
       2.860853             0.00701798647            0.000299742494           
       2.863494              0.0070062074             0.00030021198           
       2.866134             0.00685403345            0.000301098788           
       2.868774             0.00706295772            0.000300974569           
       2.871415             0.00700144857            0.000302627036           
       2.874055             0.00668749901            0.000297229276           
       2.876696             0.00707974809            0.000303068121           
       2.879336             0.00726825018            0.000309114678           
       2.881976             0.00666129771            0.000295683118           
       2.884617             0.00700485586            0.000301527834           
       2.887257             0.00651984188            0.000288873437           
       2.889897             0.00682588326            0.000298963461           
       2.892538             0.00667182181            0.000293521047           
       2.895178             0.00718089585             0.00030140801           
       2.897819             0.00662150114            0.000292406875           
       2.900459             0.00642969293            0.000285754931           
       2.903099              0.0062547513            0.000283312258           
       2.905740             0.00628333975            0.000280789319           
       2.908380             0.00615868644             0.00028169595           
       2.911021             0.00714778761            0.000304051525           
       2.913661             0.00651336557            0.000287050477           
       2.916301             0.00712000468            0.000304390008           
       2.918942             0.00672308569            0.000291321641           
       2.921582             0.00717917091            0.000304199379           
       2.924222             0.00669017495            0.000291953443           
       2.926863             0.00656962333             0.00029007957           
       2.929503             0.00666918658            0.000295513861           
       2.932144             0.00705796542            0.000299019334           
       2.934784              0.0071184356            0.000301573746           
       2.937424             0.00746874843            0.000309476514           
       2.940065             0.00713690849            0.000302769529           
       2.942705             0.00633605682            0.000286143744           
       2.945346             0.00677752382            0.000294196501           
       2.947986             0.00752265319            0.000311030929           
       2.950626             0.00780233937            0.000317734057           
       2.953267              0.0104990527             0.00036465993           
       2.955907             0.00977712362            0.000356551844           
       2.958547             0.00858591125            0.000330699987           
       2.961188             0.00770958495            0.000316104977           
       2.963828             0.00713596459            0.000302394583           
       2.966469             0.00670282079            0.000293146438           
       2.969109             0.00719128809            0.000305193033           
       2.971749             0.00692171494            0.000298537469           
       2.974390             0.00876814286            0.000336927049           
       2.977030             0.00963456804            0.000352509544           
       2.979670             0.00843068402            0.000327625074           
       2.982311             0.00732487811            0.000307587674           
       2.984951             0.00745458589              0.0003111014           
       2.987592             0.00839695034             0.00032906574           
       2.990232             0.00789192598            0.000319831287           
       2.992872             0.00788336109            0.000317156776           
       2.995513             0.00860826947             0.00033402141           
       2.998153             0.00960613761            0.000355126978           
       3.000794              0.0155462105            0.000445200314           
       3.003434              0.0403106443            0.000724492467           
       3.006074              0.0386783925            0.000711960033           
       3.008715              0.0208708937            0.000526970647           
       3.011355              0.0198630589            0.000519436139           
       3.013995              0.0181804848            0.000494518819           
       3.016636              0.0298976535            0.000635348738           
       3.019276               0.136793032             0.00139149632           
       3.021917               0.375820024             0.00226731179           
       3.024557               0.136876536             0.00137923795           
       3.027197              0.0937066294             0.00116034863           
       3.029838              0.0899723023              0.0011315559           
       3.032478              0.0743519134             0.00103479675           
       3.035118              0.0496307655            0.000849795095           
       3.037759               0.096567833             0.00118746056           
       3.040399              0.0981433464             0.00121080626           
       3.043040              0.0500955341            0.000873456939           
       3.045680              0.0591881343            0.000934799966           
       3.048320              0.0737171345             0.00105998393           
       3.050961               0.105134319             0.00127855814           
       3.053601               0.124232131             0.00138369489           
       3.056242              0.0653393315              0.0010099304           
       3.058882               0.125921475             0.00142287548           
       3.061522               0.286496001             0.00213136002           
       3.064163              0.0558903988            0.000943095494           
       3.066803              0.0181303311            0.000547529789           
       3.069443              0.0251362454            0.000640402374           
       3.072084              0.0886758025             0.00121354021           
       3.074724              0.0564664805            0.000974100822           
       3.077365              0.0124886456            0.000457778271           
       3.080005             0.00870413152            0.000386411224           
       3.082645             0.00834348027            0.000380247443           
       3.085286             0.00899314304              0.0003948459           
       3.087926             0.00685011029            0.000346796823           
       3.090566              0.0074482309            0.000365345299           
       3.093207             0.00831190107            0.000381776706           
       3.095847             0.00759433429            0.000372574663           
       3.098488             0.00682081974            0.000352450848           
       3.101128             0.00743675487            0.000370025245           
       3.103768             0.00787427662            0.000382899503           
       3.106409             0.00851209068            0.000400771447           
       3.109049             0.00952477492            0.000427237247           
       3.111690              0.0118509179            0.000474683759           
       3.114330              0.0140882338            0.000522160242           
       3.116970              0.0172094695            0.000585139328           
       3.119611              0.0166833652            0.000572377112           
       3.122251              0.0119490758            0.000488370935           
       3.124891             0.00869562977            0.000418635911           
       3.127532             0.00854858424            0.000422558387           
       3.130172              0.0074772673            0.000387064878           
       3.132813             0.00914475313            0.000436765677           
       3.135453             0.00870951354            0.000435236508           
       3.138093             0.00618117689            0.000357960515           
       3.140734              0.0066438011            0.000378021255           
       3.143374             0.00559832486            0.000352310555           
       3.146014             0.00641383893            0.000374361852           
       3.148655             0.00646027471            0.000378672653           
       3.151295             0.00690220126            0.000394508411           
       3.153936             0.00676460961            0.000396322083           
       3.156576             0.00740481777            0.000409892332           
       3.159216             0.00562169232            0.000360067318           
       3.161857             0.00668648354            0.000397506524           
       3.164497             0.00722248128            0.000421842776           
       3.167138             0.00595424118            0.000373830014           
       3.169778              0.0057108781            0.000372721501           
       3.172418              0.0065827449            0.000402500918           
       3.175059             0.00506620402            0.000357726712           
       3.177699             0.00577102355            0.000380292434           
       3.180339             0.00606843903            0.000393454445           
       3.182980             0.00664199277            0.000417185146           
       3.185620             0.00616142369            0.000406200322           
       3.188261             0.00604439026            0.000397053035           
       3.190901             0.00598338899            0.000401131606           
       3.193541             0.00543110558            0.000383430025           
       3.196182             0.00589474204            0.000407772394           
       3.198822             0.00606957075            0.000408759174           
       3.201463             0.00651409084            0.000428939055           
       3.204103             0.00510393563            0.000384739053           
       3.206743             0.00610628358            0.000424383548           
       3.209384             0.00554409986             0.00040257357           
       3.212024             0.00620013565            0.000427238519           
       3.214664             0.00601967628             0.00042899899           
       3.217305             0.00601640057            0.000438888262           
       3.219945              0.0051955002            0.000404438435           
       3.222586             0.00581544512            0.000430309648           
       3.225226             0.00575936864            0.000437877269           
       3.227866             0.00510585162            0.000415475981           
       3.230507             0.00608624637            0.000459027037           
       3.233147             0.00423264066            0.000377135596           
       3.235787             0.00561888378            0.000434645198           
       3.238428             0.00592616225            0.000454255126           
       3.241068             0.00584429417            0.000460253907           
       3.243709             0.00648434448            0.000482111235           
       3.246349             0.00673499248            0.000488591661           
       3.248989             0.00501075225            0.000431066101           
       3.251630             0.00509729601            0.000436696277           
       3.254270             0.00517765334            0.000453653885           
       3.256911              0.0066074673            0.000499637899           
       3.259551             0.00607853515            0.000489812165           
       3.262191             0.00538861439            0.000465420845           
       3.264832             0.00532834099            0.000467153156           
       3.267472             0.00611206407            0.000507426222           
       3.270112             0.00517504154            0.000468242089           
       3.272753             0.00585753496            0.000504284416           
       3.275393             0.00523074566            0.000478993481           
       3.278034             0.00495226952            0.000475563001           
       3.280674             0.00501655723            0.000480028939           
       3.283314              0.0052563805             0.00049408426           
       3.285955             0.00522080427            0.000501658357           
       3.288595             0.00661046178            0.000570786168           
       3.291235             0.00644223035            0.000566786342           
       3.293876             0.00625566706            0.000561826213           
       3.296516             0.00632095014             0.00057626904           
       3.299157             0.00628745699            0.000583427125           
       3.301797             0.00678871289            0.000606495165           
       3.304437             0.00502654124            0.000531659481           
       3.307078             0.00568115384            0.000570710465           
       3.309718             0.00569157127            0.000576935646           
       3.312359             0.00470480948            0.000535143223           
       3.314999             0.00542214428            0.000580519451           
       3.317639             0.00636337783            0.000635662471           
       3.320280             0.00705774062            0.000679221985           
       3.322920             0.00546398336            0.000606573288           
       3.325560             0.00526493945            0.000606919999           
       3.328201             0.00531751142            0.000612520983           
       3.330841             0.00581658615            0.000656200917           
       3.333482             0.00602959988            0.000676591531           
       3.336122              0.0057440544            0.000674729457           
       3.338762             0.00560436567            0.000672570458           
       3.341403             0.00602870443            0.000704039302           
       3.344043             0.00529014666            0.000684677561           
       3.346683             0.00563904983             0.00071406517           
       3.349324             0.00489156513            0.000675352009           
       3.351964             0.00478750831             0.00068960946           
       3.354605             0.00585399837             0.00077119639           
       3.357245             0.00475442604            0.000719433864           
       3.359885             0.00540697747            0.000767494337           
       3.362526             0.00582739459            0.000837513899           
       3.365166             0.00592924446            0.000834371039           
       3.367807             0.00517266727            0.000834236582           
       3.370447              0.0064117416            0.000929155304           
       3.373087             0.00679400317             0.00100943791           
       3.375728             0.00380561645            0.000749779949           
       3.378368             0.00598442393             0.00101598511           
       3.381008             0.00500919889            0.000921418422           
       3.383649             0.00488152153            0.000984393959           
       3.386289             0.00608079557             0.00109913391           
       3.388930             0.00497592401             0.00109196141           
       3.391570             0.00546409904             0.00114475294           
       3.394210              0.0040720311             0.00105886683           
       3.396851             0.00569624955             0.00135660491           
       3.399491             0.00489589526             0.00128051999           
       3.402131             0.00228079738             0.00103457376           
       3.404772             0.00684993901             0.00179369067           
       3.407412              0.0055231035             0.00199858898           
       3.410053              0.0044742391             0.00187308844           
       3.412693             0.00594814311             0.00305552908           
       3.415333              0.0130475188             0.00554474917           
