################################################################################
# EDF_DataBlockID                     0.Image.Psd
# EDF_BinarySize                      2105344
# EDF_HeaderSize                      2560
# ByteOrder                           LowByteFirst
# DataType                            FloatValue
# Dim_1                               512
# Dim_2                               1028
# Image                               0
# HeaderID                            EH:000000:000000:000000
# Size                                2105344
# Center_1                            304.9000
# Center_2                            588.7000
# Comment                             Xenocs_Cell_Window - front_window_open_only
# DDummy                              0.6
# Date                                2025-10-18T10:05:06
# Delta                               21.910000
# Dummy                               -1.5
# ExposureTime                        360
# Gamma                               15.360000
# Intensity1                          9.1807e-10
# PSize_1                             7.5e-05
# PSize_2                             7.5e-05
# Pressure                            0.0336885
# SampleDistance                      0.115750
# SampleEnvKind                       large
# SampleEnvPN                         ElectroChemical cell
# SampleEnvSN                         1141
# Thickness                           0
# Wavelength                          1.541891e-10
# Wavelength                          1.54189e-10
# aux                                 0
# aux_dial                            0.002375
# beamx                               588.429
# beamx_dial                          588.429
# beamz                               657.855
# beamz_dial                          657.855
# det0x                               -0.000396875
# det0x_dial                          6.36905
# det0xvd                             -0.0005
# det0xvd_dial                        -0.0005
# det0y                               450.002
# det0y_dial                          481.635
# det0z                               0
# det0z_dial                          1.2295
# det0zvd                             0
# det0zvd_dial                        0
# mag                                 1.818
# mag_dial                            1.818
# om                                  0.2499
# om_dial                             -0.610199
# phi                                 -0.0120535
# phi_dial                            0
# ry                                  0.599993
# ry_dial                             0.599993
# s1bot                               0.8
# s1bot_dial                          -1.66094
# s1hl                                0.8
# s1hl_dial                           -0.608437
# s1hr                                0.8
# s1hr_dial                           0.970938
# s1top                               0.8
# s1top_dial                          -0.461562
# s2bot                               0.45
# s2bot_dial                          1.36109
# s2hl                                0.45
# s2hl_dial                           -0.83375
# s2hr                                0.45
# s2hr_dial                           -0.118594
# s2top                               0.45
# s2top_dial                          1.44734
# w2theta                             32
# w2theta_dial                        32
# waxsch                              19.2605
# waxsch_dial                         -32.7238
# waxsh                               137.085
# waxsh_dial                          -43.5335
# waxsth                              26.0607
# waxsth_dial                         -19.4068
# waxsz                               67.0407
# waxsz_dial                          -23.7962
# wind                                65.9854
# wind_dial                           66.0041
# wpsi                                124
# wpsi_dial                           124
# wstod                               115
# wstod_dial                          115
# x                                   0
# x_dial                              1.00969
# z                                   0
# z_dial                              13.3172
# CountCutoff                         6807993
# DetectorModel                       Dectris EIGER2 Si 500K, S/N E-01-0554
# ThresholdSetting                    4023.88989258
# Saturation                          0
# FlatField                           Corrected
# BackgroundReductionExtra            0.02
# BackgroundCorrectionConstant        0.0026712
# Detector                            0
# Monitor                             0
# Pil_Roi0                            0
# SumForIntensity1                    3.30505e+08
# TransmittedFlux                     918070
# det                                 0
# mon                                 0
# pilai0                              3.30505e+08
# pilai1                              711227
# pilct0                              5.71157e+08
# pilct1                              711227
# pilroi0                             0
# pilroi1                             0
# sec                                 1
# title                               20251017__1_00145.edf
# usaxs0                              0
# Operation                           Azimuthal average I(q)
# Error_model                         ErrorModel.poisson
# Geometrical_correction              True
# Transmission_correction             True
# Thickness_correction                False
# Binning mode                        Uniform
# Binning factor                      1.0
# Psi                                 0.0
# Omega                               0.2499
# MaskInvalidPixels                   True
# DetectorEdge                        3
# MaskFiles                           ['20251017__1_00233_mask.edf']
################################################################################
    q(A⁻¹)                Intensity(a.u.)            Sigma_I(a.u.)            
       0.690460             0.00751206133             0.00788763057           
       0.693100             0.00613482174             0.00318680668           
       0.695741             0.00565233066             0.00258425072           
       0.698381              0.0100118805             0.00321680593           
       0.701021             0.00602721974              0.0020369971           
       0.703662              0.0039416815             0.00152480744           
       0.706302             0.00375644401             0.00143760161           
       0.708942             0.00803340496             0.00186742791           
       0.711583             0.00507952427             0.00148465652           
       0.714223             0.00515894317             0.00130382428           
       0.716864             0.00473564355             0.00127473498           
       0.719504             0.00434546784             0.00113012254           
       0.722144             0.00669702316             0.00135498304           
       0.724785             0.00947972413              0.0015856733           
       0.727425             0.00586031935             0.00115641675           
       0.730065             0.00692621637             0.00129358008           
       0.732706             0.00583588874             0.00106776736           
       0.735346             0.00719686395             0.00128081711           
       0.737987             0.00605619623             0.00101695887           
       0.740627             0.00832043798               0.001305823           
       0.743267             0.00723528622             0.00104742903           
       0.745908              0.0106096762             0.00135934898           
       0.748548             0.00588002973            0.000943843232           
       0.751189              0.0072546978             0.00103850548           
       0.753829             0.00889385658             0.00116023054           
       0.756469             0.00730618623            0.000989064544           
       0.759110             0.00552528714            0.000889652255           
       0.761750             0.00706019886             0.00092038494           
       0.764390             0.00519205206            0.000847247555           
       0.767031             0.00685702935            0.000881052245           
       0.769671             0.00734729245            0.000967211561           
       0.772312             0.00703125726            0.000862224844           
       0.774952             0.00700896107            0.000922884124           
       0.777592             0.00679181619            0.000830937565           
       0.780233             0.00617279955            0.000835109392           
       0.782873             0.00645776829             0.00078109217           
       0.785513             0.00671634245             0.00084736763           
       0.788154             0.00722189311            0.000807078935           
       0.790794             0.00661503766            0.000799438281           
       0.793435              0.0061974417            0.000743220942           
       0.796075              0.0068781184            0.000787109265           
       0.798715             0.00574059906            0.000714977544           
       0.801356             0.00535073502            0.000671799512           
       0.803996             0.00683294962            0.000771298442           
       0.806637             0.00673954379            0.000724080268           
       0.809277             0.00670004237            0.000755282857           
       0.811917             0.00659498908            0.000709091751           
       0.814558             0.00611626263            0.000699557164           
       0.817198              0.0082430981            0.000774366326           
       0.819838             0.00629744478             0.00070601234           
       0.822479             0.00675365059            0.000673783228           
       0.825119             0.00833316302            0.000804014679           
       0.827760             0.00690844049            0.000678332458           
       0.830400             0.00647023614            0.000691670722           
       0.833040             0.00767851344            0.000703221503           
       0.835681             0.00744866716            0.000725317179           
       0.838321             0.00676872849            0.000647156706           
       0.840961             0.00604876599            0.000639450341           
       0.843602             0.00500355756            0.000547829602           
       0.846242             0.00556113247            0.000597938615           
       0.848883             0.00752527638            0.000676626159           
       0.851523             0.00756018798             0.00068327644           
       0.854163             0.00520883151              0.0005605641           
       0.856804             0.00569462046            0.000571124206           
       0.859444             0.00570477716            0.000575743245           
       0.862085             0.00702497807            0.000629605018           
       0.864725             0.00611497385            0.000585255649           
       0.867365             0.00703836776            0.000623394423           
       0.870006             0.00620672425            0.000593575026           
       0.872646             0.00624453256            0.000569468755           
       0.875286             0.00644853099            0.000598413797           
       0.877927             0.00707851005             0.00060029157           
       0.880567              0.0064832712            0.000585721098           
       0.883208             0.00749815755            0.000611707672           
       0.885848             0.00647202676            0.000583050143           
       0.888488             0.00642884579            0.000552523494           
       0.891129             0.00730372342            0.000619060355           
       0.893769             0.00751959173            0.000593750447           
       0.896410              0.0078857341            0.000626763534           
       0.899050             0.00728485859            0.000580842639           
       0.901690             0.00465113592            0.000473804788           
       0.904331             0.00680378418            0.000553046582           
       0.906971             0.00692784195            0.000576256377           
       0.909611             0.00637578915            0.000530614245           
       0.912252             0.00768135375             0.00059250478           
       0.914892             0.00647655499            0.000530277422           
       0.917533             0.00712592812            0.000568777407           
       0.920173             0.00599013712            0.000500231695           
       0.922813             0.00675295784            0.000555039066           
       0.925454              0.0067853409             0.00052802662           
       0.928094             0.00792189692            0.000582784457           
       0.930734             0.00711022505            0.000538945214           
       0.933375             0.00734221492             0.00055934171           
       0.936015             0.00712234544            0.000527113232           
       0.938656             0.00745793474            0.000562013481           
       0.941296             0.00697671028            0.000524008689           
       0.943936             0.00729201129            0.000545366864           
       0.946577             0.00628253971            0.000487513745           
       0.949217             0.00679979394            0.000525097724           
       0.951858             0.00718140871            0.000510157923           
       0.954498               0.007065844            0.000532372376           
       0.957138             0.00693192469            0.000506816606           
       0.959779             0.00734871703            0.000533244691           
       0.962419               0.007638088            0.000523361904           
       0.965059             0.00835474578            0.000562911782           
       0.967700             0.00701735697            0.000499211106           
       0.970340             0.00664536857            0.000499450228           
       0.972981             0.00821620562            0.000536208307           
       0.975621             0.00712084262            0.000509639461           
       0.978261             0.00744514463            0.000497209453           
       0.980902              0.0077150248            0.000530240928           
       0.983542             0.00770248468            0.000514383253           
       0.986182             0.00734578224            0.000508946847           
       0.988823             0.00756346476             0.00049976977           
       0.991463             0.00710655389            0.000496009836           
       0.994104             0.00791546948            0.000505833716           
       0.996744             0.00726940722            0.000500471147           
       0.999384             0.00853148193            0.000523776147           
       1.002025             0.00649421314            0.000469703163           
       1.004665             0.00701276095            0.000468102043           
       1.007306             0.00714510636            0.000488330929           
       1.009946             0.00693945354            0.000462738936           
       1.012586             0.00732006882            0.000488930777           
       1.015227             0.00817738504            0.000501127334           
       1.017867             0.00712764721            0.000481265147           
       1.020507             0.00798172254            0.000490111233           
       1.023148             0.00746569701            0.000479728709           
       1.025788             0.00840353617            0.000503757557           
       1.028429              0.0072930978            0.000479554837           
       1.031069             0.00752999024            0.000469471096           
       1.033709              0.0079219751            0.000490782475           
       1.036350             0.00776531127            0.000473164028           
       1.038990             0.00709231316            0.000463359217           
       1.041630             0.00759762655            0.000470355498           
       1.044271             0.00827182169            0.000490836215           
       1.046911             0.00794787812            0.000472189798           
       1.049552             0.00817071184            0.000496016905           
       1.052192             0.00735778899            0.000449529163           
       1.054832              0.0081105469            0.000481142764           
       1.057473             0.00754065212             0.00045805773           
       1.060113             0.00691185692            0.000443292819           
       1.062754             0.00743259391            0.000454604194           
       1.065394             0.00786775328            0.000462801802           
       1.068034             0.00810331327            0.000467860467           
       1.070675             0.00725394743            0.000450447901           
       1.073315             0.00751845315             0.00044456937           
       1.075955               0.007378428            0.000447796322           
       1.078596             0.00814777592            0.000469633271           
       1.081236             0.00774952285            0.000451218664           
       1.083877             0.00810937932            0.000475995251           
       1.086517             0.00907555654            0.000492162241           
       1.089157             0.00787494433            0.000461814874           
       1.091798             0.00756215292            0.000442962031           
       1.094438             0.00753493251            0.000449191415           
       1.097078             0.00800448941            0.000451078775           
       1.099719             0.00832169026            0.000471717111           
       1.102359             0.00828379665            0.000445848154           
       1.105000             0.00874289136            0.000476075344           
       1.107640             0.00828826267            0.000448422175           
       1.110280             0.00814855528            0.000453529786           
       1.112921             0.00744837275            0.000425761102           
       1.115561             0.00816548954            0.000451443282           
       1.118202             0.00832739085            0.000442590648           
       1.120842             0.00847765273            0.000460636178           
       1.123482             0.00809299075             0.00043743943           
       1.126123             0.00745074091            0.000422342789           
       1.128763             0.00803291743            0.000436357623           
       1.131403             0.00763352475             0.00042471033           
       1.134044             0.00884792566            0.000456453506           
       1.136684             0.00825772532            0.000444280879           
       1.139325             0.00780361882            0.000419723502           
       1.141965             0.00874146654            0.000450039349           
       1.144605              0.0083438214            0.000442266818           
       1.147246             0.00882521548            0.000446231892           
       1.149886              0.0083958854            0.000438337794           
       1.152527              0.0081144189            0.000431359467           
       1.155167             0.00871740535            0.000440813333           
       1.157807             0.00867755457              0.0004401076           
       1.160448             0.00899145617             0.00045412674           
       1.163088              0.0093105659            0.000444970709           
       1.165728             0.00889317958            0.000452807517           
       1.168369             0.00901245931            0.000439561004           
       1.171009               0.009358773            0.000451640403           
       1.173650             0.00834537925            0.000423412104           
       1.176290             0.00848815235            0.000432029126           
       1.178930             0.00857089575            0.000421925869           
       1.181571             0.00783521935            0.000416587884           
       1.184211             0.00853101983            0.000421563502           
       1.186851             0.00824121651             0.00041816172           
       1.189492             0.00897722011            0.000438858501           
       1.192132             0.00883544911            0.000428931347           
       1.194773             0.00935018764            0.000438586817           
       1.197413             0.00907916817            0.000435709251           
       1.200053             0.00870952817            0.000424062593           
       1.202694             0.00971739097            0.000444551801           
       1.205334             0.00888342231            0.000429694139           
       1.207975              0.0089404054            0.000422623846           
       1.210615              0.0095761123            0.000446640307           
       1.213255              0.0088721622            0.000418537081           
       1.215896             0.00947953231            0.000440826503           
       1.218536              0.0091120905            0.000419750145           
       1.221176             0.00930662332            0.000434332393           
       1.223817             0.00931785553            0.000425538517           
       1.226457             0.00909342769            0.000425722123           
       1.229098             0.00974944866            0.000434123541           
       1.231738             0.00912367554            0.000425873977           
       1.234378             0.00972667496             0.00043117824           
       1.237019             0.00966642473            0.000433307795           
       1.239659             0.00944547993            0.000428095378           
       1.242299               0.009643108            0.000430339378           
       1.244940             0.00897574293            0.000410699705           
       1.247580               0.010570126            0.000447654191           
       1.250221             0.00950075883            0.000431333955           
       1.252861              0.0106453645            0.000439567297           
       1.255501               0.010045861             0.00043906691           
       1.258142             0.00968776685            0.000422646217           
       1.260782             0.00960278104            0.000425541391           
       1.263423             0.00922543618            0.000408833262           
       1.266063               0.010100247            0.000435751524           
       1.268703             0.00931451849            0.000407916117           
       1.271344               0.009214055            0.000414546702           
       1.273984             0.00993631261            0.000423767403           
       1.276624             0.00993256351            0.000421102341           
       1.279265              0.0097827649            0.000418827278           
       1.281905              0.0095953917            0.000417353632           
       1.284546              0.0100052746            0.000421518683           
       1.287186              0.0101982539            0.000425973178           
       1.289826              0.0100578724            0.000425224912           
       1.292467               0.010076092            0.000418013554           
       1.295107              0.0102773803            0.000429609515           
       1.297747             0.00971077547             0.00040664575           
       1.300388             0.00980339745            0.000419072484           
       1.303028              0.0100615829            0.000413758945           
       1.305669              0.0101617348            0.000421185398           
       1.308309              0.0106245063            0.000424193587           
       1.310949              0.0096180735            0.000408632909           
       1.313590             0.00955339148            0.000400953933           
       1.316230             0.00997952356            0.000417175113           
       1.318871              0.0107881106            0.000424389243           
       1.321511              0.0111481595            0.000433574978           
       1.324151             0.00974717611            0.000407019053           
       1.326792              0.0102522748            0.000414050296           
       1.329432              0.0100102456            0.000411267951           
       1.332072              0.0109714263              0.0004231773           
       1.334713              0.0103956819            0.000417032838           
       1.337353              0.0101989955              0.0004067149           
       1.339994              0.0103877688            0.000416308022           
       1.342634             0.00966038491            0.000392429907           
       1.345274              0.0120922557            0.000444794497           
       1.347915              0.0105726301            0.000417013706           
       1.350555              0.0110410106            0.000424485837           
       1.353195              0.0110708073            0.000416926703           
       1.355836              0.0114856317            0.000432678565           
       1.358476              0.0105020718            0.000412574389           
       1.361117              0.0103173661            0.000398671817           
       1.363757              0.0109546555            0.000424414248           
       1.366397             0.00944879755             0.00038189108           
       1.369038              0.0105068269            0.000411192893           
       1.371678              0.0113610527            0.000418947898           
       1.374319              0.0098174529            0.000392537354           
       1.376959              0.0107278518            0.000404685388           
       1.379599             0.00993138873            0.000396962921           
       1.382240              0.0106688037            0.000403621846           
       1.384880              0.0104220494            0.000403824951           
       1.387520             0.00997693817            0.000390487928           
       1.390161              0.0111662187            0.000411983701           
       1.392801              0.0104727626            0.000401363978           
       1.395442               0.010204868            0.000392092096           
       1.398082              0.0107031208            0.000402924122           
       1.400722              0.0105477512            0.000398181963           
       1.403363              0.0103166894            0.000397450825           
       1.406003              0.0105020209            0.000391158148           
       1.408644               0.010185998            0.000393315268           
       1.411284              0.0107322575            0.000401509892           
       1.413924               0.010839023             0.00039852542           
       1.416565               0.010530989            0.000392359983           
       1.419205              0.0100851066            0.000387746119           
       1.421845              0.0109841232            0.000399572378           
       1.424486              0.0100145478            0.000383214126           
       1.427126              0.0100510437            0.000383669535           
       1.429767              0.0100958266            0.000378597865           
       1.432407                0.01008412            0.000387910187           
       1.435047              0.0103800332            0.000381733811           
       1.437688              0.0105584782            0.000393526858           
       1.440328              0.0109713583             0.00039337361           
       1.442968              0.0108347504            0.000396328372           
       1.445609               0.010485588            0.000383477066           
       1.448249              0.0102316351            0.000381254143           
       1.450890             0.00960037246            0.000366671316           
       1.453530              0.0111703958            0.000398448499           
       1.456170               0.010636997            0.000387943586           
       1.458811              0.0107997932            0.000387791069           
       1.461451              0.0100232513            0.000376335482           
       1.464092              0.0107170301            0.000385749963           
       1.466732              0.0102667733            0.000375243934           
       1.469372              0.0103147022            0.000374962648           
       1.472013              0.0104800862            0.000384718726           
       1.474653             0.00990525284            0.000364783829           
       1.477293              0.0101765287            0.000375968932           
       1.479934             0.00998568198            0.000368528869           
       1.482574              0.0100148266            0.000368155436           
       1.485215              0.0107179445            0.000381840613           
       1.487855              0.0096275524            0.000361821681           
       1.490495              0.0106515945            0.000379759103           
       1.493136             0.00992730508             0.00036181244           
       1.495776             0.00967823623            0.000363473232           
       1.498416              0.0101521764            0.000365034372           
       1.501057              0.0111891717            0.000386520631           
       1.503697              0.0094305895            0.000351436864           
       1.506338              0.0101653115            0.000367553356           
       1.508978              0.0110983785            0.000381784233           
       1.511618             0.00987154044            0.000359882851           
       1.514259             0.00994323852            0.000361839744           
       1.516899              0.0096874451            0.000357321512           
       1.519540             0.00958166356            0.000353393217           
       1.522180             0.00984367288            0.000353719154           
       1.524820             0.00978430494             0.00035977357           
       1.527461             0.00948353154            0.000346365031           
       1.530101             0.00913131781            0.000343386306           
       1.532741              0.0101021889             0.00035946902           
       1.535382             0.00939604303            0.000347441418           
       1.538022             0.00989912321            0.000353466216           
       1.540663              0.0095471756            0.000350406573           
       1.543303             0.00965281326            0.000347955212           
       1.545943              0.0102547099            0.000360649408           
       1.548584             0.00990943654            0.000356413803           
       1.551224             0.00959302254            0.000341687037           
       1.553864              0.0099670443            0.000357382727           
       1.556505              0.0101826559            0.000355670814           
       1.559145              0.0100666317            0.000354456241           
       1.561786             0.00987592343            0.000349492175           
       1.564426             0.00977055016            0.000347308696           
       1.567066             0.00947174359            0.000339287683           
       1.569707              0.0098778911            0.000351501876           
       1.572347              0.0096377577            0.000342698364           
       1.574988             0.00986659413             0.00034537124           
       1.577628             0.00868043161            0.000331240016           
       1.580268             0.00939479207            0.000332708268           
       1.582909             0.00945214947            0.000339964319           
       1.585549             0.00932235227            0.000334466866           
       1.588189             0.00860432036            0.000324916958           
       1.590830             0.00903159565            0.000327172413           
       1.593470              0.0087778178            0.000325177049           
       1.596111             0.00887321531            0.000324114291           
       1.598751             0.00891688981            0.000328232451           
       1.601391             0.00894009197            0.000326557911           
       1.604032             0.00928153022            0.000329956776           
       1.606672             0.00921936735            0.000335468669           
       1.609312             0.00891187832            0.000320012811           
       1.611953             0.00858218287            0.000318588726           
       1.614593             0.00887248963            0.000321468572           
       1.617234              0.0092225377            0.000329606515           
       1.619874             0.00874465388            0.000317177556           
       1.622514             0.00820481292            0.000309948513           
       1.625155             0.00831736404            0.000311295406           
       1.627795             0.00820846576            0.000306125788           
       1.630436             0.00841992578            0.000313160182           
       1.633076             0.00839251766            0.000311061608           
       1.635716             0.00873192119            0.000316735811           
       1.638357             0.00833990947            0.000308229225           
       1.640997             0.00843241751            0.000312357782           
       1.643637             0.00880599992            0.000313274737           
       1.646278              0.0091254358            0.000323679618           
       1.648918             0.00876285874            0.000313094977           
       1.651559             0.00884118374            0.000318445295           
       1.654199             0.00797193114            0.000298240911           
       1.656839             0.00878160395            0.000312935925           
       1.659480             0.00852168768            0.000310985039           
       1.662120             0.00811811057            0.000299464345           
       1.664761             0.00897406802             0.00031826525           
       1.667401             0.00836258847            0.000304368785           
       1.670041             0.00799224422            0.000297893366           
       1.672682             0.00820074343            0.000298914567           
       1.675322             0.00822739984            0.000304693655           
       1.677962              0.0082403539            0.000298877449           
       1.680603             0.00832908848            0.000303149107           
       1.683243             0.00835379522            0.000301352457           
       1.685884             0.00854861383            0.000306006169           
       1.688524             0.00835555028            0.000301679817           
       1.691164             0.00809690264            0.000296210526           
       1.693805             0.00807021156            0.000298113293           
       1.696445             0.00867844229            0.000304852542           
       1.699085             0.00819573523            0.000297435849           
       1.701726              0.0082026398            0.000293690576           
       1.704366             0.00828673022             0.00030237483           
       1.707007             0.00807471451            0.000292112229           
       1.709647             0.00792405331            0.000292969716           
       1.712287             0.00851462566             0.00029861566           
       1.714928             0.00762617384            0.000285448861           
       1.717568             0.00834143251            0.000295789807           
       1.720209             0.00872934809             0.00030445798           
       1.722849             0.00847980483            0.000300555837           
       1.725489             0.00802965128            0.000287807872           
       1.728130             0.00864881101            0.000304778711           
       1.730770             0.00819622975            0.000290425775           
       1.733410             0.00839063109            0.000297707367           
       1.736051             0.00818564183            0.000289484083           
       1.738691             0.00767563856            0.000283182242           
       1.741332             0.00784148689            0.000284463318           
       1.743972             0.00798940003            0.000287240185           
       1.746612             0.00794519502            0.000286510337           
       1.749253             0.00764755431            0.000282307298           
       1.751893             0.00835121729            0.000293239399           
       1.754533             0.00812700196            0.000285305877           
       1.757174             0.00836748958            0.000294908982           
       1.759814             0.00835509879            0.000290197829           
       1.762455             0.00794751451            0.000285440584           
       1.765095             0.00846579593            0.000290463666           
       1.767735             0.00716045251            0.000271672597           
       1.770376             0.00802100479             0.00028317399           
       1.773016             0.00818676137            0.000286536472           
       1.775657             0.00800771978            0.000283966518           
       1.778297             0.00828318325             0.00029022227           
       1.780937              0.0081049609            0.000285743398           
       1.783578             0.00825615176            0.000287042004           
       1.786218             0.00869696829            0.000299306474           
       1.788858              0.0081835933            0.000283124679           
       1.791499             0.00857530445            0.000295162874           
       1.794139             0.00847668666            0.000288041714           
       1.796780             0.00835854727            0.000287726988           
       1.799420             0.00858131126            0.000291164718           
       1.802060             0.00854708207             0.00028700944           
       1.804701             0.00918528635            0.000301523578           
       1.807341             0.00880436642             0.00029235273           
       1.809981             0.00901864155            0.000297853967           
       1.812622             0.00917854812            0.000298845829           
       1.815262             0.00900799047            0.000297111812           
       1.817903             0.00872899316            0.000288861135           
       1.820543             0.00885651538            0.000294559803           
       1.823183             0.00864148135            0.000286478754           
       1.825824             0.00844122143            0.000287397777           
       1.828464             0.00787616292            0.000276760154           
       1.831105              0.0082273013            0.000283957294           
       1.833745             0.00852864366            0.000288930342           
       1.836385             0.00768311491            0.000273167749           
       1.839026             0.00827903617            0.000287826349           
       1.841666              0.0092661624            0.000300548451           
       1.844306             0.00872741281            0.000295362801           
       1.846947             0.00853005312             0.00028825159           
       1.849587             0.00880860103            0.000296893027           
       1.852228             0.00867023082            0.000291419115           
       1.854868             0.00858982518            0.000295384683           
       1.857508             0.00809345985            0.000281428956           
       1.860149             0.00795297889            0.000281211957           
       1.862789             0.00835036992             0.00028942711           
       1.865429             0.00814417404            0.000286693105           
       1.868070             0.00818424257            0.000286404407           
       1.870710             0.00779154837            0.000280209886           
       1.873351             0.00858111881            0.000295942466           
       1.875991             0.00878457799             0.00030105004           
       1.878631             0.00843202091            0.000292205652           
       1.881272             0.00862347633            0.000294812199           
       1.883912             0.00850584753            0.000296228437           
       1.886553             0.00810082427            0.000285621888           
       1.889193             0.00816152604             0.00029000175           
       1.891833             0.00824380307            0.000288143071           
       1.894474             0.00836384275            0.000292530392           
       1.897114             0.00866595604            0.000295457134           
       1.899754             0.00830707273            0.000292518735           
       1.902395             0.00799826647            0.000287091405           
       1.905035             0.00803585815            0.000286637547           
       1.907676             0.00824122275            0.000290614563           
       1.910316             0.00780984048            0.000284710162           
       1.912956             0.00835982005            0.000294552756           
       1.915597             0.00813319732            0.000287503955           
       1.918237             0.00825922192            0.000294120776           
       1.920878             0.00872759157            0.000296994603           
       1.923518             0.00882126486            0.000306517136           
       1.926158             0.00805557825            0.000286181516           
       1.928799              0.0083424686            0.000295102991           
       1.931439             0.00849413221            0.000295387015           
       1.934079             0.00781970275            0.000286287863           
       1.936720             0.00848831256             0.00029652055           
       1.939360             0.00837130733            0.000297307844           
       1.942001             0.00828211251            0.000294582092           
       1.944641             0.00871339662            0.000300852794           
       1.947281             0.00786607912            0.000287231877           
       1.949922             0.00819431144            0.000293530305           
       1.952562             0.00800113017            0.000292545568           
       1.955202             0.00752639674            0.000276605273           
       1.957843             0.00790272657            0.000292440079           
       1.960483              0.0073973667            0.000278422175           
       1.963124              0.0083791459            0.000296103097           
       1.965764              0.0080024612            0.000289474362           
       1.968404              0.0080460029            0.000295451301           
       1.971045             0.00751727526            0.000278420195           
       1.973685             0.00800725148            0.000292713022           
       1.976326             0.00796348106            0.000290639194           
       1.978966             0.00783503043            0.000289649829           
       1.981606             0.00744668257            0.000279393944           
       1.984247             0.00810643152            0.000294049823           
       1.986887             0.00885135599            0.000310137139           
       1.989527             0.00776294843             0.00028439294           
       1.992168             0.00797817378            0.000295264359           
       1.994808             0.00788220219            0.000290069422           
       1.997449             0.00755986025            0.000283659737           
       2.000089             0.00761533477            0.000283022184           
       2.002729             0.00770642858            0.000291233856           
       2.005370              0.0078119969            0.000287647851           
       2.008010             0.00785762889            0.000292316885           
       2.010650             0.00721212294            0.000279251516           
       2.013291             0.00749350479            0.000286267096           
       2.015931              0.0073684421            0.000281836541           
       2.018572             0.00773892598            0.000292671045           
       2.021212             0.00777002469            0.000290626592           
       2.023852             0.00741664552            0.000285432473           
       2.026493             0.00722934528            0.000280570299           
       2.029133             0.00740158287            0.000281727225           
       2.031774              0.0075022922            0.000286388026           
       2.034414             0.00768965201            0.000288211732           
       2.037054             0.00788530324            0.000295535322           
       2.039695              0.0077153209            0.000286574371           
       2.042335             0.00740675106            0.000285564566           
       2.044975             0.00714798019            0.000278289762           
       2.047616             0.00693850581            0.000275356631           
       2.050256             0.00733958142            0.000279871927           
       2.052897             0.00746688806            0.000290649273           
       2.055537             0.00752821389            0.000283883686           
       2.058177             0.00684538727            0.000273094446           
       2.060818             0.00755727186            0.000287804938           
       2.063458             0.00765194146            0.000290000866           
       2.066098             0.00714315103            0.000278950281           
       2.068739             0.00781717947            0.000294857196           
       2.071379             0.00813525045            0.000296354008           
       2.074020             0.00732813756            0.000285120839           
       2.076660             0.00772508894            0.000290756893           
       2.079300             0.00759150139            0.000288190187           
       2.081941             0.00728529678            0.000284034609           
       2.084581             0.00788746788            0.000295759034           
       2.087222             0.00757158494            0.000289973542           
       2.089862             0.00732545048             0.00028166642           
       2.092502             0.00744706919            0.000289155113           
       2.095143             0.00714617064            0.000279205014           
       2.097783             0.00734234993            0.000287318017           
       2.100423             0.00721423333            0.000279339349           
       2.103064             0.00766181764            0.000292844689           
       2.105704             0.00726381722            0.000284046385           
       2.108345             0.00716664168            0.000283435299           
       2.110985             0.00760013785            0.000287781923           
       2.113625             0.00714687702            0.000283465496           
       2.116266             0.00736495358            0.000285627934           
       2.118906             0.00668717911            0.000271970161           
       2.121546             0.00712784196            0.000280565228           
       2.124187             0.00701711332            0.000282227874           
       2.126827             0.00739859814            0.000285253144           
       2.129468             0.00714473425            0.000283241854           
       2.132108             0.00701276038            0.000280033051           
       2.134748             0.00722983039            0.000283262473           
       2.137389             0.00727297694            0.000286486022           
       2.140029              0.0074871524            0.000289967767           
       2.142670             0.00738117557            0.000288378716           
       2.145310             0.00750666321            0.000291930826           
       2.147950             0.00745278444            0.000292005778           
       2.150591             0.00709910122            0.000282379134           
       2.153231             0.00767772056            0.000298003113           
       2.155871             0.00728875985            0.000286163052           
       2.158512             0.00717109767             0.00028895855           
       2.161152             0.00727303082            0.000283735741           
       2.163793               0.007889783            0.000300329891           
       2.166433             0.00752958494            0.000288306479           
       2.169073             0.00738372584            0.000292166133           
       2.171714             0.00732505064             0.00028507855           
       2.174354             0.00765611943            0.000295903315           
       2.176995             0.00704081266             0.00028140986           
       2.179635             0.00706703881            0.000287269122           
       2.182275             0.00717938991            0.000283795924           
       2.184916             0.00738457417             0.00029390584           
       2.187556             0.00783852407            0.000297929832           
       2.190196             0.00739115239            0.000293850224           
       2.192837             0.00759088091            0.000294533052           
       2.195477             0.00726272909            0.000290875458           
       2.198118             0.00729911817            0.000286219733           
       2.200758             0.00715803404            0.000287841697           
       2.203398             0.00705957169            0.000281114672           
       2.206039             0.00769151771            0.000297912186           
       2.208679             0.00711337667             0.00028369254           
       2.211319             0.00756182402            0.000293875047           
       2.213960              0.0070885576            0.000281504952           
       2.216600             0.00677367684            0.000281665278           
       2.219241             0.00735492001            0.000289234287           
       2.221881             0.00732661085            0.000290181844           
       2.224521             0.00669608293            0.000276452246           
       2.227162              0.0071032121            0.000289204802           
       2.229802             0.00698187989            0.000282069947           
       2.232443             0.00704329935            0.000284421702           
       2.235083              0.0074761588             0.00029127413           
       2.237723             0.00728336581            0.000289697155           
       2.240364             0.00714173341             0.00028540748           
       2.243004             0.00769248277            0.000297102883           
       2.245644              0.0074969007            0.000292624327           
       2.248285             0.00727157738            0.000290064119           
       2.250925             0.00657268621            0.000274483054           
       2.253566             0.00743903874            0.000292727241           
       2.256206             0.00742575742            0.000291589744           
       2.258846             0.00695612598            0.000282221085           
       2.261487             0.00655108439            0.000274355049           
       2.264127             0.00704178658            0.000287136008           
       2.266767             0.00746821882            0.000290922902           
       2.269408             0.00711964569            0.000287426118           
       2.272048             0.00722457789            0.000287755429           
       2.274689             0.00666341734            0.000277440726           
       2.277329             0.00731919509            0.000290386146           
       2.279969             0.00738446638             0.00029256214           
       2.282610             0.00771217915            0.000296067731           
       2.285250             0.00747137257            0.000295991982           
       2.287891             0.00718822268            0.000287399324           
       2.290531             0.00710585082            0.000287156999           
       2.293171             0.00717485481            0.000288533677           
       2.295812             0.00732486185             0.00028998697           
       2.298452             0.00741222341            0.000293579469           
       2.301092             0.00656469838            0.000278040987           
       2.303733              0.0077234166            0.000295617375           
       2.306373             0.00710026391            0.000290373587           
       2.309014             0.00733287815            0.000289405302           
       2.311654              0.0066507555            0.000278231927           
       2.314294             0.00694991155            0.000283799713           
       2.316935             0.00654699445            0.000276538991           
       2.319575             0.00696153195            0.000284091657           
       2.322215             0.00707772395            0.000290534561           
       2.324856             0.00736784579            0.000288985341           
       2.327496             0.00719626734            0.000292600097           
       2.330137             0.00693571836            0.000281956619           
       2.332777             0.00717885498            0.000289993545           
       2.335417             0.00686971354            0.000282829247           
       2.338058              0.0071167255            0.000289021281           
       2.340698             0.00653305898              0.0002741895           
       2.343339             0.00678523486            0.000284763566           
       2.345979             0.00756499244            0.000294681161           
       2.348619             0.00719249174            0.000292760758           
       2.351260             0.00704330887            0.000283550308           
       2.353900             0.00745381162            0.000297875194           
       2.356540             0.00677020631            0.000279983005           
       2.359181             0.00696719269            0.000287825053           
       2.361821             0.00662571149            0.000277262968           
       2.364462             0.00705560789            0.000290898268           
       2.367102             0.00677794099            0.000276871895           
       2.369742             0.00719761313            0.000295539538           
       2.372383             0.00697824681            0.000282518071           
       2.375023             0.00696056321            0.000289511323           
       2.377663             0.00722800936            0.000288751493           
       2.380304             0.00710651803            0.000290286158           
       2.382944              0.0071336461            0.000287994982           
       2.385585             0.00721592623            0.000292389367           
       2.388225              0.0071368591            0.000289469229           
       2.390865             0.00708814494            0.000289218335           
       2.393506             0.00701548316              0.0002864061           
       2.396146             0.00693665912            0.000285736511           
       2.398787             0.00689693446            0.000285166378           
       2.401427             0.00692626822            0.000284036963           
       2.404067             0.00721772413             0.00029437703           
       2.406708             0.00699363475            0.000286129083           
       2.409348             0.00741208169            0.000296780579           
       2.411988             0.00664237487            0.000280051447           
       2.414629             0.00663235056            0.000280755667           
       2.417269             0.00686000792             0.00028294047           
       2.419910             0.00723671942            0.000294270126           
       2.422550             0.00715840893            0.000288230883           
       2.425190             0.00716166054            0.000297373322           
       2.427831             0.00709022201            0.000284758523           
       2.430471             0.00691611987            0.000289461699           
       2.433112             0.00710803731            0.000286526083           
       2.435752             0.00742873335            0.000300333998           
       2.438392             0.00719906309             0.00029068551           
       2.441033             0.00704451819            0.000288866113           
       2.443673             0.00690597707            0.000286775272           
       2.446313             0.00728045651            0.000292879083           
       2.448954             0.00717639553            0.000293329946           
       2.451594              0.0068515633            0.000284894696           
       2.454235             0.00726231765            0.000292397533           
       2.456875             0.00752821306            0.000299210155           
       2.459515             0.00764479941            0.000301983033           
       2.462156             0.00758394176             0.00029922816           
       2.464796             0.00801532708            0.000313046942           
       2.467436             0.00815213675            0.000309087386           
       2.470077             0.00805609031            0.000311498197           
       2.472717             0.00740660377            0.000294940561           
       2.475358             0.00741846614            0.000298520858           
       2.477998             0.00717125476             0.00029193891           
       2.480638             0.00721087762            0.000293455617           
       2.483279              0.0074761022            0.000300087361           
       2.485919             0.00763657391            0.000301167266           
       2.488560              0.0065627806             0.00028034972           
       2.491200             0.00706772769            0.000290536196           
       2.493840             0.00736485942            0.000294965733           
       2.496481             0.00705368655            0.000292442037           
       2.499121             0.00747645934            0.000297069756           
       2.501761             0.00686321032            0.000289458798           
       2.504402             0.00692752949            0.000285238842           
       2.507042             0.00680543097            0.000287413619           
       2.509683             0.00728974145             0.00029475583           
       2.512323             0.00694917873            0.000288915129           
       2.514963              0.0104387486            0.000354805732           
       2.517604              0.0185019383            0.000470512816           
       2.520244              0.0492726938            0.000767999509           
       2.522884              0.0131683283             0.00039616131           
       2.525525              0.0106553976            0.000359289329           
       2.528165              0.0227186291            0.000522230879           
       2.530806              0.0230600564             0.00052416543           
       2.533446              0.0160545545            0.000441244942           
       2.536086               0.022297641            0.000515643764           
       2.538727              0.0144041169            0.000417098807           
       2.541367              0.0093157647            0.000334473152           
       2.544008             0.00836837818            0.000317278323           
       2.546648             0.00828069758            0.000315970172           
       2.549288             0.00752066143            0.000301164069           
       2.551929             0.00665305364            0.000284195915           
       2.554569               0.006980782            0.000288451254           
       2.557209             0.00725608161            0.000297406839           
       2.559850             0.00707019848            0.000290196868           
       2.562490             0.00725771725            0.000296160861           
       2.565131             0.00740083772            0.000299587057           
       2.567771             0.00682354791            0.000286140832           
       2.570411              0.0071942836            0.000297386667           
       2.573052             0.00718745259             0.00029377573           
       2.575692             0.00716903043             0.00029417731           
       2.578332             0.00715450349            0.000293010971           
       2.580973             0.00717673767            0.000295845344           
       2.583613             0.00714667174            0.000292534656           
       2.586254             0.00659264291            0.000283452606           
       2.588894             0.00725038684            0.000295670773           
       2.591534             0.00722339862            0.000295662807           
       2.594175             0.00687709222             0.00029016299           
       2.596815             0.00721991385            0.000294543096           
       2.599456             0.00657315837            0.000283340537           
       2.602096             0.00644585038            0.000279533259           
       2.604736             0.00651486631            0.000281762796           
       2.607377             0.00707696247            0.000292543438           
       2.610017             0.00658315347            0.000282053923           
       2.612657             0.00704401568            0.000293820679           
       2.615298             0.00653129862            0.000280157921           
       2.617938             0.00682981073             0.00028899492           
       2.620579             0.00706742002            0.000291577604           
       2.623219             0.00741715521            0.000303482973           
       2.625859             0.00693400393            0.000288486701           
       2.628500             0.00668769528            0.000287844573           
       2.631140             0.00703710409            0.000290061361           
       2.633780             0.00744479987            0.000302177411           
       2.636421             0.00698521802            0.000290038355           
       2.639061             0.00716187733            0.000297194446           
       2.641702             0.00717489016            0.000294284425           
       2.644342             0.00729232152            0.000299116642           
       2.646982             0.00713238765             0.00029556723           
       2.649623             0.00684544351            0.000291296568           
       2.652263             0.00713466698            0.000295020231           
       2.654904             0.00721601973            0.000298308435           
       2.657544             0.00724320721            0.000296767134           
       2.660184             0.00729207625            0.000298147454           
       2.662825             0.00731100406            0.000299249712           
       2.665465             0.00740362617             0.00030169628           
       2.668105             0.00703680822            0.000294243919           
       2.670746             0.00700160834            0.000291023581           
       2.673386             0.00747880108            0.000304422735           
       2.676027             0.00656187982            0.000282727136           
       2.678667             0.00723788708            0.000298477212           
       2.681307             0.00760743053            0.000303595768           
       2.683948             0.00721539404            0.000298606024           
       2.686588             0.00747298218            0.000301100699           
       2.689229              0.0075067962            0.000304489582           
       2.691869             0.00710682622            0.000293309594           
       2.694509             0.00718919329            0.000299050047           
       2.697150             0.00714396242            0.000293349912           
       2.699790             0.00781021664            0.000313095464           
       2.702430              0.0074367566             0.00029966048           
       2.705071             0.00701967708            0.000295120701           
       2.707711             0.00662560852            0.000283874193           
       2.710352             0.00697254513            0.000292869147           
       2.712992             0.00711940215            0.000296899482           
       2.715632             0.00631552066            0.000278044824           
       2.718273             0.00634419382            0.000279600433           
       2.720913             0.00673775642             0.00028862354           
       2.723553             0.00636598688            0.000279572996           
       2.726194             0.00653952269            0.000284724519           
       2.728834             0.00649147928            0.000281155021           
       2.731475             0.00684600155            0.000291253817           
       2.734115             0.00681493511            0.000288860662           
       2.736755              0.0070599328            0.000295950624           
       2.739396             0.00646698575            0.000281752185           
       2.742036             0.00757325786            0.000306981312           
       2.744677             0.00735571015            0.000302982376           
       2.747317             0.00729510569             0.00030026577           
       2.749957             0.00699402129            0.000296137048           
       2.752598             0.00719918585            0.000301353906           
       2.755238              0.0065243237            0.000286752429           
       2.757878             0.00673791217            0.000290578672           
       2.760519             0.00705883899            0.000294278005           
       2.763159             0.00766536222             0.00031164651           
       2.765800             0.00681557722            0.000288886588           
       2.768440             0.00703798072            0.000297429403           
       2.771080             0.00712183777            0.000296674747           
       2.773721             0.00690057756            0.000295612455           
       2.776361             0.00639973613             0.00028162509           
       2.779001             0.00652096906            0.000287268284           
       2.781642             0.00670019154            0.000289202247           
       2.784282             0.00707066937            0.000297193838           
       2.786923             0.00699915802            0.000293438336           
       2.789563             0.00669813312            0.000287635433           
       2.792203             0.00688681603             0.00029351511           
       2.794844             0.00636570856            0.000280907911           
       2.797484             0.00626139153             0.00027898928           
       2.800125              0.0064603187            0.000283020221           
       2.802765             0.00670028823            0.000293571915           
       2.805405             0.00619886057            0.000278297281           
       2.808046             0.00695259127            0.000299250653           
       2.810686             0.00626181466            0.000280969649           
       2.813326             0.00655998875            0.000291139449           
       2.815967             0.00643650925            0.000286568936           
       2.818607             0.00666763368            0.000294584289           
       2.821248             0.00764926404            0.000311590577           
       2.823888             0.00635932596            0.000288681785           
       2.826528             0.00645414989            0.000289090959           
       2.829169              0.0069891252            0.000299505495           
       2.831809             0.00633633779            0.000285425577           
       2.834449             0.00642147575            0.000282321316           
       2.837090             0.00699624684            0.000296458941           
       2.839730             0.00737141875            0.000302142901           
       2.842371             0.00659908966            0.000287868601           
       2.845011             0.00692022995            0.000294132398           
       2.847651              0.0066747417            0.000289398763           
       2.850292              0.0063888398            0.000281524244           
       2.852932             0.00678116238            0.000290559423           
       2.855573             0.00669437409            0.000291229562           
       2.858213             0.00663638543            0.000286711969           
       2.860853             0.00693333766            0.000295249893           
       2.863494             0.00682203782              0.0002935757           
       2.866134             0.00657999313            0.000292364837           
       2.868774             0.00680860114            0.000292847799           
       2.871415             0.00711054708            0.000302232943           
       2.874055             0.00710109912            0.000303528185           
       2.876696             0.00673148289             0.00029286215           
       2.879336             0.00663451508             0.00029267512           
       2.881976             0.00702892351            0.000301001067           
       2.884617             0.00672623342            0.000292812959           
       2.887257             0.00630297746            0.000281474122           
       2.889897             0.00713238706            0.000302853541           
       2.892538             0.00691897819            0.000296220103           
       2.895178             0.00674968589            0.000289590143           
       2.897819             0.00692494689            0.000296342605           
       2.900459             0.00637302877            0.000281934405           
       2.903099             0.00642051569            0.000284460401           
       2.905740             0.00616351025            0.000275597893           
       2.908380             0.00738888273            0.000305775343           
       2.911021               0.006932477            0.000296744108           
       2.913661             0.00645750468            0.000283246421           
       2.916301             0.00652503681            0.000288774111           
       2.918942             0.00673191849            0.000288891237           
       2.921582             0.00722166687             0.00030235449           
       2.924222             0.00630586991            0.000280894921           
       2.926863             0.00650555478            0.000286065574           
       2.929503             0.00707218285            0.000301574546           
       2.932144             0.00692709659            0.000293569983           
       2.934784             0.00736860766            0.000304067838           
       2.937424             0.00734352595            0.000304111342           
       2.940065             0.00662661227            0.000289120842           
       2.942705             0.00617325915            0.000279903609           
       2.945346             0.00713492113            0.000299139032           
       2.947986             0.00673172413                0.00029158           
       2.950626             0.00700917731            0.000298442997           
       2.953267             0.00920416218            0.000338362042           
       2.955907              0.0100491285            0.000358226618           
       2.958547             0.00951549913            0.000345011274           
       2.961188             0.00765184058            0.000312086736           
       2.963828             0.00746111137            0.000306426234           
       2.966469             0.00663543041            0.000289045948           
       2.969109             0.00716751793            0.000301948019           
       2.971749             0.00723241434            0.000302419757           
       2.974390               0.007379334             0.00030631423           
       2.977030             0.00977117344             0.00035180713           
       2.979670              0.0104521931            0.000361514697           
       2.982311             0.00871016845            0.000332398093           
       2.984951             0.00792325154             0.00031784724           
       2.987592             0.00761604172             0.00031057254           
       2.990232             0.00767193524            0.000312506048           
       2.992872             0.00754434467            0.000307471995           
       2.995513             0.00760052361            0.000311038862           
       2.998153              0.0083532987            0.000328182024           
       3.000794             0.00977899411            0.000349918419           
       3.003434              0.0286825369            0.000605632684           
       3.006074              0.0676382779            0.000933026968           
       3.008715              0.0373084223            0.000698225753           
       3.011355              0.0258267233            0.000586975901           
       3.013995              0.0208462759            0.000524772241           
       3.016636              0.0323322234            0.000654768721           
       3.019276               0.167299852             0.00152501591           
       3.021917               0.218883753             0.00171476485           
       3.024557               0.129307756             0.00132850595           
       3.027197               0.127329153              0.0013404289           
       3.029838               0.123354565             0.00131303327           
       3.032478              0.0541674158            0.000875295229           
       3.035118              0.0389100075            0.000745668694           
       3.037759               0.100320573              0.0011994288           
       3.040399               0.191872645             0.00167775011           
       3.043040              0.0785852627             0.00108414924           
       3.045680              0.0557251023            0.000898883316           
       3.048320               0.136272708               0.001428223           
       3.050961                0.24877207             0.00194906157           
       3.053601              0.0677221897             0.00101243089           
       3.056242              0.0572310789            0.000936691522           
       3.058882               0.211332873             0.00182674128           
       3.061522               0.135131549             0.00145061589           
       3.064163              0.0221125896            0.000587872829           
       3.066803              0.0280836167            0.000675317373           
       3.069443              0.0376881783             0.00077710879           
       3.072084              0.0749528354             0.00110566143           
       3.074724              0.0211509585            0.000590813073           
       3.077365              0.0112618579            0.000430803324           
       3.080005             0.00947206282            0.000399471513           
       3.082645             0.00916512213            0.000394946554           
       3.085286             0.00796772968            0.000368311855           
       3.087926             0.00803844878            0.000372296516           
       3.090566             0.00750879435            0.000363528599           
       3.093207             0.00828840054            0.000377807982           
       3.095847              0.0070698272            0.000356245495           
       3.098488             0.00818443584            0.000382605464           
       3.101128             0.00873522452            0.000397423165           
       3.103768             0.00956385094            0.000418188791           
       3.106409              0.0112307955            0.000456205411           
       3.109049              0.0111624015            0.000458349844           
       3.111690              0.0119151741            0.000471688289           
       3.114330             0.00922986942            0.000418841613           
       3.116970              0.0101703789            0.000445780055           
       3.119611              0.0146432241             0.00053141683           
       3.122251              0.0140232208            0.000524303863           
       3.124891              0.0109956762            0.000466523419           
       3.127532             0.00798525707            0.000404725529           
       3.130172              0.0083092421            0.000404361257           
       3.132813             0.00817930084            0.000409352191           
       3.135453             0.00987956407            0.000459381793           
       3.138093             0.00700860725            0.000377739082           
       3.140734             0.00727261352             0.00039194911           
       3.143374              0.0067047481            0.000382088846           
       3.146014             0.00623938735            0.000365914868           
       3.148655             0.00654936439            0.000377845753           
       3.151295             0.00654318825            0.000380656881           
       3.153936             0.00660422103             0.00038807371           
       3.156576             0.00724005518            0.000401661369           
       3.159216             0.00685208681            0.000393947288           
       3.161857             0.00610996206            0.000376566037           
       3.164497             0.00679068295            0.000405359775           
       3.167138             0.00632311272            0.000381771002           
       3.169778             0.00593955692            0.000376692129           
       3.172418              0.0061801266            0.000386490273           
       3.175059             0.00636960661             0.00039750524           
       3.177699             0.00606898039            0.000386478776           
       3.180339             0.00638528865            0.000399965698           
       3.182980             0.00626527392            0.000401537572           
       3.185620              0.0058077209              0.0003908221           
       3.188261             0.00605521251            0.000393834253           
       3.190901             0.00648144156            0.000413738169           
       3.193541             0.00619985431            0.000405984317           
       3.196182             0.00574671128            0.000398998835           
       3.198822             0.00570107968            0.000392593947           
       3.201463             0.00633977381            0.000419355253           
       3.204103              0.0053327458            0.000389731616           
       3.206743             0.00572607916            0.000407263273           
       3.209384              0.0054816795              0.0003967008           
       3.212024             0.00554430093            0.000400377555           
       3.214664             0.00558370942            0.000409456364           
       3.217305             0.00599695956            0.000434237848           
       3.219945             0.00631063123            0.000441724675           
       3.222586             0.00524481128            0.000404977649           
       3.225226             0.00591680171            0.000439830142           
       3.227866             0.00589488311             0.00044241103           
       3.230507             0.00559961073            0.000436333884           
       3.233147             0.00530972443            0.000418604928           
       3.235787             0.00623813742            0.000453851577           
       3.238428             0.00526022448            0.000424122905           
       3.241068             0.00612865207            0.000467079119           
       3.243709             0.00683557754             0.00049054442           
       3.246349             0.00669535916            0.000482770752           
       3.248989             0.00604656194            0.000469270419           
       3.251630             0.00583844653            0.000463163935           
       3.254270             0.00547639996            0.000462362123           
       3.256911             0.00474236463            0.000419480574           
       3.259551             0.00584882923            0.000476147042           
       3.262191             0.00555309425            0.000468221464           
       3.264832             0.00571368872            0.000479400067           
       3.267472             0.00516887652            0.000462438044           
       3.270112             0.00486749048            0.000450031179           
       3.272753             0.00558352274            0.000487920165           
       3.275393             0.00586848051            0.000502790606           
       3.278034             0.00615010829            0.000525198919           
       3.280674             0.00577845108            0.000510559985           
       3.283314             0.00537876034             0.00049530788           
       3.285955             0.00555300437            0.000512719545           
       3.288595             0.00582444598             0.00053095947           
       3.291235             0.00578524684            0.000532278248           
       3.293876             0.00687530532             0.00058369732           
       3.296516             0.00687748398            0.000595697008           
       3.299157             0.00581166523            0.000555873432           
       3.301797             0.00553515105            0.000542718817           
       3.304437             0.00654105812            0.000601034583           
       3.307078              0.0058644667            0.000574630063           
       3.309718             0.00553989143            0.000564077049           
       3.312359             0.00514806595            0.000554750343           
       3.314999             0.00495312863            0.000549854222           
       3.317639             0.00527268752            0.000573423191           
       3.320280             0.00509168538             0.00057172369           
       3.322920              0.0049879851            0.000574338184           
       3.325560             0.00483172051            0.000576185308           
       3.328201             0.00522829924            0.000601898821           
       3.330841             0.00520698348            0.000615279393           
       3.333482             0.00486908612            0.000602535387           
       3.336122             0.00537868022             0.00064704544           
       3.338762              0.0051053022            0.000636153326           
       3.341403             0.00512102117            0.000643042553           
       3.344043             0.00657090843            0.000756208346           
       3.346683             0.00590091162            0.000723887302           
       3.349324             0.00380110494            0.000589980592           
       3.351964             0.00394840058            0.000620633999           
       3.354605             0.00455198848            0.000673931547           
       3.357245             0.00476371995             0.00071366017           
       3.359885             0.00520305562            0.000746111362           
       3.362526              0.0051298185            0.000778721794           
       3.365166             0.00580051787            0.000817842071           
       3.367807             0.00548693027            0.000851477543           
       3.370447             0.00591134639            0.000884137942           
       3.373087             0.00540732956             0.00089245161           
       3.375728             0.00646933961            0.000968785899           
       3.378368              0.0043463832            0.000858058095           
       3.381008              0.0054167059             0.00094954795           
       3.383649             0.00615980533              0.0010958506           
       3.386289             0.00557690394             0.00104314218           
       3.388930              0.0048882346             0.00107256337           
       3.391570             0.00507767661             0.00109360761           
       3.394210             0.00425785408             0.00107301973           
       3.396851             0.00560509709             0.00133360425           
       3.399491             0.00540989536             0.00133395524           
       3.402131             0.00363471249             0.00129428422           
       3.404772             0.00583757259             0.00164095572           
       3.407412            0.000639772408            0.000674095101           
       3.410053             0.00290305934             0.00149521335           
       3.412693             0.00285410957             0.00209752699           
       3.415333             0.00426834514             0.00314285413           
