################################################################################
# EDF_DataBlockID                     0.Image.Psd
# EDF_BinarySize                      2105344
# EDF_HeaderSize                      2560
# ByteOrder                           LowByteFirst
# DataType                            FloatValue
# Dim_1                               512
# Dim_2                               1028
# Image                               0
# HeaderID                            EH:000000:000000:000000
# Size                                2105344
# Center_1                            304.9000
# Center_2                            588.7000
# Comment                             Xenocs_Cell_Window - front_window_open_only
# DDummy                              0.6
# Date                                2025-10-19T22:37:10
# Delta                               21.910000
# Dummy                               -1.5
# ExposureTime                        360
# Gamma                               15.360000
# Intensity1                          8.95257e-10
# PSize_1                             7.5e-05
# PSize_2                             7.5e-05
# Pressure                            0.0327063
# SampleDistance                      0.115750
# SampleEnvKind                       large
# SampleEnvPN                         ElectroChemical cell
# SampleEnvSN                         1141
# Thickness                           0
# Wavelength                          1.541891e-10
# Wavelength                          1.54189e-10
# aux                                 0
# aux_dial                            0.002375
# beamx                               588.429
# beamx_dial                          588.429
# beamz                               657.855
# beamz_dial                          657.855
# det0x                               -0.000396875
# det0x_dial                          6.36905
# det0xvd                             -0.0005
# det0xvd_dial                        -0.0005
# det0y                               450.002
# det0y_dial                          481.635
# det0z                               0
# det0z_dial                          1.2295
# det0zvd                             0
# det0zvd_dial                        0
# mag                                 1.818
# mag_dial                            1.818
# om                                  0.2499
# om_dial                             -0.610199
# phi                                 -0.0120535
# phi_dial                            0
# ry                                  0.599993
# ry_dial                             0.599993
# s1bot                               0.8
# s1bot_dial                          -1.66094
# s1hl                                0.8
# s1hl_dial                           -0.608437
# s1hr                                0.8
# s1hr_dial                           0.970938
# s1top                               0.8
# s1top_dial                          -0.461562
# s2bot                               0.45
# s2bot_dial                          1.36109
# s2hl                                0.45
# s2hl_dial                           -0.83375
# s2hr                                0.45
# s2hr_dial                           -0.118594
# s2top                               0.45
# s2top_dial                          1.44734
# w2theta                             32
# w2theta_dial                        32
# waxsch                              19.2605
# waxsch_dial                         -32.7238
# waxsh                               137.085
# waxsh_dial                          -43.5335
# waxsth                              26.0607
# waxsth_dial                         -19.4068
# waxsz                               67.0407
# waxsz_dial                          -23.7962
# wind                                65.9854
# wind_dial                           66.0041
# wpsi                                124
# wpsi_dial                           124
# wstod                               115
# wstod_dial                          115
# x                                   0
# x_dial                              1.00969
# z                                   0
# z_dial                              13.3172
# CountCutoff                         6807993
# DetectorModel                       Dectris EIGER2 Si 500K, S/N E-01-0554
# ThresholdSetting                    4023.88989258
# Saturation                          0
# FlatField                           Corrected
# BackgroundReductionExtra            0.02
# BackgroundCorrectionConstant        0.0026712
# Detector                            0
# Monitor                             0
# Pil_Roi0                            0
# SumForIntensity1                    3.22293e+08
# TransmittedFlux                     895257
# det                                 0
# mon                                 0
# pilai0                              3.22293e+08
# pilai1                              689368
# pilct0                              5.57048e+08
# pilct1                              689368
# pilroi0                             0
# pilroi1                             0
# sec                                 1
# title                               20251017__1_00477.edf
# usaxs0                              0
# Operation                           Azimuthal average I(q)
# Error_model                         ErrorModel.poisson
# Geometrical_correction              True
# Transmission_correction             True
# Thickness_correction                False
# Binning mode                        Uniform
# Binning factor                      1.0
# Psi                                 0.0
# Omega                               0.2499
# MaskInvalidPixels                   True
# DetectorEdge                        3
# MaskFiles                           ['20251017__1_00233_mask.edf']
################################################################################
    q(A⁻¹)                Intensity(a.u.)            Sigma_I(a.u.)            
       0.690460           -2.26865517e-05                         0           
       0.693100             0.00468862387             0.00282124939           
       0.695741             0.00579038845             0.00264873647           
       0.698381              0.0112382749             0.00345128556           
       0.701021             0.00550598196             0.00197157511           
       0.703662              0.0052710925             0.00178561815           
       0.706302             0.00667168492             0.00194013472           
       0.708942              0.0056371589             0.00158412041           
       0.711583             0.00873415296             0.00197146423           
       0.714223             0.00694412419             0.00153183317           
       0.716864             0.00690757098             0.00155903948           
       0.719504              0.0065601511              0.0014061389           
       0.722144             0.00769409651             0.00147073968           
       0.724785             0.00697414382             0.00137728986           
       0.727425             0.00529520586              0.0011131641           
       0.730065             0.00684011856             0.00130179063           
       0.732706             0.00837231089             0.00129511951           
       0.735346             0.00763788865             0.00133618371           
       0.737987             0.00659571549             0.00107472763           
       0.740627             0.00748998202             0.00125462993           
       0.743267             0.00598241357            0.000964492819           
       0.745908              0.0069425778             0.00111353613           
       0.748548             0.00785070847             0.00110440551           
       0.751189             0.00648081822            0.000993981003           
       0.753829             0.00660431805             0.00101245856           
       0.756469             0.00748623535             0.00101385311           
       0.759110             0.00697876205             0.00101250246           
       0.761750             0.00698292505            0.000926923222           
       0.764390             0.00685438728            0.000985800785           
       0.767031             0.00565276288            0.000810080312           
       0.769671             0.00794253942             0.00101836049           
       0.772312             0.00581808579            0.000794251665           
       0.774952             0.00726654946            0.000951587007           
       0.777592             0.00672769048            0.000837476188           
       0.780233             0.00632756717            0.000856218679           
       0.782873             0.00711865385            0.000830470152           
       0.785513              0.0061067883            0.000818230985           
       0.788154             0.00652106528            0.000776629339           
       0.790794             0.00766192557            0.000871268033           
       0.793435             0.00662716039            0.000778286485           
       0.796075             0.00744115239            0.000829056895           
       0.798715             0.00724515434            0.000813395284           
       0.801356             0.00657108467              0.0007539031           
       0.803996              0.0078964601            0.000839650601           
       0.806637             0.00672170886            0.000732276922           
       0.809277             0.00694902341            0.000778927032           
       0.811917             0.00693077213            0.000736122747           
       0.814558             0.00612042199            0.000708655015           
       0.817198             0.00764265001            0.000755070053           
       0.819838             0.00606768918            0.000701787787           
       0.822479             0.00678661341            0.000683976992           
       0.825119             0.00710415879             0.00075176033           
       0.827760             0.00713039881              0.0006978684           
       0.830400             0.00694714999            0.000725782848           
       0.833040             0.00648200408            0.000654292969           
       0.835681             0.00670417335            0.000696827582           
       0.838321              0.0071980541            0.000675814487           
       0.840961              0.0074473047            0.000718516968           
       0.843602             0.00677415234            0.000645501953           
       0.846242             0.00615570915            0.000637056663           
       0.848883             0.00662698211            0.000642997806           
       0.851523             0.00686678097             0.00065943316           
       0.854163             0.00689091542            0.000652916466           
       0.856804             0.00776407197            0.000675315917           
       0.859444             0.00753803129             0.00067019705           
       0.862085             0.00656625735            0.000616408586           
       0.864725             0.00747130542            0.000655104515           
       0.867365             0.00783697985            0.000666139728           
       0.870006             0.00618420562            0.000599998812           
       0.872646             0.00697427698            0.000609443661           
       0.875286             0.00702024162            0.000632282654           
       0.877927             0.00595389368            0.000557514145           
       0.880567             0.00632715587            0.000585952046           
       0.883208             0.00681669059             0.00059063268           
       0.885848             0.00658419058            0.000595526355           
       0.888488             0.00622965004            0.000550782465           
       0.891129             0.00731911663             0.00062755848           
       0.893769             0.00702895204            0.000581321177           
       0.896410             0.00562766214             0.00053618011           
       0.899050             0.00647155342            0.000554391078           
       0.901690             0.00678742334            0.000579610752           
       0.904331             0.00714365618            0.000573866344           
       0.906971              0.0063533583            0.000558833546           
       0.909611             0.00634116109             0.00053587113           
       0.912252             0.00684611635            0.000566446828           
       0.914892             0.00779488535            0.000589114903           
       0.917533             0.00670348287            0.000558644986           
       0.920173             0.00664975121            0.000533727472           
       0.922813             0.00780534646            0.000604277829           
       0.925454             0.00683667492            0.000536730756           
       0.928094             0.00680612029            0.000547025048           
       0.930734             0.00762337377            0.000565119883           
       0.933375             0.00844410429            0.000607441542           
       0.936015             0.00708685047            0.000532455199           
       0.938656             0.00700268911            0.000551485251           
       0.941296              0.0077200601            0.000558197028           
       0.943936             0.00611994343            0.000505944431           
       0.946577              0.0074587076            0.000537916752           
       0.949217             0.00750379285            0.000558594575           
       0.951858             0.00717342899             0.00051632987           
       0.954498             0.00712388933            0.000541322536           
       0.957138             0.00740673812            0.000530519618           
       0.959779             0.00682757886            0.000520496935           
       0.962419             0.00706323731            0.000509654323           
       0.965059             0.00761852269            0.000544343619           
       0.967700             0.00629580169            0.000478836237           
       0.970340             0.00759461785            0.000540691668           
       0.972981             0.00829010709            0.000545433733           
       0.975621             0.00649098072            0.000492738559           
       0.978261             0.00753037239             0.00050637828           
       0.980902             0.00709616817            0.000514968386           
       0.983542             0.00741375668            0.000511039652           
       0.986182             0.00706874533            0.000505578511           
       0.988823              0.0071490149            0.000492035826           
       0.991463             0.00755774693            0.000517989516           
       0.994104             0.00801767713            0.000515534521           
       0.996744             0.00756405439             0.00051697662           
       0.999384             0.00752950022            0.000498288184           
       1.002025             0.00787261157            0.000523701313           
       1.004665             0.00705695675            0.000475519994           
       1.007306             0.00681104596            0.000482815076           
       1.009946             0.00839309819            0.000515345627           
       1.012586             0.00674057443            0.000475118874           
       1.015227             0.00828106946            0.000510679139           
       1.017867             0.00797444084            0.000515496201           
       1.020507             0.00759571536             0.00048416648           
       1.023148             0.00736495109            0.000482513532           
       1.025788              0.0065065384            0.000448879293           
       1.028429             0.00683109267            0.000469992991           
       1.031069             0.00769621033            0.000480633626           
       1.033709             0.00744895203            0.000481929969           
       1.036350             0.00745853308            0.000469594532           
       1.038990             0.00732660918            0.000476913265           
       1.041630             0.00726065503             0.00046562811           
       1.044271             0.00806853307            0.000490904873           
       1.046911             0.00863533726            0.000498419113           
       1.049552             0.00828100014            0.000505675558           
       1.052192             0.00748394294            0.000459106537           
       1.054832              0.0077077008            0.000474980027           
       1.057473             0.00767847385            0.000468076948           
       1.060113             0.00778782423            0.000476502773           
       1.062754             0.00682393198            0.000441107676           
       1.065394             0.00806428574            0.000474478637           
       1.068034             0.00799404291            0.000470578746           
       1.070675             0.00846707004            0.000492819606           
       1.073315              0.0074680589            0.000448686694           
       1.075955             0.00831374037            0.000481349877           
       1.078596             0.00846564114             0.00048476726           
       1.081236             0.00854691321            0.000479864095           
       1.083877             0.00718831562             0.00045382291           
       1.086517             0.00825890375             0.00047544129           
       1.089157             0.00918349019            0.000505024083           
       1.091798             0.00805127008            0.000462849721           
       1.094438             0.00766281952            0.000458722559           
       1.097078             0.00918477004             0.00048930962           
       1.099719             0.00780924759            0.000462747933           
       1.102359             0.00827142666            0.000451155759           
       1.105000             0.00899155378            0.000488910717           
       1.107640             0.00857780228            0.000461963197           
       1.110280             0.00755087361            0.000442107765           
       1.112921             0.00868626639            0.000465603126           
       1.115561             0.00799785464            0.000452441955           
       1.118202             0.00795947924            0.000438181584           
       1.120842             0.00818596409            0.000458373167           
       1.123482              0.0089712504            0.000466395047           
       1.126123              0.0083651252            0.000453174653           
       1.128763             0.00851171967            0.000454860901           
       1.131403             0.00874325221             0.00046028922           
       1.134044             0.00820974512            0.000445250778           
       1.136684             0.00852478073            0.000457122975           
       1.139325             0.00811984889            0.000433564058           
       1.141965             0.00830874924            0.000444314206           
       1.144605             0.00885891955              0.0004614836           
       1.147246             0.00813842177            0.000433942392           
       1.149886             0.00765176878            0.000423760645           
       1.152527             0.00918396923            0.000464718399           
       1.155167             0.00773007555            0.000420355763           
       1.157807             0.00892295955            0.000451937823           
       1.160448             0.00898632537            0.000459745158           
       1.163088             0.00800019068            0.000417693377           
       1.165728             0.00855141345            0.000449643257           
       1.168369             0.00902233193            0.000445369974           
       1.171009             0.00926445981            0.000455048215           
       1.173650             0.00924199554            0.000451218755           
       1.176290             0.00838504945            0.000434833798           
       1.178930             0.00849421257            0.000425352162           
       1.181571             0.00955625459            0.000465895962           
       1.184211             0.00891519254             0.00043640722           
       1.186851             0.00943653522            0.000453125945           
       1.189492             0.00936662637            0.000453951246           
       1.192132              0.0100432676            0.000463100259           
       1.194773             0.00948918889            0.000447428858           
       1.197413             0.00986417508            0.000459905043           
       1.200053               0.010123329            0.000462975876           
       1.202694             0.00877482151            0.000427790087           
       1.205334             0.00949093243             0.00044976717           
       1.207975             0.00897750075             0.00042886159           
       1.210615             0.00866055928            0.000430130563           
       1.213255             0.00845313442            0.000413706293           
       1.215896             0.00938384397            0.000444148976           
       1.218536             0.00864783958            0.000414094718           
       1.221176             0.00970510909             0.00044914896           
       1.223817             0.00881787558            0.000419205439           
       1.226457             0.00889285681            0.000426331179           
       1.229098             0.00922144133             0.00042754984           
       1.231738             0.00980410563            0.000447058353           
       1.234378             0.00997099931            0.000442087272           
       1.237019             0.00883128123            0.000419410653           
       1.239659             0.00957002883             0.00043636427           
       1.242299             0.00995658344            0.000442814442           
       1.244940             0.00971485342            0.000432684512           
       1.247580             0.00980932253            0.000436702939           
       1.250221             0.00956823044            0.000438343276           
       1.252861             0.00962143805            0.000423183899           
       1.255501             0.00994788568            0.000442452398           
       1.258142             0.00993200844            0.000433358902           
       1.260782             0.00961425315            0.000431186453           
       1.263423              0.0100562407            0.000432249632           
       1.266063              0.0106353983             0.00045280773           
       1.268703             0.00996959598            0.000427359611           
       1.271344              0.0104773608            0.000447649445           
       1.273984              0.0102709697            0.000436299467           
       1.276624             0.00994014376            0.000426596559           
       1.279265             0.00994515856            0.000427635787           
       1.281905             0.00993420532            0.000430034644           
       1.284546             0.00963778419            0.000418943017           
       1.287186              0.0104908414             0.00043751056           
       1.289826              0.0100204886            0.000429807631           
       1.292467             0.00995386249            0.000420730653           
       1.295107              0.0104614536            0.000438927439           
       1.297747              0.0103093476            0.000424295972           
       1.300388             0.00990682467            0.000426611064           
       1.303028             0.00999226627            0.000417551718           
       1.305669             0.00973937898            0.000417560151           
       1.308309              0.0101224448            0.000419291892           
       1.310949             0.00952568145            0.000411814237           
       1.313590              0.0100963909            0.000417409956           
       1.316230              0.0100280056            0.000423481856           
       1.318871              0.0107199657            0.000428402905           
       1.321511             0.00962259017            0.000407917797           
       1.324151               0.010782951            0.000433519049           
       1.326792              0.0104130504            0.000422567412           
       1.329432              0.0100795065             0.00041791328           
       1.332072              0.0103636977            0.000416497332           
       1.334713              0.0106972187            0.000428393858           
       1.337353             0.00996493591            0.000407110848           
       1.339994              0.0105149885            0.000424152546           
       1.342634              0.0108529532            0.000421214083           
       1.345274              0.0113204968            0.000435815349           
       1.347915               0.011500514            0.000440434643           
       1.350555               0.010305782             0.00041530131           
       1.353195              0.0100671723            0.000402613053           
       1.355836              0.0110156375            0.000429098297           
       1.358476             0.00980619342            0.000403718859           
       1.361117              0.0100064275             0.00039758929           
       1.363757              0.0103261699             0.00041727682           
       1.366397              0.0105662694            0.000408955561           
       1.369038              0.0107460534            0.000421112705           
       1.371678              0.0105959221            0.000409717149           
       1.374319             0.00996401349            0.000400463341           
       1.376959                0.01011011            0.000397835118           
       1.379599              0.0104084414            0.000411530319           
       1.382240              0.0101523433            0.000398716296           
       1.384880              0.0113137928            0.000426073702           
       1.387520               0.010672757            0.000408988708           
       1.390161              0.0113392924            0.000420420596           
       1.392801              0.0109541098            0.000415681163           
       1.395442              0.0109711674            0.000411694293           
       1.398082              0.0103301765            0.000400853759           
       1.400722              0.0110340371            0.000412413526           
       1.403363              0.0107682322            0.000411196554           
       1.406003              0.0110130807            0.000405634035           
       1.408644              0.0102471672            0.000399489123           
       1.411284               0.011281154            0.000416861232           
       1.413924              0.0106473281            0.000399986481           
       1.416565              0.0113503955            0.000412495923           
       1.419205              0.0107089978            0.000404618431           
       1.421845               0.011235003            0.000409226164           
       1.424486              0.0112779004            0.000411816744           
       1.427126              0.0105031285            0.000397168788           
       1.429767              0.0109498129            0.000399277285           
       1.432407              0.0101277638            0.000393670614           
       1.435047              0.0111339039            0.000400358475           
       1.437688              0.0101947225            0.000391584465           
       1.440328              0.0102555064            0.000385139102           
       1.442968              0.0111836444            0.000407756993           
       1.445609              0.0105186171            0.000388943359           
       1.448249              0.0105073382             0.00039124828           
       1.450890             0.00987594174            0.000376605095           
       1.453530              0.0103791082            0.000388939426           
       1.456170              0.0102579924            0.000385792943           
       1.458811              0.0106313558            0.000389626464           
       1.461451              0.0101177332            0.000382892188           
       1.464092              0.0100973008            0.000379171205           
       1.466732              0.0111967263            0.000396831612           
       1.469372              0.0106773502            0.000386327337           
       1.472013              0.0103010935            0.000386248314           
       1.474653              0.0107600054            0.000385010944           
       1.477293              0.0104280267            0.000385404899           
       1.479934              0.0102832767            0.000378714946           
       1.482574              0.0109138036            0.000389189936           
       1.485215              0.0101978524            0.000377176619           
       1.487855              0.0102730561            0.000378486599           
       1.490495             0.00988223641            0.000370418386           
       1.493136              0.0106427352            0.000379366059           
       1.495776              0.0107037935            0.000387085783           
       1.498416              0.0106807327            0.000379156705           
       1.501057              0.0101392694            0.000372598478           
       1.503697               0.010356541            0.000372948869           
       1.506338               0.010801577            0.000383678678           
       1.508978              0.0104769336            0.000375637858           
       1.511618              0.0100578559            0.000367862424           
       1.514259              0.0104921109            0.000376398435           
       1.516899              0.0110797459              0.0003869755           
       1.519540             0.00935214867             0.00035355541           
       1.522180              0.0104768827             0.00036953882           
       1.524820              0.0102260578            0.000372462388           
       1.527461              0.0100791492            0.000361597122           
       1.530101              0.0104606867            0.000372186292           
       1.532741             0.00941394002             0.00035140139           
       1.535382              0.0100059835            0.000363080578           
       1.538022              0.0100951326            0.000361467783           
       1.540663              0.0103750673            0.000369908478           
       1.543303              0.0099732129            0.000358160736           
       1.545943                0.01051784            0.000369871483           
       1.548584              0.0102012667            0.000366202345           
       1.551224              0.0103061976            0.000358644388           
       1.553864              0.0100839809            0.000364024326           
       1.556505             0.00982814674            0.000353848652           
       1.559145              0.0102134619            0.000361552242           
       1.561786               0.010376829             0.00036278136           
       1.564426              0.0104402094            0.000363558906           
       1.567066              0.0102348161            0.000357155369           
       1.569707              0.0100636451            0.000359283458           
       1.572347             0.00964161886            0.000347106738           
       1.574988             0.00980433655            0.000348638768           
       1.577628             0.00936928345             0.00034848923           
       1.580268              0.0099490341            0.000346716494           
       1.582909             0.00965464257            0.000347936655           
       1.585549             0.00959598191            0.000343636345           
       1.588189             0.00958000242            0.000347184988           
       1.590830             0.00909014771            0.000332386932           
       1.593470             0.00974223126            0.000346912427           
       1.596111             0.00951564518            0.000339891909           
       1.598751             0.00906383256            0.000335115711           
       1.601391             0.00928657271            0.000337039641           
       1.604032             0.00995409091            0.000346028681           
       1.606672             0.00910751332            0.000337648907           
       1.609312             0.00921656752            0.000329557637           
       1.611953             0.00905793387            0.000331443975           
       1.614593              0.0098910352            0.000343716737           
       1.617234             0.00930241217            0.000335221907           
       1.619874             0.00921001532            0.000329628951           
       1.622514             0.00882578851            0.000325533741           
       1.625155             0.00843482641             0.00031745485           
       1.627795             0.00838348687            0.000313289111           
       1.630436             0.00863315669            0.000321115487           
       1.633076             0.00819325384            0.000311237932           
       1.635716             0.00912147513            0.000327822561           
       1.638357             0.00935552135            0.000330591116           
       1.640997             0.00869755049            0.000321246788           
       1.643637             0.00929767513            0.000325977223           
       1.646278             0.00917247081            0.000328621331           
       1.648918             0.00911990533            0.000323453902           
       1.651559             0.00907193508             0.00032665825           
       1.654199              0.0085543224            0.000312854417           
       1.656839             0.00859969514            0.000313598562           
       1.659480             0.00879237997            0.000319885054           
       1.662120              0.0087406608            0.000314668891           
       1.664761             0.00898492714            0.000322489708           
       1.667401             0.00844522319            0.000309741465           
       1.670041             0.00841580375            0.000309555335           
       1.672682             0.00823253135            0.000303285187           
       1.675322             0.00843015469            0.000312330155           
       1.677962               0.008783404            0.000312475291           
       1.680603              0.0088394167            0.000316252083           
       1.683243             0.00893874667            0.000315671355           
       1.685884             0.00831845559            0.000305680488           
       1.688524             0.00835390717            0.000305469311           
       1.691164             0.00829162081            0.000303546186           
       1.693805             0.00839159895            0.000307840161           
       1.696445             0.00887737144            0.000312230383           
       1.699085              0.0084810388            0.000306399401           
       1.701726             0.00852936372            0.000303274254           
       1.704366             0.00844386841            0.000309092737           
       1.707007             0.00834084019            0.000300645762           
       1.709647             0.00907229414            0.000317447296           
       1.712287             0.00850505075            0.000302226325           
       1.714928             0.00838749681            0.000303148332           
       1.717568             0.00803303179            0.000293945396           
       1.720209             0.00889926393            0.000311298863           
       1.722849             0.00806407125             0.00029680653           
       1.725489             0.00874301546            0.000304122803           
       1.728130             0.00881649629            0.000311615086           
       1.730770             0.00808664054            0.000292130027           
       1.733410             0.00847349514            0.000302961607           
       1.736051               0.008204837            0.000293492721           
       1.738691             0.00828555008            0.000297943193           
       1.741332             0.00820539857            0.000294673402           
       1.743972             0.00835860795            0.000297522029           
       1.746612              0.0084618565            0.000299422808           
       1.749253             0.00830953659            0.000297997938           
       1.751893             0.00813127111            0.000293015561           
       1.754533             0.00833483919            0.000292589127           
       1.757174             0.00844580389            0.000300037088           
       1.759814             0.00846719327            0.000295836759           
       1.762455             0.00808074419            0.000291467255           
       1.765095             0.00820370058            0.000289552189           
       1.767735             0.00843416837            0.000298580038           
       1.770376             0.00836872731               0.000292909           
       1.773016             0.00836313721            0.000293273275           
       1.775657             0.00822697441             0.00029147198           
       1.778297             0.00809799056            0.000290592745           
       1.780937             0.00843289949            0.000295157104           
       1.783578             0.00855871356            0.000295954468           
       1.786218             0.00833951047            0.000296801766           
       1.788858             0.00847207035            0.000291718868           
       1.791499             0.00830084208            0.000294077683           
       1.794139              0.0085308142            0.000292618378           
       1.796780             0.00846304772            0.000293185595           
       1.799420             0.00815565863            0.000287445475           
       1.802060             0.00957364518            0.000307602558           
       1.804701             0.00881901758            0.000299191374           
       1.807341             0.00893258458            0.000298202104           
       1.809981             0.00882857739            0.000298429825           
       1.812622             0.00918974835            0.000302814069           
       1.815262              0.0086277016            0.000294454064           
       1.817903              0.0083376209             0.00028588551           
       1.820543             0.00840956046            0.000290664989           
       1.823183             0.00839429849              0.0002859266           
       1.825824              0.0084196578            0.000290664515           
       1.828464             0.00825931745            0.000287000288           
       1.831105             0.00836377308            0.000289927549           
       1.833745             0.00811642804            0.000285430036           
       1.836385             0.00807984325            0.000283678396           
       1.839026             0.00841506651            0.000293855262           
       1.841666             0.00873515391            0.000295504335           
       1.844306             0.00899795136            0.000303702869           
       1.846947              0.0077728665            0.000278644505           
       1.849587             0.00850424944            0.000295412289           
       1.852228             0.00825849576            0.000288016399           
       1.854868             0.00821654826            0.000292552995           
       1.857508             0.00809869302            0.000285084218           
       1.860149             0.00836920198            0.000292129173           
       1.862789             0.00825299358            0.000291377585           
       1.865429             0.00813148205            0.000290096583           
       1.868070             0.00853899937            0.000296249738           
       1.870710             0.00811346232            0.000289560099           
       1.873351             0.00831924063            0.000295080975           
       1.875991             0.00800291599            0.000290982186           
       1.878631             0.00817358594            0.000291335312           
       1.881272             0.00808612335            0.000289093601           
       1.883912             0.00828122909            0.000295991599           
       1.886553              0.0085001069            0.000296280527           
       1.889193             0.00808792025            0.000292346163           
       1.891833             0.00790993573            0.000285821496           
       1.894474             0.00812855501            0.000292037601           
       1.897114             0.00806861903            0.000288702058           
       1.899754              0.0081030812            0.000292562603           
       1.902395             0.00787617545            0.000288498781           
       1.905035             0.00805676416            0.000290643964           
       1.907676             0.00853435209            0.000299482093           
       1.910316             0.00811590033             0.00029390994           
       1.912956             0.00856445253            0.000301910672           
       1.915597             0.00825720914            0.000293355238           
       1.918237              0.0083176412            0.000298896109           
       1.920878             0.00763162217             0.00028123788           
       1.923518             0.00834911912            0.000301976878           
       1.926158             0.00782423251            0.000285613104           
       1.928799             0.00834488448            0.000298882523           
       1.931439             0.00745808756            0.000280291331           
       1.934079             0.00846926334            0.000301713448           
       1.936720             0.00799138604            0.000291352807           
       1.939360             0.00786572122            0.000291838803           
       1.942001             0.00810655757            0.000295133189           
       1.944641             0.00795994166            0.000291191897           
       1.947281             0.00826533617              0.0002981589           
       1.949922             0.00771231744            0.000288372071           
       1.952562              0.0081629312             0.00029922988           
       1.955202             0.00822508799            0.000292820321           
       1.957843             0.00782973581            0.000294771848           
       1.960483              0.0080647999            0.000294392052           
       1.963124             0.00817468506            0.000296171063           
       1.965764             0.00781516787            0.000289688669           
       1.968404             0.00779659313              0.0002945183           
       1.971045             0.00834531094            0.000297067953           
       1.973685             0.00790010195            0.000294429074           
       1.976326             0.00804652923            0.000295849634           
       1.978966             0.00799237024            0.000296247549           
       1.981606             0.00742046238             0.00028243277           
       1.984247             0.00811681155            0.000297963337           
       1.986887             0.00773789802            0.000293646216           
       1.989527             0.00814183308            0.000294937906           
       1.992168             0.00828061886            0.000304617405           
       1.994808             0.00740299045            0.000284672682           
       1.997449             0.00759899237             0.00028799361           
       2.000089             0.00768397739            0.000287894291           
       2.002729             0.00792183301            0.000299014438           
       2.005370              0.0082805234            0.000299897629           
       2.008010             0.00761354875            0.000291384031           
       2.010650             0.00782559745            0.000294568814           
       2.013291             0.00753963906             0.00029078249           
       2.015931             0.00742851476            0.000286565889           
       2.018572             0.00763775336            0.000294432849           
       2.021212             0.00715560936            0.000282430436           
       2.023852             0.00706892372            0.000282189143           
       2.026493             0.00782868553            0.000295665514           
       2.029133             0.00810149723            0.000298478597           
       2.031774             0.00767981647            0.000293425143           
       2.034414             0.00716773542            0.000281782054           
       2.037054             0.00768909397            0.000295530164           
       2.039695             0.00782540073            0.000292265586           
       2.042335             0.00729234324            0.000286937975           
       2.044975              0.0074418638            0.000287548068           
       2.047616             0.00736971193            0.000287376898           
       2.050256             0.00745299452            0.000285596663           
       2.052897             0.00720072597            0.000289035773           
       2.055537              0.0076373213            0.000289553638           
       2.058177             0.00758449027            0.000291099252           
       2.060818             0.00811143768            0.000301945576           
       2.063458             0.00702662663            0.000281417402           
       2.066098             0.00745634843            0.000288608435           
       2.068739             0.00729116242            0.000288369359           
       2.071379             0.00729975158            0.000284278109           
       2.074020             0.00762487176            0.000294518419           
       2.076660             0.00766498142            0.000293290411           
       2.079300             0.00755655162             0.00029116637           
       2.081941             0.00781614138            0.000297925637           
       2.084581             0.00751327286              0.0002923128           
       2.087222              0.0075361081            0.000292956116           
       2.089862             0.00712765798            0.000281355473           
       2.092502              0.0081487224            0.000306299987           
       2.095143             0.00754806406            0.000290581758           
       2.097783             0.00756983595            0.000295428636           
       2.100423             0.00752669034             0.00028893695           
       2.103064             0.00731988472            0.000289859543           
       2.105704             0.00715241321            0.000285428376           
       2.108345             0.00733543724            0.000290384298           
       2.110985             0.00768537457            0.000293055131           
       2.113625             0.00708503232            0.000285809725           
       2.116266             0.00749845349            0.000291853938           
       2.118906             0.00731533799            0.000288058712           
       2.121546             0.00735180408            0.000288546501           
       2.124187             0.00729289007            0.000291363086           
       2.126827              0.0073558895            0.000288029754           
       2.129468             0.00743310844            0.000292559131           
       2.132108             0.00759061041            0.000295030679           
       2.134748             0.00737124907            0.000289640686           
       2.137389             0.00784807952            0.000301365175           
       2.140029             0.00743957545            0.000292704568           
       2.142670             0.00737988009            0.000292004217           
       2.145310             0.00762604093             0.00029796832           
       2.147950             0.00760974686             0.00029880049           
       2.150591              0.0072201993            0.000288382928           
       2.153231             0.00709643072            0.000290127349           
       2.155871              0.0073287017            0.000290579048           
       2.158512             0.00747105657            0.000298674247           
       2.161152             0.00756260594             0.00029299223           
       2.163793             0.00761907087            0.000298869138           
       2.166433             0.00684961161            0.000278461971           
       2.169073             0.00688922561             0.00028578625           
       2.171714             0.00738614694            0.000289889331           
       2.174354              0.0066119218            0.000278466766           
       2.176995             0.00750941822            0.000294303276           
       2.179635             0.00720221928            0.000293675296           
       2.182275             0.00744780047            0.000292711938           
       2.184916              0.0069955733            0.000289681779           
       2.187556             0.00797391482            0.000304296302           
       2.190196             0.00696338801            0.000288831317           
       2.192837             0.00724643813            0.000291416594           
       2.195477             0.00724284956             0.00029415479           
       2.198118             0.00739963301            0.000291832396           
       2.200758             0.00733891379            0.000295145901           
       2.203398             0.00731173544            0.000289713415           
       2.206039             0.00724590972            0.000292814609           
       2.208679             0.00758708401            0.000296695866           
       2.211319              0.0072520507            0.000291436458           
       2.213960             0.00770980405            0.000297298562           
       2.216600             0.00745078515             0.00029914802           
       2.219241             0.00699382285            0.000285615746           
       2.221881             0.00688581917            0.000284879052           
       2.224521             0.00714473708             0.00028917908           
       2.227162             0.00726761582            0.000296236198           
       2.229802             0.00744201056            0.000294903418           
       2.232443             0.00765061396            0.000300183514           
       2.235083             0.00784391887            0.000302129573           
       2.237723             0.00763405562            0.000300344624           
       2.240364             0.00754175231             0.00029700496           
       2.243004             0.00737197833            0.000294530083           
       2.245644             0.00672390705            0.000280636681           
       2.248285             0.00719137639             0.00029211223           
       2.250925             0.00716282812            0.000290168583           
       2.253566             0.00723472003            0.000292334202           
       2.256206             0.00733091629            0.000293389813           
       2.258846             0.00719802803            0.000290721091           
       2.261487             0.00722582148            0.000291785704           
       2.264127             0.00653763565            0.000280169348           
       2.266767             0.00694070265            0.000284010993           
       2.269408             0.00737472877            0.000296233452           
       2.272048             0.00728578699            0.000292630479           
       2.274689             0.00768774873            0.000301776439           
       2.277329             0.00817179806            0.000310718477           
       2.279969             0.00728964519            0.000294357968           
       2.282610             0.00739748612            0.000293635551           
       2.285250             0.00681817521            0.000286337259           
       2.287891             0.00743335338            0.000295958902           
       2.290531             0.00735538889            0.000295854527           
       2.293171             0.00716332882            0.000291951984           
       2.295812             0.00684255529            0.000283825857           
       2.298452             0.00697093644            0.000288310877           
       2.301092             0.00747704875            0.000300490381           
       2.303733             0.00711642296            0.000287355912           
       2.306373             0.00647682382            0.000280843865           
       2.309014             0.00662450842            0.000278554457           
       2.311654             0.00665359074             0.00028181464           
       2.314294             0.00717271449            0.000291963204           
       2.316935             0.00687107521            0.000286887598           
       2.319575             0.00688923465            0.000286190751           
       2.322215             0.00724018322            0.000297570453           
       2.324856             0.00666709296            0.000278379878           
       2.327496             0.00653355652            0.000282331726           
       2.330137             0.00721602178            0.000291238994           
       2.332777             0.00722846041            0.000294677977           
       2.335417             0.00661499204            0.000281050072           
       2.338058             0.00675493666              0.0002851441           
       2.340698             0.00709843603            0.000289426239           
       2.343339             0.00742506826            0.000301658968           
       2.345979             0.00693719326            0.000285761722           
       2.348619             0.00701169583             0.00029271754           
       2.351260             0.00726990726            0.000291722702           
       2.353900             0.00759875112            0.000304565199           
       2.356540             0.00685471507             0.00028529191           
       2.359181             0.00647855368            0.000281062399           
       2.361821             0.00678817696            0.000284194861           
       2.364462             0.00697517733            0.000292897442           
       2.367102             0.00702646114            0.000285471226           
       2.369742             0.00725555735            0.000300483594           
       2.372383             0.00692145696            0.000284928483           
       2.375023             0.00716951905            0.000297544831           
       2.377663             0.00652475818             0.00027781848           
       2.380304             0.00668305205             0.00028506858           
       2.382944             0.00757831565            0.000300593455           
       2.385585             0.00690855866            0.000289716542           
       2.388225             0.00706821308            0.000291721001           
       2.390865             0.00724139695            0.000296029328           
       2.393506             0.00695904166            0.000288863204           
       2.396146             0.00718184569            0.000294423608           
       2.398787             0.00682147206            0.000287192674           
       2.401427             0.00676228463            0.000284207783           
       2.404067             0.00695039956            0.000292531543           
       2.406708             0.00690918975            0.000287997107           
       2.409348             0.00681009455            0.000288075276           
       2.411988             0.00686526395            0.000288316027           
       2.414629             0.00679371429            0.000287748103           
       2.417269             0.00780044121            0.000305531774           
       2.419910             0.00709985034            0.000295164376           
       2.422550             0.00699222622            0.000288472243           
       2.425190             0.00708316414            0.000299483449           
       2.427831             0.00720798439            0.000290748691           
       2.430471             0.00705517536            0.000296058675           
       2.433112             0.00731852168            0.000294418456           
       2.435752             0.00663495033            0.000287428605           
       2.438392             0.00688696617            0.000287914411           
       2.441033             0.00708745596            0.000293413554           
       2.443673             0.00724727787            0.000297495655           
       2.446313             0.00655988884            0.000281527825           
       2.448954              0.0072982298            0.000299554619           
       2.451594             0.00685630886             0.00028860161           
       2.454235             0.00749370988            0.000300779724           
       2.456875             0.00752800188             0.00030299417           
       2.459515             0.00740747886             0.00030102235           
       2.462156             0.00796826705            0.000310599637           
       2.464796             0.00790267536            0.000314774793           
       2.467436             0.00790453244            0.000308210678           
       2.470077             0.00837181746            0.000321563898           
       2.472717             0.00866985526            0.000323143113           
       2.475358             0.00707436355            0.000295206112           
       2.477998             0.00700671218            0.000292223798           
       2.480638             0.00741916316             0.00030143235           
       2.483279             0.00706525145            0.000295418668           
       2.485919             0.00725274107            0.000297216974           
       2.488560             0.00705926913            0.000294442223           
       2.491200             0.00764270554            0.000305948227           
       2.493840             0.00692098819            0.000289559237           
       2.496481             0.00699052747            0.000294815783           
       2.499121             0.00745214611            0.000300341377           
       2.501761              0.0075726145            0.000307900263           
       2.504402             0.00739189129            0.000298374219           
       2.507042             0.00669387844            0.000288657251           
       2.509683             0.00684147216            0.000289164623           
       2.512323             0.00735054969            0.000300903673           
       2.514963              0.0149679971             0.00043024149           
       2.517604              0.0292575414            0.000599164113           
       2.520244              0.0154845196            0.000435984141           
       2.522884             0.00774004171            0.000307568902           
       2.525525             0.00755762106            0.000306419275           
       2.528165              0.0184520701            0.000476604425           
       2.530806              0.0329728766            0.000634717754           
       2.533446              0.0181255625            0.000474777788           
       2.536086             0.00971819378            0.000344728447           
       2.538727             0.00885257459            0.000331126899           
       2.541367             0.00914092329            0.000335514331           
       2.544008             0.00719852419            0.000297992629           
       2.546648             0.00707646879            0.000295791002           
       2.549288                0.00684975            0.000291055984           
       2.551929               0.007457384            0.000304694495           
       2.554569             0.00677901129             0.00028785091           
       2.557209             0.00675016949            0.000290483351           
       2.559850             0.00679524226            0.000288100111           
       2.562490             0.00737954182            0.000302417122           
       2.565131             0.00686886119            0.000292273211           
       2.567771             0.00639559156            0.000280529869           
       2.570411              0.0068539952            0.000293943356           
       2.573052             0.00698326577            0.000293239006           
       2.575692             0.00702425178            0.000294878447           
       2.578332             0.00720309338            0.000297726636           
       2.580973             0.00674422373            0.000290423144           
       2.583613             0.00695463626            0.000292231248           
       2.586254             0.00683576367            0.000292286147           
       2.588894             0.00703187775            0.000294867901           
       2.591534              0.0070435393            0.000295655125           
       2.594175             0.00687319866            0.000293753519           
       2.596815             0.00744049824            0.000302794431           
       2.599456             0.00678808198            0.000291581012           
       2.602096             0.00756674547            0.000306698728           
       2.604736             0.00723714008            0.000300731153           
       2.607377             0.00736524339            0.000302220905           
       2.610017             0.00722441892            0.000299213132           
       2.612657             0.00739140241             0.00030478926           
       2.615298              0.0069294102            0.000292223613           
       2.617938             0.00638130812            0.000282881644           
       2.620579             0.00742547944            0.000302656494           
       2.623219             0.00685257551            0.000295397351           
       2.625859             0.00759507346            0.000305748109           
       2.628500             0.00685091197            0.000295024468           
       2.631140             0.00706247502            0.000294262819           
       2.633780             0.00735876507            0.000304229964           
       2.636421             0.00750483949            0.000304438932           
       2.639061             0.00727977482             0.00030342423           
       2.641702             0.00748063979            0.000304293766           
       2.644342             0.00736192123            0.000304345785           
       2.646982             0.00713717773            0.000299409863           
       2.649623             0.00719802337            0.000302485969           
       2.652263             0.00685270571            0.000292792549           
       2.654904             0.00697961984            0.000297095858           
       2.657544             0.00710996353            0.000297747463           
       2.660184             0.00727378005            0.000301543257           
       2.662825             0.00701755147            0.000296894442           
       2.665465             0.00723938858            0.000302108325           
       2.668105             0.00703587356            0.000297949518           
       2.670746             0.00638570923            0.000281447813           
       2.673386             0.00657073401            0.000288956236           
       2.676027             0.00663555272            0.000287909466           
       2.678667             0.00731200014            0.000303799748           
       2.681307             0.00692969324            0.000293425434           
       2.683948             0.00734666448            0.000305124918           
       2.686588              0.0073759011            0.000302925873           
       2.689229             0.00755767241            0.000309387805           
       2.691869             0.00740057286            0.000303099434           
       2.694509             0.00731844449            0.000305546436           
       2.697150             0.00744100545            0.000303176984           
       2.699790             0.00706898227            0.000301639156           
       2.702430             0.00732828981            0.000301233342           
       2.705071             0.00740208686            0.000306889642           
       2.707711             0.00707623529            0.000297083269           
       2.710352              0.0067839332            0.000292538326           
       2.712992             0.00703225699            0.000298812719           
       2.715632             0.00698536226            0.000296120679           
       2.718273             0.00684972639            0.000294205146           
       2.720913             0.00682080799            0.000294073603           
       2.723553             0.00637667713             0.00028335025           
       2.726194             0.00731748715            0.000304997909           
       2.728834              0.0068995399            0.000293527034           
       2.731475             0.00710331557            0.000300433058           
       2.734115             0.00697634955            0.000295961821           
       2.736755              0.0069902278            0.000298214444           
       2.739396             0.00692056947             0.00029515578           
       2.742036             0.00733307871            0.000305898801           
       2.744677              0.0075571414            0.000310991037           
       2.747317             0.00790693942            0.000316561629           
       2.749957             0.00680766879            0.000295864265           
       2.752598             0.00724283798             0.00030609311           
       2.755238             0.00676776746            0.000295750921           
       2.757878             0.00733850273             0.00030709223           
       2.760519             0.00691462462            0.000294943958           
       2.763159             0.00703729489            0.000302386806           
       2.765800             0.00776789506            0.000312314227           
       2.768440             0.00692099318            0.000298681352           
       2.771080             0.00656321231            0.000288407669           
       2.773721             0.00688622301            0.000299043649           
       2.776361             0.00654906862            0.000288498869           
       2.779001             0.00647029357            0.000289772815           
       2.781642             0.00662318457            0.000291175962           
       2.784282             0.00736758735            0.000307210615           
       2.786923             0.00726296551            0.000302701783           
       2.789563             0.00672158453            0.000291786614           
       2.792203             0.00670481411            0.000293277421           
       2.794844             0.00654104244            0.000288355416           
       2.797484             0.00591141243            0.000274512263           
       2.800125             0.00685165008            0.000295156341           
       2.802765             0.00640690697            0.000290707347           
       2.805405             0.00680960448            0.000295377907           
       2.808046             0.00709128367            0.000306047067           
       2.810686             0.00677360404            0.000295926081           
       2.813326             0.00626248451              0.0002880626           
       2.815967             0.00744823963             0.00031217259           
       2.818607             0.00730897892            0.000312331729           
       2.821248             0.00700986505            0.000302060094           
       2.823888             0.00613936473            0.000287236477           
       2.826528             0.00633934139            0.000290135648           
       2.829169             0.00677069992            0.000298520529           
       2.831809             0.00671866812            0.000297631818           
       2.834449             0.00698879222            0.000298257481           
       2.837090             0.00636408103            0.000286328038           
       2.839730             0.00663331068            0.000290245876           
       2.842371             0.00656444616            0.000290747081           
       2.845011             0.00684092156            0.000296144684           
       2.847651             0.00663191047            0.000292121015           
       2.850292             0.00677754619            0.000293633147           
       2.852932             0.00669848276            0.000292438906           
       2.855573             0.00654409239            0.000291587709           
       2.858213             0.00654695022            0.000288378964           
       2.860853             0.00714433147            0.000303503292           
       2.863494             0.00748592399            0.000311422355           
       2.866134             0.00698721774            0.000305090435           
       2.868774             0.00692713901            0.000299125891           
       2.871415             0.00657618721            0.000294334664           
       2.874055             0.00661254033            0.000296609079           
       2.876696             0.00693252583            0.000300966153           
       2.879336             0.00698522228            0.000304113265           
       2.881976             0.00668194452            0.000297193355           
       2.884617             0.00669911718            0.000295921929           
       2.887257             0.00618578914            0.000282375614           
       2.889897             0.00755671744            0.000315679101           
       2.892538             0.00617454524            0.000283374046           
       2.895178             0.00655945218            0.000289094491           
       2.897819             0.00656743126            0.000292245393           
       2.900459             0.00696957286            0.000298567309           
       2.903099             0.00645437622            0.000288820513           
       2.905740             0.00639136427             0.00028419907           
       2.908380             0.00738110836            0.000309483786           
       2.911021             0.00663688254            0.000294024816           
       2.913661              0.0061609158            0.000280168134           
       2.916301             0.00676314696            0.000297718087           
       2.918942             0.00731704108            0.000304997814           
       2.921582             0.00706119932            0.000302761723           
       2.924222             0.00709313623            0.000301685592           
       2.926863             0.00701202919            0.000300752552           
       2.929503             0.00789413036            0.000322651824           
       2.932144             0.00749214537            0.000309174139           
       2.934784             0.00718350472            0.000304025489           
       2.937424             0.00715786623            0.000304043781           
       2.940065             0.00688929609            0.000298528006           
       2.942705             0.00641748133            0.000288999829           
       2.945346             0.00711337156            0.000302468588           
       2.947986             0.00801836526            0.000322256384           
       2.950626             0.00865839515            0.000335900465           
       2.953267             0.00983930184            0.000354271065           
       2.955907               0.008713135            0.000337788539           
       2.958547             0.00712271377            0.000302276428           
       2.961188             0.00731934625            0.000309095396           
       2.963828             0.00700290861            0.000300626629           
       2.966469             0.00684494292            0.000297290675           
       2.969109             0.00682614899            0.000298400611           
       2.971749             0.00834747634            0.000329010793           
       2.974390             0.00902891072            0.000343115473           
       2.977030             0.00878870295             0.00033787628           
       2.979670             0.00859711563            0.000332018792           
       2.982311             0.00741590504            0.000310592784           
       2.984951             0.00738825484            0.000310814801           
       2.987592             0.00774643805            0.000317185597           
       2.990232             0.00728312788             0.00030833936           
       2.992872             0.00784165241            0.000317440719           
       2.995513             0.00988108461            0.000359136249           
       2.998153              0.0125733768            0.000407732926           
       3.000794              0.0233013195             0.00054698322           
       3.003434              0.0324524437            0.000652361408           
       3.006074              0.0212562792            0.000529670254           
       3.008715              0.0160496317            0.000463755413           
       3.011355              0.0183079907            0.000500460716           
       3.013995              0.0159825922            0.000465312005           
       3.016636              0.0282609954            0.000619908943           
       3.019276                0.16569454             0.00153689688           
       3.021917               0.434327116             0.00244607808           
       3.024557               0.156129636             0.00147828417           
       3.027197              0.0766916343             0.00105345961           
       3.029838               0.126272338             0.00134529108           
       3.032478              0.0911990534              0.0011501241           
       3.035118               0.062351203            0.000955876328           
       3.037759              0.0885481558             0.00114112512           
       3.040399              0.0692908834             0.00102099315           
       3.043040              0.0625824665            0.000979735594           
       3.045680              0.0521291638            0.000880404588           
       3.048320              0.0690152144             0.00102926697           
       3.050961              0.0506513717            0.000890603484           
       3.053601              0.0805722503             0.00111829574           
       3.056242              0.0843820181             0.00115178021           
       3.058882              0.0851561271             0.00117426333           
       3.061522               0.260248943              0.0020386026           
       3.064163              0.0742592077              0.0010909448           
       3.066803               0.023038541             0.00061940246           
       3.069443               0.024088832            0.000629145588           
       3.072084              0.0608270021             0.00100864971           
       3.074724               0.071883029             0.00110296642           
       3.077365              0.0133309773            0.000474645156           
       3.080005             0.00890384323            0.000392207882           
       3.082645             0.00833639892            0.000381436703           
       3.085286             0.00822818562            0.000379022051           
       3.087926             0.00706633837            0.000353479391           
       3.090566             0.00777067439            0.000374495729           
       3.093207             0.00723752189            0.000357515392           
       3.095847             0.00724255838            0.000365136307           
       3.098488             0.00742462922            0.000369027061           
       3.101128             0.00739704567            0.000370347423           
       3.103768             0.00832057531            0.000394999642           
       3.106409              0.0088170247            0.000409336277           
       3.109049             0.00934690405            0.000424733185           
       3.111690              0.0119671785            0.000478701532           
       3.114330              0.0186682195            0.000603208608           
       3.116970              0.0197172244            0.000628548787           
       3.119611              0.0140645731            0.000527405024           
       3.122251              0.0110849001            0.000472051193           
       3.124891               0.009149278            0.000430943095           
       3.127532             0.00764385486            0.000400992638           
       3.130172             0.00962782679            0.000440775048           
       3.132813             0.00837943059             0.00041957569           
       3.135453             0.00731294454            0.000400234999           
       3.138093             0.00666322301            0.000372977186           
       3.140734             0.00610530218            0.000363665452           
       3.143374             0.00590036237            0.000362974825           
       3.146014             0.00613344914            0.000367388453           
       3.148655             0.00647205075            0.000380364486           
       3.151295             0.00721164595            0.000404687893           
       3.153936             0.00693646013            0.000402750794           
       3.156576             0.00675973946            0.000393023157           
       3.159216             0.00707798411            0.000405457664           
       3.161857             0.00652401867            0.000394042916           
       3.164497             0.00627038025            0.000394452668           
       3.167138             0.00606271195            0.000378560222           
       3.169778              0.0062150765            0.000390208564           
       3.172418              0.0062692529            0.000394195637           
       3.175059             0.00655264687            0.000408280812           
       3.177699             0.00584638612            0.000384127645           
       3.180339             0.00595820476            0.000391249888           
       3.182980             0.00539915066            0.000377470413           
       3.185620             0.00647010998            0.000417730429           
       3.188261             0.00637135969            0.000409099443           
       3.190901             0.00573779749            0.000394208901           
       3.193541             0.00554660291            0.000388862522           
       3.196182             0.00548428286            0.000394717059           
       3.198822             0.00586157639            0.000403121808           
       3.201463             0.00621182448            0.000420357527           
       3.204103             0.00564430497            0.000406031257           
       3.206743             0.00607178326            0.000424686777           
       3.209384              0.0052945944            0.000394808632           
       3.212024              0.0069981426            0.000455514026           
       3.214664             0.00575401006            0.000420916126           
       3.217305              0.0057507599            0.000430614616           
       3.219945             0.00577029197            0.000427738348           
       3.222586             0.00538034432            0.000415370063           
       3.225226             0.00689504062            0.000480810487           
       3.227866             0.00558043679            0.000435899609           
       3.230507             0.00546591929             0.00043655168           
       3.233147             0.00552296281            0.000432333053           
       3.235787             0.00575222568            0.000441335004           
       3.238428             0.00529540298             0.00043092643           
       3.241068              0.0057001842            0.000456159211           
       3.243709             0.00523622857            0.000434774501           
       3.246349             0.00600228996            0.000462888651           
       3.248989             0.00572034521            0.000462215048           
       3.251630             0.00494182563            0.000431512942           
       3.254270               0.005851968            0.000484004808           
       3.256911             0.00654064758            0.000498871613           
       3.259551             0.00560273222            0.000471922396           
       3.262191             0.00545468205             0.00046992933           
       3.264832             0.00540557788            0.000472198825           
       3.267472             0.00501337997            0.000461195247           
       3.270112             0.00606088987            0.000508536676           
       3.272753             0.00472514925            0.000454534051           
       3.275393             0.00472200935            0.000456721838           
       3.278034              0.0054339716             0.00049992535           
       3.280674             0.00531897748            0.000496042817           
       3.283314             0.00529256692            0.000497543841           
       3.285955             0.00607901047            0.000543245761           
       3.288595             0.00576537181            0.000534948232           
       3.291235             0.00632462868            0.000563584867           
       3.293876             0.00660787398             0.00057947755           
       3.296516             0.00629789962            0.000577261412           
       3.299157             0.00563716276            0.000554395817           
       3.301797             0.00578278927            0.000561749714           
       3.304437             0.00557018678            0.000561661133           
       3.307078             0.00498073734             0.00053627177           
       3.309718             0.00546926768            0.000567566075           
       3.312359             0.00546816259            0.000578975616           
       3.314999               0.006593186            0.000642420602           
       3.317639              0.0055990498             0.00059838464           
       3.320280             0.00527881144            0.000589505033           
       3.322920             0.00457495488            0.000557009446           
       3.325560             0.00544577259            0.000619448298           
       3.328201              0.0057864961            0.000641231934           
       3.330841             0.00637138036            0.000689223491           
       3.333482             0.00553228103            0.000650391688           
       3.336122             0.00514186545            0.000640650704           
       3.338762             0.00596633865            0.000696416513           
       3.341403              0.0056531758            0.000684182101           
       3.344043             0.00415242991            0.000608756973           
       3.346683             0.00431183504            0.000626623254           
       3.349324             0.00540813832            0.000712640871           
       3.351964             0.00504291814            0.000710280602           
       3.354605             0.00517416513            0.000727611218           
       3.357245             0.00531870939            0.000763634452           
       3.359885             0.00520828153            0.000755937135           
       3.362526             0.00516295083            0.000791123635           
       3.365166             0.00373356401            0.000664449377           
       3.367807             0.00373807162            0.000711698945           
       3.370447              0.0042895335            0.000762686205           
       3.373087             0.00552679813            0.000913679948           
       3.375728             0.00485059293            0.000849491982           
       3.378368             0.00478800761            0.000911998528           
       3.381008             0.00457376559            0.000883588916           
       3.383649             0.00434321559            0.000931831921           
       3.386289             0.00809099877             0.00127236592           
       3.388930             0.00572270573             0.00117519973           
       3.391570             0.00402559494            0.000986070753           
       3.394210             0.00274740058            0.000872845444           
       3.396851             0.00414107721             0.00116079653           
       3.399491             0.00395166529             0.00115451861           
       3.402131             0.00600661542             0.00168489785           
       3.404772             0.00183978738            0.000932885986           
       3.407412             0.00348451802             0.00159310284           
       3.410053             0.00671751909             0.00230326389           
       3.412693             0.00447111601             0.00265854638           
       3.415333              0.0153370713             0.00603294982           
