################################################################################
# EDF_DataBlockID                     0.Image.Psd
# EDF_BinarySize                      2105344
# EDF_HeaderSize                      2560
# ByteOrder                           LowByteFirst
# DataType                            FloatValue
# Dim_1                               512
# Dim_2                               1028
# Image                               0
# HeaderID                            EH:000000:000000:000000
# Size                                2105344
# Center_1                            304.9000
# Center_2                            588.7000
# Comment                             Xenocs_Cell_Window - front_window_open_only
# DDummy                              0.6
# Date                                2025-10-19T20:31:38
# Delta                               21.910000
# Dummy                               -1.5
# ExposureTime                        360
# Gamma                               15.360000
# Intensity1                          8.95252e-10
# PSize_1                             7.5e-05
# PSize_2                             7.5e-05
# Pressure                            0.0327711
# SampleDistance                      0.115750
# SampleEnvKind                       large
# SampleEnvPN                         ElectroChemical cell
# SampleEnvSN                         1141
# Thickness                           0
# Wavelength                          1.541891e-10
# Wavelength                          1.54189e-10
# aux                                 0
# aux_dial                            0.002375
# beamx                               588.429
# beamx_dial                          588.429
# beamz                               657.855
# beamz_dial                          657.855
# det0x                               -0.000396875
# det0x_dial                          6.36905
# det0xvd                             -0.0005
# det0xvd_dial                        -0.0005
# det0y                               450.002
# det0y_dial                          481.635
# det0z                               0
# det0z_dial                          1.2295
# det0zvd                             0
# det0zvd_dial                        0
# mag                                 1.818
# mag_dial                            1.818
# om                                  0.2499
# om_dial                             -0.610199
# phi                                 -0.0120535
# phi_dial                            0
# ry                                  0.599993
# ry_dial                             0.599993
# s1bot                               0.8
# s1bot_dial                          -1.66094
# s1hl                                0.8
# s1hl_dial                           -0.608437
# s1hr                                0.8
# s1hr_dial                           0.970938
# s1top                               0.8
# s1top_dial                          -0.461562
# s2bot                               0.45
# s2bot_dial                          1.36109
# s2hl                                0.45
# s2hl_dial                           -0.83375
# s2hr                                0.45
# s2hr_dial                           -0.118594
# s2top                               0.45
# s2top_dial                          1.44734
# w2theta                             32
# w2theta_dial                        32
# waxsch                              19.2605
# waxsch_dial                         -32.7238
# waxsh                               137.085
# waxsh_dial                          -43.5335
# waxsth                              26.0607
# waxsth_dial                         -19.4068
# waxsz                               67.0407
# waxsz_dial                          -23.7962
# wind                                65.9854
# wind_dial                           66.0041
# wpsi                                124
# wpsi_dial                           124
# wstod                               115
# wstod_dial                          115
# x                                   0
# x_dial                              1.00969
# z                                   0
# z_dial                              13.3172
# CountCutoff                         6807993
# DetectorModel                       Dectris EIGER2 Si 500K, S/N E-01-0554
# ThresholdSetting                    4023.88989258
# Saturation                          0
# FlatField                           Corrected
# BackgroundReductionExtra            0.02
# BackgroundCorrectionConstant        0.0026712
# Detector                            0
# Monitor                             0
# Pil_Roi0                            0
# SumForIntensity1                    3.22291e+08
# TransmittedFlux                     895252
# det                                 0
# mon                                 0
# pilai0                              3.22291e+08
# pilai1                              688852
# pilct0                              5.56893e+08
# pilct1                              688852
# pilroi0                             0
# pilroi1                             0
# sec                                 1
# title                               20251017__1_00458.edf
# usaxs0                              0
# Operation                           Azimuthal average I(q)
# Error_model                         ErrorModel.poisson
# Geometrical_correction              True
# Transmission_correction             True
# Thickness_correction                False
# Binning mode                        Uniform
# Binning factor                      1.0
# Psi                                 0.0
# Omega                               0.2499
# MaskInvalidPixels                   True
# DetectorEdge                        3
# MaskFiles                           ['20251017__1_00233_mask.edf']
################################################################################
    q(A⁻¹)                Intensity(a.u.)            Sigma_I(a.u.)            
       0.690460           -2.26866784e-05                         0           
       0.693100              0.0078766203             0.00365670519           
       0.695741             0.00822746659              0.0031573242           
       0.698381             0.00302715678             0.00179122333           
       0.701021               0.007554892             0.00230946443           
       0.703662             0.00870833562             0.00229512881           
       0.706302              0.0110687096             0.00249898606           
       0.708942             0.00649046146             0.00169979698           
       0.711583             0.00480127907             0.00146169982           
       0.714223             0.00859499682             0.00170422449           
       0.716864             0.00583694811             0.00143313983           
       0.719504             0.00896901155             0.00164416276           
       0.722144             0.00526324576             0.00121642415           
       0.724785             0.00725047428             0.00140431431           
       0.727425              0.0101773452             0.00154324981           
       0.730065             0.00513170802              0.0011275648           
       0.732706             0.00716576312             0.00119817322           
       0.735346              0.0064856324             0.00123128018           
       0.737987             0.00693602033             0.00110210722           
       0.740627             0.00728308079             0.00123718325           
       0.743267             0.00614696262            0.000977669981           
       0.745908             0.00692591599             0.00111220222           
       0.748548              0.0080322103             0.00111710215           
       0.751189             0.00727254432             0.00105294956           
       0.753829             0.00568537022             0.00093938551           
       0.756469             0.00556784325            0.000874355433           
       0.759110             0.00537187608            0.000888323393           
       0.761750             0.00685043477            0.000918090202           
       0.764390             0.00857282081             0.00110247291           
       0.767031             0.00657920193            0.000873947841           
       0.769671             0.00609072316            0.000891779518           
       0.772312             0.00550453151            0.000772555106           
       0.774952             0.00629824059            0.000885921461           
       0.777592             0.00560020345            0.000764086596           
       0.780233             0.00645703655            0.000864936354           
       0.782873             0.00635774067            0.000784833817           
       0.785513             0.00750844796              0.0009072893           
       0.788154             0.00752778124            0.000834428688           
       0.790794             0.00609104705            0.000776837185           
       0.793435              0.0057180494            0.000722937766           
       0.796075             0.00734549099            0.000823712894           
       0.798715             0.00742170037            0.000823248125           
       0.801356             0.00737250283            0.000798556565           
       0.803996             0.00620069934            0.000744053099           
       0.806637             0.00720314389            0.000758049833           
       0.809277             0.00650135373            0.000753421482           
       0.811917             0.00699095498            0.000739313937           
       0.814558              0.0052246701             0.00065474898           
       0.817198             0.00682971053            0.000713785335           
       0.819838             0.00670753729            0.000737864989           
       0.822479             0.00650783333            0.000669783371           
       0.825119              0.0065724693            0.000723083697           
       0.827760             0.00659713459            0.000671267326           
       0.830400             0.00686730794             0.00072160218           
       0.833040             0.00753090855            0.000705249039           
       0.835681              0.0067482621            0.000699117058           
       0.838321              0.0065115838            0.000642783136           
       0.840961             0.00661420742            0.000677138621           
       0.843602             0.00776452138              0.0006910805           
       0.846242             0.00550561421             0.00060248067           
       0.848883             0.00745013062            0.000681765073           
       0.851523             0.00736429494            0.000682906087           
       0.854163             0.00801143091            0.000704004476           
       0.856804             0.00608118473            0.000597664583           
       0.859444             0.00646317399            0.000620579865           
       0.862085             0.00807836509            0.000683711179           
       0.864725              0.0067374594            0.000622102062           
       0.867365             0.00710161408            0.000634118929           
       0.870006             0.00747847667            0.000659805929           
       0.872646             0.00694217651              0.0006080412           
       0.875286             0.00696101254             0.00062961151           
       0.877927             0.00627101056            0.000572170328           
       0.880567             0.00660213351            0.000598551016           
       0.883208             0.00580263773            0.000544934901           
       0.885848             0.00706956358            0.000617088288           
       0.888488             0.00697914969            0.000582976099           
       0.891129             0.00731811799            0.000627517418           
       0.893769             0.00650308126            0.000559154284           
       0.896410             0.00691426356            0.000594320717           
       0.899050             0.00762033909            0.000601589606           
       0.901690             0.00674705953            0.000577886366           
       0.904331             0.00862394388            0.000630528406           
       0.906971             0.00733186208            0.000600328761           
       0.909611              0.0083296679            0.000614173428           
       0.912252             0.00605525405            0.000532726631           
       0.914892             0.00806171075            0.000599114681           
       0.917533             0.00744392456            0.000588691612           
       0.920173              0.0069035803            0.000543820108           
       0.922813             0.00721263779            0.000580883235           
       0.925454             0.00636982231             0.00051808246           
       0.928094             0.00654045543            0.000536244203           
       0.930734             0.00761614459            0.000564853448           
       0.933375             0.00677457124            0.000544088836           
       0.936015             0.00755393117            0.000549723321           
       0.938656             0.00774487516            0.000579975841           
       0.941296             0.00731630508            0.000543405832           
       0.943936             0.00769207026            0.000567220541           
       0.946577             0.00740465917            0.000535965738           
       0.949217             0.00779169731            0.000569211341           
       0.951858              0.0078483292            0.000540074494           
       0.954498             0.00761710844             0.00055974962           
       0.957138             0.00774795998            0.000542603825           
       0.959779             0.00735294427             0.00054015284           
       0.962419             0.00753820872            0.000526513008           
       0.965059             0.00709493254            0.000525306896           
       0.967700             0.00698541976            0.000504381276           
       0.970340             0.00736131868            0.000532323619           
       0.972981              0.0077165098            0.000526227563           
       0.975621             0.00737994972            0.000525399075           
       0.978261              0.0066451811            0.000475687201           
       0.980902             0.00788474619            0.000542829811           
       0.983542             0.00742950341            0.000511583514           
       0.986182             0.00854573785            0.000555895854           
       0.988823              0.0078564813            0.000515808955           
       0.991463             0.00784339451            0.000527688998           
       0.994104             0.00683427986            0.000475971624           
       0.996744             0.00827197662             0.00054062913           
       0.999384             0.00786141632            0.000509153959           
       1.002025             0.00851084305             0.00054451739           
       1.004665             0.00788916647            0.000502778649           
       1.007306             0.00780089169            0.000516710461           
       1.009946             0.00748194982             0.00048657081           
       1.012586             0.00736980293            0.000496801592           
       1.015227             0.00815945653            0.000506916857           
       1.017867               0.007446043            0.000498126139           
       1.020507             0.00749983089            0.000481102182           
       1.023148             0.00793586492            0.000500867567           
       1.025788             0.00710337469            0.000469016528           
       1.028429             0.00756799014              0.0004946953           
       1.031069             0.00729936567            0.000468079327           
       1.033709             0.00750039068            0.000483592438           
       1.036350             0.00840293575            0.000498440193           
       1.038990             0.00825723541            0.000506298261           
       1.041630             0.00874304485            0.000510956413           
       1.044271             0.00831694207            0.000498405817           
       1.046911             0.00783154257            0.000474657016           
       1.049552             0.00819001747            0.000502891382           
       1.052192             0.00778132952            0.000468140655           
       1.054832             0.00779310966            0.000477605732           
       1.057473             0.00836784471            0.000488638652           
       1.060113             0.00884961663            0.000507949811           
       1.062754             0.00725169667            0.000454724442           
       1.065394             0.00792574365            0.000470386591           
       1.068034             0.00812280181            0.000474354704           
       1.070675             0.00797740897            0.000478358552           
       1.073315             0.00804152499             0.00046559654           
       1.075955              0.0084994422            0.000486697439           
       1.078596             0.00912608536            0.000503323062           
       1.081236             0.00832194544            0.000473507927           
       1.083877             0.00820020692            0.000484715007           
       1.086517             0.00777171324            0.000461206362           
       1.089157             0.00894283371            0.000498364382           
       1.091798             0.00789944623            0.000458466223           
       1.094438             0.00872734948            0.000489551287           
       1.097078             0.00821852726            0.000462858052           
       1.099719             0.00808695327            0.000470905292           
       1.102359              0.0086949312             0.00046256267           
       1.105000             0.00858922707            0.000477848734           
       1.107640             0.00877957304            0.000467366171           
       1.110280             0.00813005504            0.000458751501           
       1.112921             0.00892835242            0.000472048031           
       1.115561             0.00919957376            0.000485245127           
       1.118202             0.00832868582            0.000448230336           
       1.120842             0.00795688245            0.000451915204           
       1.123482             0.00790568305            0.000437822778           
       1.126123             0.00831583312             0.00045183876           
       1.128763              0.0086453899            0.000458419894           
       1.131403              0.0079204132            0.000438096147           
       1.134044             0.00886107491            0.000462577246           
       1.136684             0.00842704537            0.000454496266           
       1.139325             0.00846631309            0.000442718504           
       1.141965             0.00842647991            0.000447452234           
       1.144605             0.00843404661            0.000450282536           
       1.147246             0.00863594015             0.00044701079           
       1.149886              0.0100839721            0.000486470751           
       1.152527             0.00855112466            0.000448422596           
       1.155167             0.00987924412            0.000475212885           
       1.157807             0.00869638941            0.000446164415           
       1.160448             0.00896283527            0.000459145164           
       1.163088             0.00839024537            0.000427755856           
       1.165728             0.00858427225            0.000450507564           
       1.168369             0.00975392882            0.000463076282           
       1.171009             0.00944747948            0.000459522262           
       1.173650             0.00934049288              0.0004536181           
       1.176290             0.00975060921            0.000468907919           
       1.178930             0.00874756084            0.000431650035           
       1.181571             0.00834518016            0.000435375676           
       1.184211             0.00962258891            0.000453391885           
       1.186851             0.00854775171            0.000431260626           
       1.189492             0.00942682143            0.000455408851           
       1.192132             0.00955789282            0.000451772507           
       1.194773             0.00874577325            0.000429546085           
       1.197413             0.00925998924            0.000445599033           
       1.200053             0.00970972278            0.000453420669           
       1.202694             0.00890319855            0.000430909246           
       1.205334             0.00950852006            0.000450184965           
       1.207975             0.00927926533             0.00043601099           
       1.210615             0.00910360281            0.000440996555           
       1.213255             0.00870741489            0.000419883754           
       1.215896              0.0100265905             0.00045910934           
       1.218536             0.00936721984            0.000430975366           
       1.221176             0.00882484371            0.000428296881           
       1.223817             0.00904121877             0.00042448234           
       1.226457             0.00908271777            0.000430859396           
       1.229098              0.0102345997            0.000450426556           
       1.231738              0.0103461089            0.000459250839           
       1.234378             0.00915499973            0.000423612776           
       1.237019             0.00977099206            0.000441162047           
       1.239659             0.00964058019            0.000437971003           
       1.242299             0.00991327694            0.000441851608           
       1.244940             0.00972219621            0.000432849208           
       1.247580             0.00946272654            0.000428919672           
       1.250221              0.0100862062             0.00045005301           
       1.252861             0.00929825636            0.000416017033           
       1.255501              0.0100632959            0.000445012792           
       1.258142              0.0104235893            0.000443955091           
       1.260782              0.0107882316            0.000456755384           
       1.263423              0.0105313012            0.000442342872           
       1.266063              0.0100776701            0.000440776298           
       1.268703              0.0103634919            0.000435721475           
       1.271344             0.00983016579            0.000433604453           
       1.273984             0.00940799931            0.000417569539           
       1.276624             0.00937394974            0.000414270052           
       1.279265             0.00975550233            0.000423539791           
       1.281905              0.0100515442            0.000432568097           
       1.284546              0.0102916375            0.000432922153           
       1.287186              0.0104788998            0.000437262704           
       1.289826              0.0105286553            0.000440572452           
       1.292467             0.00990262546            0.000419647582           
       1.295107              0.0102767322             0.00043503625           
       1.297747             0.00952139238            0.000407760132           
       1.300388              0.0106754376            0.000442852329           
       1.303028              0.0101927939            0.000421721858           
       1.305669             0.00997799245            0.000422645463           
       1.308309              0.0105425617            0.000427905672           
       1.310949             0.00979010245            0.000417492002           
       1.313590              0.0107170747            0.000430050115           
       1.316230              0.0103839131             0.00043093251           
       1.318871              0.0100709026            0.000415232291           
       1.321511               0.010512337            0.000426361037           
       1.324151              0.0103578479            0.000424888862           
       1.326792              0.0100873911            0.000415908368           
       1.329432              0.0100630516            0.000417573182           
       1.332072             0.00999368123            0.000408995767           
       1.334713              0.0107673274            0.000429796593           
       1.337353              0.0106227603            0.000420334777           
       1.339994              0.0110142038            0.000434105656           
       1.342634              0.0103696401            0.000411729488           
       1.345274              0.0113346095            0.000436088137           
       1.347915              0.0110288698            0.000431310036           
       1.350555              0.0114367157             0.00043749662           
       1.353195              0.0105256461            0.000411679929           
       1.355836              0.0109058106            0.000426955058           
       1.358476              0.0106008786            0.000419759906           
       1.361117              0.0112557589            0.000421680728           
       1.363757              0.0107801675            0.000426352285           
       1.366397              0.0107113116            0.000411753992           
       1.369038              0.0101311196            0.000408887449           
       1.371678              0.0105530187            0.000408887968           
       1.374319              0.0102325801            0.000405825564           
       1.376959               0.010774364            0.000410697643           
       1.379599              0.0109396261             0.00042190186           
       1.382240              0.0108078013            0.000411387154           
       1.384880              0.0113589687            0.000426924702           
       1.387520              0.0104562761            0.000404820727           
       1.390161              0.0107676206            0.000409686912           
       1.392801              0.0102959494            0.000403001082           
       1.395442              0.0114829119            0.000421187677           
       1.398082              0.0107642425            0.000409190027           
       1.400722              0.0103824877            0.000400053068           
       1.403363              0.0108765201             0.00041326008           
       1.406003              0.0108074996            0.000401831338           
       1.408644              0.0107812797              0.0004097693           
       1.411284              0.0105353187            0.000402846685           
       1.413924              0.0111579198            0.000409465982           
       1.416565              0.0103059114            0.000393059753           
       1.419205              0.0106072025            0.000402691896           
       1.421845              0.0101309185            0.000388599663           
       1.424486              0.0107529018             0.00040211838           
       1.427126              0.0104420254            0.000396012923           
       1.429767              0.0109168398            0.000398676774           
       1.432407              0.0111320597            0.000412729197           
       1.435047               0.010645332            0.000391476873           
       1.437688              0.0112106087            0.000410632728           
       1.440328              0.0108184196            0.000395568937           
       1.442968              0.0115807776            0.000414934759           
       1.445609              0.0104616143            0.000387889123           
       1.448249              0.0110317047            0.000400893128           
       1.450890              0.0105285189            0.000388849714           
       1.453530              0.0106115067            0.000393270788           
       1.456170              0.0108388316            0.000396566059           
       1.458811             0.00964744325            0.000371160241           
       1.461451              0.0108477588            0.000396466153           
       1.464092              0.0107771184            0.000391728566           
       1.466732               0.010984371            0.000393051573           
       1.469372              0.0102715296            0.000378915586           
       1.472013              0.0105109926            0.000390164733           
       1.474653              0.0102107255            0.000375056195           
       1.477293              0.0103785887            0.000384491309           
       1.479934              0.0106157593             0.00038478969           
       1.482574              0.0108368079            0.000387815743           
       1.485215             0.00997301663            0.000372996611           
       1.487855              0.0108901305            0.000389689255           
       1.490495              0.0104138564            0.000380252362           
       1.493136              0.0111210432             0.00038779823           
       1.495776              0.0103819183            0.000381222368           
       1.498416             0.00990860743            0.000365195772           
       1.501057              0.0105543487            0.000380149723           
       1.503697              0.0104001626            0.000373734514           
       1.506338              0.0110879764            0.000388733027           
       1.508978              0.0110251214            0.000385340949           
       1.511618              0.0103500032            0.000373167813           
       1.514259              0.0100496901            0.000368378201           
       1.516899              0.0105488484            0.000377591587           
       1.519540              0.0103523798            0.000371983004           
       1.522180             0.00971010085            0.000355759994           
       1.524820              0.0106616926            0.000380314246           
       1.527461              0.0101388889            0.000362668155           
       1.530101              0.0103789655            0.000370730678           
       1.532741             0.00984544066            0.000359365642           
       1.535382              0.0103209185             0.00036875126           
       1.538022              0.0105509998            0.000369540124           
       1.540663             0.00997793516            0.000362760821           
       1.543303              0.0103022293            0.000364021678           
       1.545943              0.0107024609            0.000373104603           
       1.548584              0.0103985556            0.000369727532           
       1.551224             0.00978989502            0.000349546563           
       1.553864              0.0103219079            0.000368294813           
       1.556505              0.0104839096            0.000365463977           
       1.559145              0.0104164831            0.000365129012           
       1.561786               0.010034132            0.000356741598           
       1.564426              0.0105649913            0.000365726111           
       1.567066             0.00948598992            0.000343842618           
       1.569707             0.00974159722            0.000353488966           
       1.572347              0.0095143077            0.000344808429           
       1.574988               0.010055952            0.000353085092           
       1.577628             0.00984764925            0.000357275858           
       1.580268             0.00912424314            0.000332034859           
       1.582909             0.00887556195            0.000333603982           
       1.585549             0.00949635472            0.000341848799           
       1.588189             0.00906873163            0.000337794533           
       1.590830             0.00988958099            0.000346695838           
       1.593470              0.0102607977            0.000356026575           
       1.596111             0.00916316702            0.000333538307           
       1.598751             0.00950781744            0.000343226239           
       1.601391              0.0098064579            0.000346346297           
       1.604032             0.00918607825            0.000332412678           
       1.606672             0.00869564425            0.000329926755           
       1.609312             0.00901713499            0.000325973484           
       1.611953             0.00908234383            0.000331891201           
       1.614593             0.00865076284            0.000321446145           
       1.617234             0.00994459781            0.000346600694           
       1.619874             0.00882020932            0.000322578806           
       1.622514             0.00843683394            0.000318280634           
       1.625155             0.00894640226            0.000326940946           
       1.627795             0.00917423763            0.000327732236           
       1.630436             0.00863727978            0.000321193056           
       1.633076             0.00832873932            0.000313801607           
       1.635716             0.00826180682             0.00031199313           
       1.638357              0.0089982581            0.000324218369           
       1.640997             0.00952590813            0.000336197687           
       1.643637             0.00858543221            0.000313243715           
       1.646278             0.00882862144            0.000322403867           
       1.648918             0.00847183444             0.00031175051           
       1.651559             0.00903808474            0.000326049156           
       1.654199             0.00919503058            0.000324359995           
       1.656839             0.00834099673            0.000308846528           
       1.659480             0.00891896652            0.000322180465           
       1.662120             0.00888888826            0.000317326698           
       1.664761             0.00909020784            0.000324374495           
       1.667401             0.00883822605            0.000316867391           
       1.670041             0.00904050301            0.000320839628           
       1.672682             0.00835683805            0.000305567182           
       1.675322             0.00846370958            0.000312952002           
       1.677962             0.00862789639            0.000309697661           
       1.680603             0.00845056219            0.000309218596           
       1.683243              0.0087049029            0.000311515771           
       1.685884             0.00876984867            0.000313865535           
       1.688524             0.00833007786            0.000305034179           
       1.691164             0.00843526174            0.000306165011           
       1.693805             0.00924004226              0.0003230287           
       1.696445             0.00866714391            0.000308512086           
       1.699085             0.00875171435            0.000311251295           
       1.701726             0.00833614939            0.000299820403           
       1.704366             0.00897709894            0.000318703836           
       1.707007             0.00821225016            0.000298320078           
       1.709647             0.00852682428               0.000307757           
       1.712287               0.008382534            0.000300042454           
       1.714928             0.00833401974            0.000302181223           
       1.717568             0.00832983237            0.000299327255           
       1.720209             0.00868221175            0.000307480013           
       1.722849             0.00821857799            0.000299637267           
       1.725489             0.00862769151            0.000302111236           
       1.728130             0.00824088404            0.000301271864           
       1.730770             0.00829220988            0.000295820649           
       1.733410             0.00826130029            0.000299144981           
       1.736051             0.00826688292            0.000294601166           
       1.738691             0.00865014997            0.000304428863           
       1.741332             0.00790325881            0.000289198083           
       1.743972              0.0080614072            0.000292185589           
       1.746612             0.00822115428            0.000295134285           
       1.749253             0.00822696474            0.000296514466           
       1.751893             0.00828410554             0.00029575731           
       1.754533             0.00864165178            0.000297926521           
       1.757174             0.00827136781            0.000296923332           
       1.759814             0.00815874069            0.000290399041           
       1.762455             0.00837284881            0.000296689331           
       1.765095             0.00809656237             0.00028765604           
       1.767735             0.00781621149             0.00028743457           
       1.770376             0.00860389987            0.000296996885           
       1.773016             0.00804685543            0.000287675046           
       1.775657             0.00842156491            0.000294899713           
       1.778297             0.00832441582            0.000294628144           
       1.780937             0.00881952872            0.000301848263           
       1.783578             0.00849027814            0.000294769691           
       1.786218               0.008679594            0.000302793899           
       1.788858             0.00896874775            0.000300148972           
       1.791499             0.00850165961            0.000297614483           
       1.794139             0.00822531583            0.000287331911           
       1.796780             0.00911092524            0.000304201736           
       1.799420             0.00886993765            0.000299769506           
       1.802060             0.00893031655            0.000297088553           
       1.804701             0.00890431947            0.000300635694           
       1.807341             0.00875171666            0.000295168476           
       1.809981             0.00877906018            0.000297592571           
       1.812622             0.00899323129            0.000299559663           
       1.815262             0.00893347678            0.000299627357           
       1.817903             0.00889570041             0.00029529926           
       1.820543             0.00876492214            0.000296743571           
       1.823183             0.00828339405              0.0002840323           
       1.825824             0.00877984097            0.000296817383           
       1.828464             0.00859850965             0.00029283505           
       1.831105             0.00867686443            0.000295305123           
       1.833745             0.00832392045            0.000289056257           
       1.836385             0.00806745613            0.000283461652           
       1.839026             0.00842584792            0.000294044267           
       1.841666              0.0078492128            0.000280119176           
       1.844306             0.00861891443            0.000297238165           
       1.846947             0.00832194359            0.000288319141           
       1.849587             0.00848566536            0.000295090159           
       1.852228             0.00885963251            0.000298315492           
       1.854868             0.00828551559            0.000293779053           
       1.857508             0.00848236078             0.00029175969           
       1.860149             0.00864171319            0.000296847941           
       1.862789             0.00782977427            0.000283809037           
       1.865429             0.00805660453            0.000288758646           
       1.868070             0.00873534906            0.000299637268           
       1.870710             0.00814532708             0.00029012896           
       1.873351             0.00836820379            0.000295948882           
       1.875991             0.00810195989            0.000292778061           
       1.878631             0.00832502241             0.00029402261           
       1.881272             0.00808371475            0.000289051349           
       1.883912             0.00822834238            0.000295045758           
       1.886553             0.00847771327            0.000295890819           
       1.889193             0.00833862787            0.000296843455           
       1.891833             0.00799724037            0.000287395325           
       1.894474             0.00837710597            0.000296469701           
       1.897114             0.00836350209            0.000293931122           
       1.899754             0.00815741966            0.000293542731           
       1.902395             0.00835023833             0.00029705505           
       1.905035             0.00857728115            0.000299886571           
       1.907676             0.00814800069            0.000292625604           
       1.910316             0.00834514337            0.000298032781           
       1.912956             0.00798731052            0.000291561489           
       1.915597             0.00842443381            0.000296311685           
       1.918237             0.00854416793            0.000302939756           
       1.920878             0.00802759569            0.000288442562           
       1.923518             0.00856294485            0.000305820187           
       1.926158             0.00827048766            0.000293645958           
       1.928799             0.00773423578            0.000287740022           
       1.931439             0.00818046202            0.000293552684           
       1.934079             0.00887566297             0.00030886839           
       1.936720             0.00809856515            0.000293300906           
       1.939360             0.00786748266            0.000291872293           
       1.942001             0.00836027519            0.000299716957           
       1.944641             0.00826182676            0.000296663146           
       1.947281              0.0084613323            0.000301674155           
       1.949922             0.00842540576            0.000301409803           
       1.952562             0.00736817919            0.000284291053           
       1.955202             0.00787706299            0.000286559168           
       1.957843             0.00719369498            0.000282546331           
       1.960483             0.00813421393            0.000295657085           
       1.963124             0.00819896104            0.000296611328           
       1.965764             0.00823603654            0.000297387491           
       1.968404             0.00796183738            0.000297623839           
       1.971045             0.00820846753            0.000294623102           
       1.973685             0.00817920092            0.000299585642           
       1.976326             0.00774945457            0.000290337759           
       1.978966             0.00768578799            0.000290510866           
       1.981606             0.00767766704            0.000287286655           
       1.984247             0.00796244711            0.000295117247           
       1.986887               0.007930866            0.000297285979           
       1.989527             0.00756905517            0.000284375085           
       1.992168             0.00758207845            0.000291486648           
       1.994808             0.00761105261            0.000288646153           
       1.997449             0.00789548962            0.000293559131           
       2.000089             0.00715544808            0.000277817528           
       2.002729             0.00768185742            0.000294451418           
       2.005370             0.00744159218            0.000284300932           
       2.008010             0.00769352292            0.000292911228           
       2.010650             0.00734217816            0.000285326222           
       2.013291             0.00727398049              0.0002856145           
       2.015931             0.00798132337            0.000297038104           
       2.018572              0.0070603598            0.000283085795           
       2.021212             0.00789878211            0.000296735471           
       2.023852             0.00737078531            0.000288152072           
       2.026493             0.00819015713            0.000302415173           
       2.029133             0.00773034965            0.000291562276           
       2.031774             0.00755403919             0.00029101323           
       2.034414             0.00743509789            0.000286990093           
       2.037054              0.0078271077            0.000298171478           
       2.039695             0.00789669467            0.000293594741           
       2.042335             0.00791463942            0.000298931208           
       2.044975             0.00706218131            0.000280117498           
       2.047616             0.00739970184            0.000287961826           
       2.050256             0.00758875649            0.000288186909           
       2.052897             0.00696353636            0.000284236334           
       2.055537             0.00729773445            0.000283043859           
       2.058177             0.00763482876            0.000292064488           
       2.060818             0.00738848062            0.000288176482           
       2.063458             0.00729625286            0.000286766662           
       2.066098             0.00728963354            0.000285364525           
       2.068739             0.00748402891            0.000292159267           
       2.071379             0.00751134847            0.000288369647           
       2.074020             0.00764357466            0.000294880231           
       2.076660             0.00738998914            0.000287982053           
       2.079300             0.00728991008            0.000285983966           
       2.081941             0.00716710988            0.000285288928           
       2.084581              0.0075907067            0.000293816087           
       2.087222             0.00714235639            0.000285200958           
       2.089862             0.00748248371            0.000288274378           
       2.092502             0.00737744514            0.000291444876           
       2.095143             0.00723493858            0.000284491434           
       2.097783             0.00773933759            0.000298718737           
       2.100423             0.00796869381            0.000297300639           
       2.103064             0.00733974184            0.000290253247           
       2.105704              0.0074815905             0.00029192348           
       2.108345             0.00736069324            0.000290884579           
       2.110985             0.00751863479            0.000289859486           
       2.113625             0.00729158666            0.000289946799           
       2.116266             0.00756386395            0.000293124942           
       2.118906             0.00728267298            0.000287415664           
       2.121546             0.00751109608            0.000291656541           
       2.124187              0.0070573729            0.000286620626           
       2.126827             0.00708117346            0.000282600928           
       2.129468             0.00722393514            0.000288414145           
       2.132108             0.00734044386             0.00029012904           
       2.134748             0.00704800164            0.000283219554           
       2.137389             0.00761241987            0.000296806869           
       2.140029             0.00764067213            0.000296635018           
       2.142670             0.00769908282            0.000298253247           
       2.145310             0.00749065751            0.000295312418           
       2.147950             0.00723068623            0.000291264243           
       2.150591             0.00733201376            0.000290608158           
       2.153231             0.00740395755            0.000296347903           
       2.155871             0.00727543127            0.000289521859           
       2.158512             0.00706718945            0.000290490106           
       2.161152             0.00739916936            0.000289809798           
       2.163793             0.00728755284            0.000292295504           
       2.166433             0.00784428074             0.00029799618           
       2.169073             0.00711500623            0.000290432345           
       2.171714             0.00697389791            0.000281684056           
       2.174354             0.00745930223            0.000295773889           
       2.176995             0.00686122047            0.000281315622           
       2.179635             0.00727625583            0.000295181706           
       2.182275             0.00721753917            0.000288152377           
       2.184916             0.00768135042            0.000303549502           
       2.187556             0.00735627482            0.000292274593           
       2.190196             0.00730376886            0.000295807177           
       2.192837             0.00712724307             0.00028901074           
       2.195477             0.00690834807            0.000287282724           
       2.198118             0.00714965266            0.000286861387           
       2.200758             0.00749130224            0.000298195259           
       2.203398             0.00720980764            0.000287687786           
       2.206039             0.00735691322             0.00029504979           
       2.208679             0.00678594595            0.000280595343           
       2.211319             0.00738840332            0.000294164306           
       2.213960              0.0074682084            0.000292604207           
       2.216600             0.00718881507            0.000293842751           
       2.219241             0.00769610873            0.000299613683           
       2.221881             0.00772976815            0.000301833302           
       2.224521             0.00780724014            0.000302289963           
       2.227162             0.00726221518            0.000296126936           
       2.229802             0.00731737646             0.00029242438           
       2.232443             0.00724156547            0.000292049278           
       2.235083              0.0073024466              0.0002915158           
       2.237723             0.00713816141            0.000290426739           
       2.240364             0.00729474795            0.000292101594           
       2.243004             0.00755919572            0.000298247384           
       2.245644             0.00724141402            0.000291236958           
       2.248285             0.00717348326             0.00029174941           
       2.250925             0.00745037278            0.000295936367           
       2.253566             0.00706322682            0.000288849456           
       2.256206             0.00712942274            0.000289330553           
       2.258846             0.00736612241            0.000294096903           
       2.261487             0.00731171157            0.000293515563           
       2.264127             0.00769565043            0.000303972393           
       2.266767              0.0072653008            0.000290577138           
       2.269408             0.00766432229            0.000301994592           
       2.272048             0.00715706121            0.000290034661           
       2.274689             0.00725252688            0.000293110669           
       2.277329              0.0070437541            0.000288477253           
       2.279969             0.00772654041            0.000303051441           
       2.282610             0.00709356928            0.000287541263           
       2.285250             0.00714337019            0.000293087014           
       2.287891              0.0067923963            0.000282912241           
       2.290531             0.00722305384            0.000293181821           
       2.293171             0.00700983431            0.000288807905           
       2.295812             0.00716537806            0.000290444775           
       2.298452             0.00755580366            0.000300162899           
       2.301092             0.00744198083            0.000299785729           
       2.303733             0.00672271695            0.000279294824           
       2.306373             0.00671243768              0.0002859073           
       2.309014             0.00710565442            0.000288493835           
       2.311654              0.0071473301            0.000292084588           
       2.314294             0.00708762214            0.000290227018           
       2.316935             0.00722663113            0.000294217553           
       2.319575             0.00736521388            0.000295912969           
       2.322215             0.00760189677            0.000304913901           
       2.324856             0.00697490929            0.000284734492           
       2.327496             0.00711094156            0.000294543623           
       2.330137             0.00699332634            0.000286710577           
       2.332777              0.0067342691            0.000284427263           
       2.335417             0.00668250139             0.00028248135           
       2.338058             0.00723030682            0.000295007682           
       2.340698             0.00742917825            0.000296093018           
       2.343339             0.00748433145            0.000302861267           
       2.345979             0.00718925954            0.000290907858           
       2.348619             0.00727061494            0.000298073932           
       2.351260             0.00688590518            0.000283914467           
       2.353900              0.0070736316            0.000293853994           
       2.356540             0.00707112031            0.000289761099           
       2.359181             0.00703014016            0.000292783718           
       2.361821              0.0070926385            0.000290499085           
       2.364462             0.00711569004            0.000295833721           
       2.367102             0.00701069095            0.000285151487           
       2.369742             0.00695449217             0.00029418417           
       2.372383              0.0071705434            0.000290010921           
       2.375023             0.00712766578            0.000296675904           
       2.377663              0.0078103145            0.000303958571           
       2.380304             0.00732412481            0.000298428992           
       2.382944             0.00731372434             0.00029530016           
       2.385585             0.00698490705            0.000291313825           
       2.388225             0.00713619544            0.000293121354           
       2.390865             0.00719334228            0.000295046276           
       2.393506             0.00748723993            0.000299626067           
       2.396146             0.00703425418            0.000291383421           
       2.398787             0.00724310595            0.000295936094           
       2.401427             0.00682274781            0.000285476337           
       2.404067             0.00700537752            0.000293687052           
       2.406708             0.00663168868             0.00028215506           
       2.409348             0.00672823493             0.00028633946           
       2.411988             0.00673486585            0.000285565575           
       2.414629             0.00727289076            0.000297723814           
       2.417269             0.00733102093            0.000296196717           
       2.419910             0.00662173604            0.000285053573           
       2.422550             0.00675435693            0.000283523794           
       2.425190             0.00730055194            0.000304045257           
       2.427831             0.00677432584            0.000281867565           
       2.430471             0.00711566425            0.000297325955           
       2.433112             0.00694743113            0.000286857816           
       2.435752             0.00713104584            0.000297981276           
       2.438392             0.00704373439            0.000291173688           
       2.441033             0.00671497665            0.000285600164           
       2.443673             0.00731668718            0.000298917696           
       2.446313             0.00715497316            0.000294020968           
       2.448954             0.00711212926            0.000295711549           
       2.451594             0.00698183318            0.000291232279           
       2.454235             0.00735010857            0.000297884708           
       2.456875             0.00704758792            0.000293167536           
       2.459515             0.00806242754            0.000314049174           
       2.462156             0.00798671569            0.000310959857           
       2.464796             0.00771643448            0.000311044428           
       2.467436             0.00811390001            0.000312266666           
       2.470077             0.00823176905            0.000318863795           
       2.472717             0.00775090379            0.000305538799           
       2.475358             0.00712121828            0.000296182926           
       2.477998             0.00784744621            0.000309260055           
       2.480638             0.00758402425            0.000304763862           
       2.483279              0.0073499262            0.000301312276           
       2.485919             0.00688697646            0.000289626325           
       2.488560              0.0071389817             0.00029610079           
       2.491200             0.00734276054            0.000299885366           
       2.493840             0.00690293716             0.00028918219           
       2.496481              0.0073376822            0.000302048316           
       2.499121             0.00664808426             0.00028367689           
       2.501761             0.00737993901            0.000303958809           
       2.504402             0.00713713956            0.000293188422           
       2.507042             0.00705454194            0.000296332431           
       2.509683             0.00756766123            0.000304125216           
       2.512323             0.00639028517            0.000280562041           
       2.514963              0.0145874169            0.000424737743           
       2.517604              0.0298671712            0.000605375914           
       2.520244              0.0174456016            0.000462770869           
       2.522884             0.00858562641            0.000323935078           
       2.525525             0.00817957144            0.000318779227           
       2.528165              0.0205679835            0.000503190685           
       2.530806              0.0335437479            0.000640190512           
       2.533446              0.0207438778            0.000507914757           
       2.536086             0.00955410346            0.000341806666           
       2.538727             0.00826247087            0.000319901185           
       2.541367             0.00967746225            0.000345221629           
       2.544008             0.00875030337            0.000328546281           
       2.546648             0.00724564273            0.000299306626           
       2.549288             0.00696440692            0.000293482665           
       2.551929             0.00706968024            0.000296669195           
       2.554569             0.00698486365            0.000292189501           
       2.557209             0.00742408038            0.000304639668           
       2.559850             0.00680141443            0.000288231729           
       2.562490             0.00700481645            0.000294639704           
       2.565131              0.0075098973            0.000305608095           
       2.567771             0.00696158918            0.000292680749           
       2.570411              0.0069598191            0.000296204696           
       2.573052             0.00687936495            0.000291050159           
       2.575692              0.0072183466            0.000298925576           
       2.578332             0.00723260654            0.000298336781           
       2.580973             0.00719210522            0.000299912431           
       2.583613             0.00701598135            0.000293518086           
       2.586254             0.00675113143            0.000290471954           
       2.588894             0.00709551467            0.000296199968           
       2.591534                0.00692394            0.000293135085           
       2.594175             0.00731998716            0.000303151695           
       2.596815             0.00670747194            0.000287493162           
       2.599456             0.00708951776            0.000297985588           
       2.602096             0.00691101928            0.000293109354           
       2.604736             0.00663556917            0.000287962034           
       2.607377             0.00711534052            0.000297050308           
       2.610017             0.00669301587            0.000287999232           
       2.612657             0.00699596288             0.00029652492           
       2.615298             0.00678842987            0.000289236469           
       2.617938             0.00687335465            0.000293586106           
       2.620579             0.00712304519            0.000296429765           
       2.623219             0.00689364378            0.000296282031           
       2.625859             0.00653595333            0.000283630855           
       2.628500             0.00720389015            0.000302530103           
       2.631140             0.00735188392            0.000300232333           
       2.633780             0.00666804832            0.000289601028           
       2.636421             0.00667876956            0.000287196358           
       2.639061             0.00721815882            0.000302138254           
       2.641702             0.00671634023            0.000288330935           
       2.644342             0.00734598188            0.000304016985           
       2.646982             0.00801316892            0.000317253344           
       2.649623             0.00697221772            0.000297704426           
       2.652263             0.00681804502             0.00029205196           
       2.654904             0.00777553319            0.000313579032           
       2.657544             0.00719163383             0.00029945349           
       2.660184             0.00717576362            0.000299505509           
       2.662825             0.00723549321            0.000301470309           
       2.665465             0.00726450408            0.000302632766           
       2.668105             0.00701837542             0.00029757962           
       2.670746             0.00734254878            0.000301799101           
       2.673386             0.00687233162            0.000295514227           
       2.676027             0.00700272061            0.000295768559           
       2.678667             0.00691395287             0.00029541581           
       2.681307              0.0071305254            0.000297647836           
       2.683948             0.00728463585            0.000303834936           
       2.686588              0.0076002957            0.000307500115           
       2.689229             0.00767155548            0.000311710971           
       2.691869              0.0075727742            0.000306606369           
       2.694509             0.00726482252            0.000304425864           
       2.697150             0.00740947664            0.000302534841           
       2.699790             0.00700660849            0.000300306276           
       2.702430             0.00710277584            0.000296563016           
       2.705071             0.00652156244            0.000288059487           
       2.707711              0.0066829064            0.000288709427           
       2.710352             0.00669187393            0.000290547457           
       2.712992             0.00723756617            0.000303144155           
       2.715632             0.00696683473            0.000295728538           
       2.718273             0.00629066473            0.000281944181           
       2.720913             0.00756684678            0.000309739657           
       2.723553             0.00677633342            0.000292095578           
       2.726194             0.00683679728            0.000294810836           
       2.728834             0.00670067733             0.00028926681           
       2.731475             0.00699838433            0.000298206614           
       2.734115             0.00687539225            0.000293813352           
       2.736755              0.0072729442            0.000304186091           
       2.739396             0.00743317161            0.000305892387           
       2.742036             0.00702906694            0.000299491605           
       2.744677             0.00708835427            0.000301191713           
       2.747317             0.00692707683            0.000296299065           
       2.749957             0.00731323544            0.000306654466           
       2.752598             0.00780568077             0.00031776479           
       2.755238              0.0069179943             0.00029901619           
       2.757878             0.00746497096            0.000309727931           
       2.760519             0.00748758245            0.000306921436           
       2.763159             0.00740067422            0.000310096467           
       2.765800             0.00719194404            0.000300513824           
       2.768440             0.00673572287            0.000294657307           
       2.771080             0.00725283129            0.000303182115           
       2.773721             0.00694222535            0.000300258015           
       2.776361             0.00701725716            0.000298634002           
       2.779001             0.00672839871            0.000295496757           
       2.781642             0.00707426935            0.000300929039           
       2.784282             0.00624394884             0.00028281631           
       2.786923             0.00679430796            0.000292773534           
       2.789563             0.00626289346            0.000281655513           
       2.792203              0.0070928001            0.000301644444           
       2.794844             0.00668179534            0.000291442194           
       2.797484             0.00664941639             0.00029114484           
       2.800125             0.00659717092            0.000289624042           
       2.802765             0.00691877864            0.000302097916           
       2.805405             0.00648942717            0.000288350998           
       2.808046             0.00659699794            0.000295189006           
       2.810686             0.00701300954            0.000301111102           
       2.813326             0.00750487628            0.000315345418           
       2.815967             0.00633963787            0.000288005901           
       2.818607             0.00741560268            0.000314602515           
       2.821248             0.00700062211            0.000301861729           
       2.823888             0.00694520754            0.000305507376           
       2.826528             0.00698017495            0.000304448184           
       2.829169              0.0063147321            0.000288294328           
       2.831809             0.00714145503            0.000306854381           
       2.834449             0.00682703093             0.00029478639           
       2.837090             0.00668075907            0.000293366247           
       2.839730             0.00699741669            0.000298106173           
       2.842371             0.00725005989            0.000305554249           
       2.845011             0.00689055209            0.000297217829           
       2.847651             0.00719431223            0.000304256123           
       2.850292              0.0066611957            0.000291102641           
       2.852932             0.00672086376            0.000292927865           
       2.855573             0.00675256228            0.000296196563           
       2.858213             0.00698360778            0.000297841487           
       2.860853             0.00717969165            0.000304254295           
       2.863494             0.00681707459            0.000297185293           
       2.866134             0.00687019275            0.000302525597           
       2.868774             0.00742827074            0.000309757712           
       2.871415             0.00690787144            0.000301666902           
       2.874055             0.00631914726            0.000289955082           
       2.876696             0.00664957953             0.00029476113           
       2.879336             0.00713047187            0.000307259696           
       2.881976             0.00630952273            0.000288793311           
       2.884617             0.00623958807            0.000285592984           
       2.887257              0.0062366383            0.000283534639           
       2.889897             0.00664626229            0.000296052812           
       2.892538             0.00678615665            0.000297078167           
       2.895178             0.00657684364            0.000289478292           
       2.897819             0.00701974585            0.000302142496           
       2.900459             0.00649090572            0.000288133023           
       2.903099             0.00689986521            0.000298622422           
       2.905740             0.00722340495            0.000302132929           
       2.908380             0.00682239007            0.000297540848           
       2.911021             0.00681193134            0.000297877887           
       2.913661             0.00728628517            0.000304684524           
       2.916301             0.00663434146            0.000294870231           
       2.918942             0.00652828614            0.000288091061           
       2.921582             0.00650974604            0.000290699957           
       2.924222              0.0070727938             0.00030125352           
       2.926863             0.00698133097             0.00030009433           
       2.929503             0.00715308525            0.000307135411           
       2.932144              0.0070061792            0.000298979833           
       2.934784             0.00687542669             0.00029743553           
       2.937424             0.00665402351            0.000293148526           
       2.940065             0.00692530892            0.000299308082           
       2.942705             0.00681337762            0.000297781505           
       2.945346             0.00638154682             0.00028648819           
       2.947986              0.0076325107            0.000314407962           
       2.950626             0.00916804185            0.000345645901           
       2.953267              0.0103778164             0.00036383774           
       2.955907             0.00855057657            0.000334623627           
       2.958547             0.00793270802            0.000319002056           
       2.961188             0.00689477209            0.000299997448           
       2.963828             0.00636378769             0.00028658092           
       2.966469             0.00702564115            0.000301190012           
       2.969109             0.00703331279            0.000302895628           
       2.971749             0.00810271741            0.000324152298           
       2.974390             0.00967880202            0.000355250453           
       2.977030             0.00954519706            0.000352118605           
       2.979670             0.00851255882            0.000330382897           
       2.982311             0.00663783436             0.00029384865           
       2.984951             0.00720687593            0.000306976757           
       2.987592             0.00737134808            0.000309411965           
       2.990232             0.00700505992            0.000302396763           
       2.992872             0.00854407896            0.000331354352           
       2.995513             0.00870876049            0.000337160213           
       2.998153              0.0121593312            0.000400964456           
       3.000794               0.022350944            0.000535713874           
       3.003434               0.034859554            0.000676124518           
       3.006074              0.0236421929            0.000558607873           
       3.008715              0.0161965469            0.000465874442           
       3.011355              0.0179054304            0.000494929394           
       3.013995              0.0162947328            0.000469835127           
       3.016636              0.0289437017            0.000627353642           
       3.019276               0.156042671             0.00149146659           
       3.021917               0.431629793             0.00243847756           
       3.024557               0.156791389             0.00148141783           
       3.027197              0.0795032959              0.0010725997           
       3.029838               0.120230878              0.0013127178           
       3.032478              0.0894209923              0.0011388604           
       3.035118              0.0600117765            0.000937775198           
       3.037759              0.0907161939             0.00115501368           
       3.040399               0.071357154             0.00103610735           
       3.043040              0.0595758208            0.000955913905           
       3.045680              0.0508747749            0.000869749886           
       3.048320              0.0660654436              0.0010070337           
       3.050961              0.0439303146            0.000829415512           
       3.053601              0.0678761682              0.0010264169           
       3.056242              0.0957037266             0.00122662072           
       3.058882              0.0719630669              0.0010794775           
       3.061522               0.236727098             0.00194430005           
       3.064163                0.08796107             0.00118733723           
       3.066803              0.0252262807            0.000648146626           
       3.069443              0.0235253148            0.000621744881           
       3.072084              0.0502604694            0.000916867637           
       3.074724              0.0734505425             0.00111493057           
       3.077365              0.0141078284            0.000488280473           
       3.080005             0.00881527551            0.000390253424           
       3.082645             0.00894448329            0.000395104592           
       3.085286             0.00785780204            0.000370394212           
       3.087926             0.00744369709             0.00036279596           
       3.090566              0.0068729387            0.000352200494           
       3.093207             0.00753097363            0.000364692285           
       3.095847             0.00852413262            0.000396127806           
       3.098488             0.00794379425            0.000381712195           
       3.101128             0.00800288727            0.000385216374           
       3.103768             0.00800977426            0.000387553243           
       3.106409              0.0088676693            0.000410511345           
       3.109049             0.00884411777             0.00041315287           
       3.111690              0.0109352899            0.000457599242           
       3.114330              0.0175424011            0.000584738665           
       3.116970              0.0187845482            0.000613504416           
       3.119611              0.0149665259            0.000544054865           
       3.122251              0.0111644011            0.000473742269           
       3.124891             0.00934685385            0.000435572501           
       3.127532              0.0082904408            0.000417609344           
       3.130172             0.00930846606            0.000433404224           
       3.132813              0.0082882675             0.00041728825           
       3.135453             0.00708768234            0.000394023622           
       3.138093             0.00663754135             0.00037225876           
       3.140734             0.00616635775            0.000365480352           
       3.143374             0.00675213301            0.000388292381           
       3.146014              0.0059311996            0.000361281397           
       3.148655             0.00661575199            0.000384565061           
       3.151295             0.00696176897            0.000397616162           
       3.153936             0.00702643027            0.000405355473           
       3.156576              0.0066314558            0.000389277062           
       3.159216             0.00604309042            0.000374646329           
       3.161857             0.00681659783            0.000402782854           
       3.164497               0.006472629            0.000400764762           
       3.167138             0.00589217301            0.000373198997           
       3.169778             0.00664992451            0.000403629711           
       3.172418             0.00578855413            0.000378782739           
       3.175059             0.00607821443            0.000393223813           
       3.177699             0.00569613913            0.000379160706           
       3.180339             0.00608675414            0.000395449114           
       3.182980             0.00651162008            0.000414539513           
       3.185620             0.00537104735            0.000380601928           
       3.188261             0.00544908906             0.00037833454           
       3.190901             0.00576320059            0.000395081686           
       3.193541             0.00519610503            0.000376376694           
       3.196182             0.00606623746            0.000415132648           
       3.198822             0.00619678703            0.000414489542           
       3.201463             0.00630435373            0.000423477889           
       3.204103             0.00648465576            0.000435210042           
       3.206743             0.00495504954            0.000383650547           
       3.209384              0.0053792557            0.000397953747           
       3.212024             0.00553180323            0.000404990592           
       3.214664              0.0065183474            0.000448002276           
       3.217305             0.00612163303            0.000444284342           
       3.219945             0.00580829685            0.000429145842           
       3.222586             0.00585379759            0.000433261621           
       3.225226             0.00559956673            0.000433295264           
       3.227866             0.00578529102            0.000443829536           
       3.230507             0.00499510154             0.00041732791           
       3.233147             0.00582221286            0.000443892322           
       3.235787             0.00653410026            0.000470375319           
       3.238428             0.00552942938            0.000440346951           
       3.241068              0.0052203691            0.000436539777           
       3.243709             0.00578594838            0.000457028473           
       3.246349             0.00639432629            0.000477767559           
       3.248989              0.0058973895            0.000469314617           
       3.251630             0.00625045141            0.000485296346           
       3.254270             0.00518375395            0.000455535374           
       3.256911             0.00566826699             0.00046441344           
       3.259551             0.00565102392             0.00047395318           
       3.262191              0.0063172179            0.000505722147           
       3.264832             0.00613618112             0.00050309979           
       3.267472             0.00564286023            0.000489294543           
       3.270112             0.00490783156            0.000457614862           
       3.272753             0.00607673112            0.000515459895           
       3.275393             0.00558234603            0.000496589973           
       3.278034             0.00466772502            0.000463340563           
       3.280674             0.00592640306            0.000523602721           
       3.283314             0.00514978999             0.00049078824           
       3.285955             0.00594160863            0.000537072771           
       3.288595             0.00468290795            0.000482122188           
       3.291235             0.00453855095             0.00047742112           
       3.293876             0.00635796088            0.000568415456           
       3.296516             0.00571908753             0.00055009696           
       3.299157             0.00509419578            0.000527021929           
       3.301797             0.00558333133            0.000551978408           
       3.304437             0.00664037173            0.000613249075           
       3.307078             0.00630882133            0.000603550262           
       3.309718             0.00543261741            0.000565662791           
       3.312359             0.00572258864            0.000592293601           
       3.314999             0.00645693438            0.000635749746           
       3.317639             0.00572582465            0.000605122786           
       3.320280             0.00503271866            0.000575601586           
       3.322920             0.00506005994             0.00058579842           
       3.325560             0.00580728767            0.000639680624           
       3.328201             0.00542371919            0.000620807737           
       3.330841             0.00435334902            0.000569713173           
       3.333482             0.00509717623            0.000624293629           
       3.336122             0.00633065794            0.000710864114           
       3.338762             0.00612369053            0.000705542111           
       3.341403             0.00616438944            0.000714449784           
       3.344043             0.00477457125            0.000652771516           
       3.346683             0.00541616361            0.000702299791           
       3.349324             0.00568243488            0.000730491686           
       3.351964             0.00603272324             0.00077686742           
       3.354605             0.00546888112              0.0007480484           
       3.357245             0.00607934822            0.000816417126           
       3.359885             0.00465362994             0.00071455488           
       3.362526             0.00574571937            0.000834581557           
       3.365166             0.00409343653            0.000695737386           
       3.367807             0.00618004872            0.000915102359           
       3.370447             0.00565370009            0.000875605449           
       3.373087             0.00462165497            0.000835520799           
       3.375728             0.00483772849            0.000848367118           
       3.378368             0.00585965042             0.00100891316           
       3.381008             0.00536476005            0.000956950937           
       3.383649             0.00413226257            0.000908922926           
       3.386289             0.00434113353            0.000931995353           
       3.388930             0.00330029606             0.00089245975           
       3.391570             0.00454355114              0.0010475915           
       3.394210             0.00683394658             0.00137661773           
       3.396851             0.00602674165             0.00140036722           
       3.399491             0.00592549312             0.00141375555           
       3.402131             0.00462764396             0.00147890352           
       3.404772             0.00638506104             0.00173791484           
       3.407412             0.00773932115             0.00237424264           
       3.410053             0.00375021802             0.00172095183           
       3.412693             0.00296218292             0.00216393106           
       3.415333           -2.53562968e-05                         0           
