################################################################################
# EDF_DataBlockID                     0.Image.Psd
# EDF_BinarySize                      2105344
# EDF_HeaderSize                      2560
# ByteOrder                           LowByteFirst
# DataType                            FloatValue
# Dim_1                               512
# Dim_2                               1028
# Image                               0
# HeaderID                            EH:000000:000000:000000
# Size                                2105344
# Center_1                            304.9000
# Center_2                            588.7000
# Comment                             Xenocs_Cell_Window - front_window_open_only
# DDummy                              0.6
# Date                                2025-10-19T04:34:27
# Delta                               21.910000
# Dummy                               -1.5
# ExposureTime                        360
# Gamma                               15.360000
# Intensity1                          9.0438e-10
# PSize_1                             7.5e-05
# PSize_2                             7.5e-05
# Pressure                            0.0331421
# SampleDistance                      0.115750
# SampleEnvKind                       large
# SampleEnvPN                         ElectroChemical cell
# SampleEnvSN                         1141
# Thickness                           0
# Wavelength                          1.541891e-10
# Wavelength                          1.54189e-10
# aux                                 0
# aux_dial                            0.002375
# beamx                               588.429
# beamx_dial                          588.429
# beamz                               657.855
# beamz_dial                          657.855
# det0x                               -0.000396875
# det0x_dial                          6.36905
# det0xvd                             -0.0005
# det0xvd_dial                        -0.0005
# det0y                               450.002
# det0y_dial                          481.635
# det0z                               0
# det0z_dial                          1.2295
# det0zvd                             0
# det0zvd_dial                        0
# mag                                 1.818
# mag_dial                            1.818
# om                                  0.2499
# om_dial                             -0.610199
# phi                                 -0.0120535
# phi_dial                            0
# ry                                  0.599993
# ry_dial                             0.599993
# s1bot                               0.8
# s1bot_dial                          -1.66094
# s1hl                                0.8
# s1hl_dial                           -0.608437
# s1hr                                0.8
# s1hr_dial                           0.970938
# s1top                               0.8
# s1top_dial                          -0.461562
# s2bot                               0.45
# s2bot_dial                          1.36109
# s2hl                                0.45
# s2hl_dial                           -0.83375
# s2hr                                0.45
# s2hr_dial                           -0.118594
# s2top                               0.45
# s2top_dial                          1.44734
# w2theta                             32
# w2theta_dial                        32
# waxsch                              19.2605
# waxsch_dial                         -32.7238
# waxsh                               137.085
# waxsh_dial                          -43.5335
# waxsth                              26.0607
# waxsth_dial                         -19.4068
# waxsz                               67.0407
# waxsz_dial                          -23.7962
# wind                                65.9854
# wind_dial                           66.0041
# wpsi                                124
# wpsi_dial                           124
# wstod                               115
# wstod_dial                          115
# x                                   0
# x_dial                              1.00969
# z                                   0
# z_dial                              13.3172
# CountCutoff                         6807993
# DetectorModel                       Dectris EIGER2 Si 500K, S/N E-01-0554
# ThresholdSetting                    4023.88989258
# Saturation                          0
# FlatField                           Corrected
# BackgroundReductionExtra            0.02
# BackgroundCorrectionConstant        0.0026712
# Detector                            0
# Monitor                             0
# Pil_Roi0                            0
# SumForIntensity1                    3.25577e+08
# TransmittedFlux                     904380
# det                                 0
# mon                                 0
# pilai0                              3.25577e+08
# pilai1                              697882
# pilct0                              5.63001e+08
# pilct1                              697882
# pilroi0                             0
# pilroi1                             0
# sec                                 1
# title                               20251017__1_00313.edf
# usaxs0                              0
# Operation                           Azimuthal average I(q)
# Error_model                         ErrorModel.poisson
# Geometrical_correction              True
# Transmission_correction             True
# Thickness_correction                False
# Binning mode                        Uniform
# Binning factor                      1.0
# Psi                                 0.0
# Omega                               0.2499
# MaskInvalidPixels                   True
# DetectorEdge                        3
# MaskFiles                           ['20251017__1_00233_mask.edf']
################################################################################
    q(A⁻¹)                Intensity(a.u.)            Sigma_I(a.u.)            
       0.690460              0.0152740065              0.0113319828           
       0.693100              0.0046732672             0.00280238291           
       0.695741              0.0137472876             0.00406061486           
       0.698381             0.00297957804             0.00176810006           
       0.701021             0.00679967258             0.00217990879           
       0.703662             0.00518635505             0.00176225107           
       0.706302             0.00435551584             0.00155966854           
       0.708942              0.0069017048             0.00174395241           
       0.711583              0.0056269444              0.0015743932           
       0.714223             0.00518668215             0.00131718244           
       0.716864             0.00825531287             0.00169574128           
       0.719504             0.00675117342             0.00141925137           
       0.722144             0.00489475119             0.00116713393           
       0.724785             0.00717502333             0.00138992046           
       0.727425             0.00685422782             0.00126007218           
       0.730065             0.00557510098              0.0011693219           
       0.732706             0.00785040826             0.00124776179           
       0.735346             0.00684580049             0.00125860664           
       0.737987             0.00772889053             0.00115750912           
       0.740627             0.00476767824            0.000995926094           
       0.743267             0.00625195219            0.000980995452           
       0.745908             0.00558948263            0.000994095545           
       0.748548             0.00491345123             0.00086929234           
       0.751189             0.00540950007            0.000903524883           
       0.753829             0.00593935017            0.000955280961           
       0.756469              0.0078224884             0.00103113173           
       0.759110              0.0077862039             0.00106406502           
       0.761750             0.00751548826            0.000956757908           
       0.764390             0.00737315316             0.00101725505           
       0.767031             0.00568997106            0.000808632347           
       0.769671             0.00694276224            0.000947297487           
       0.772312             0.00691574282            0.000861560697           
       0.774952             0.00683331476            0.000918117969           
       0.777592              0.0052311472            0.000734744467           
       0.780233             0.00683511468            0.000885396104           
       0.782873             0.00561873072            0.000734078641           
       0.785513              0.0057052508            0.000786874094           
       0.788154             0.00617767641            0.000752082503           
       0.790794             0.00701113545            0.000829230719           
       0.793435             0.00663603603            0.000774869388           
       0.796075             0.00618104888            0.000751785098           
       0.798715             0.00797723943            0.000849185424           
       0.801356             0.00618412295            0.000727669954           
       0.803996             0.00676380332            0.000773172241           
       0.806637             0.00557061184            0.000663262335           
       0.809277             0.00644332086            0.000746256549           
       0.811917             0.00676313609            0.000723488911           
       0.814558             0.00692953911            0.000750230549           
       0.817198              0.0071337796            0.000725810909           
       0.819838             0.00756860483            0.000779830912           
       0.822479             0.00646209227            0.000664048657           
       0.825119             0.00593937938            0.000683899043           
       0.827760             0.00658020697            0.000667013753           
       0.830400             0.00716980975            0.000733593655           
       0.833040             0.00616874517            0.000635059484           
       0.835681             0.00717580429            0.000717276158           
       0.838321             0.00599491714             0.00061363472           
       0.840961             0.00710208788            0.000698118065           
       0.843602             0.00658132717            0.000633031337           
       0.846242             0.00654004487             0.00065332273           
       0.848883             0.00768527929            0.000688937472           
       0.851523             0.00630390038            0.000628633098           
       0.854163             0.00686934547            0.000648597437           
       0.856804             0.00717642618             0.00064597351           
       0.859444             0.00638392829            0.000613643208           
       0.862085             0.00631904266            0.000601635925           
       0.864725             0.00619140741            0.000593342459           
       0.867365             0.00796696868            0.000668245301           
       0.870006             0.00606909534            0.000591382948           
       0.872646             0.00677465747            0.000597621245           
       0.875286               0.007886488            0.000666769076           
       0.877927             0.00703866602            0.000603113321           
       0.880567             0.00620954934            0.000577545544           
       0.883208             0.00746444444            0.000614933022           
       0.885848             0.00651823343            0.000589539803           
       0.888488             0.00657342464              0.0005629146           
       0.891129             0.00656087515            0.000591158779           
       0.893769             0.00710248574            0.000581399196           
       0.896410             0.00658293149            0.000576972012           
       0.899050             0.00744393695            0.000591577562           
       0.901690             0.00696903468            0.000584344103           
       0.904331             0.00772924959             0.00059390576           
       0.906971             0.00726558995            0.000594585925           
       0.909611             0.00700393772            0.000560332087           
       0.912252             0.00613240457            0.000533397282           
       0.914892             0.00643474008             0.00053254834           
       0.917533             0.00820916031            0.000615082555           
       0.920173             0.00692244726            0.000541807577           
       0.922813              0.0076830097            0.000596492032           
       0.925454             0.00709331439            0.000543947531           
       0.928094             0.00687253378            0.000546907944           
       0.930734             0.00730718843            0.000550478704           
       0.933375             0.00723222626            0.000559322236           
       0.936015             0.00741086473             0.00054173796           
       0.938656             0.00749492091            0.000567653598           
       0.941296             0.00716936522            0.000535199772           
       0.943936             0.00743807711            0.000554955094           
       0.946577             0.00776448966            0.000546057184           
       0.949217              0.0072325239            0.000545631735           
       0.951858             0.00715512991            0.000513063357           
       0.954498             0.00737510504            0.000547999319           
       0.957138             0.00620813771            0.000483244603           
       0.959779             0.00793284175             0.00055820998           
       0.962419             0.00713272218            0.000509565311           
       0.965059             0.00705615213            0.000521218845           
       0.967700             0.00774168122             0.00052829624           
       0.970340             0.00756406307            0.000536874372           
       0.972981             0.00788882829            0.000529378822           
       0.975621             0.00663101702            0.000495507063           
       0.978261             0.00728377269             0.00049549973           
       0.980902             0.00738807425            0.000522796453           
       0.983542             0.00833759217            0.000539205293           
       0.986182             0.00756057294             0.00052022735           
       0.988823             0.00820722564            0.000524529839           
       0.991463             0.00807477056            0.000532706849           
       0.994104             0.00810288605            0.000515646083           
       0.996744             0.00728212727            0.000504685819           
       0.999384             0.00679818964            0.000471077693           
       1.002025             0.00752477798            0.000509412367           
       1.004665             0.00727585138            0.000480397072           
       1.007306             0.00725632206            0.000495827466           
       1.009946             0.00683426568              0.0004626811           
       1.012586             0.00698937876             0.00048136167           
       1.015227             0.00726822489            0.000476011528           
       1.017867             0.00753477562            0.000498550205           
       1.020507              0.0067834528            0.000455233454           
       1.023148             0.00723806935            0.000475920401           
       1.025788             0.00794537359            0.000493526097           
       1.028429             0.00791330178            0.000503296076           
       1.031069             0.00793851649            0.000485672766           
       1.033709             0.00767545269            0.000486728451           
       1.036350             0.00772948386            0.000475630785           
       1.038990             0.00882738917            0.000520837702           
       1.041630             0.00822158231            0.000492977822           
       1.044271             0.00786842835            0.000482327958           
       1.046911             0.00772964762            0.000469173281           
       1.049552             0.00790514762            0.000491568388           
       1.052192             0.00757784496             0.00045964177           
       1.054832             0.00826701874            0.000489424576           
       1.057473             0.00760641789            0.000463519786           
       1.060113             0.00813984431            0.000484689709           
       1.062754             0.00768412417            0.000465717809           
       1.065394             0.00826666279            0.000477966226           
       1.068034             0.00782831779            0.000463320677           
       1.070675              0.0083549634            0.000487070767           
       1.073315             0.00821744756            0.000468280617           
       1.075955               0.007986019            0.000469381743           
       1.078596             0.00868891196            0.000488634852           
       1.081236             0.00786807366            0.000458085142           
       1.083877             0.00839664743            0.000488004913           
       1.086517             0.00814926723            0.000469886925           
       1.089157             0.00675940386            0.000431082895           
       1.091798             0.00890681695            0.000484359097           
       1.094438             0.00742168329            0.000449164471           
       1.097078             0.00821162513            0.000460322874           
       1.099719             0.00821927912            0.000472340456           
       1.102359             0.00775404424            0.000434609103           
       1.105000              0.0082412369            0.000465700572           
       1.107640             0.00836628389            0.000453924945           
       1.110280             0.00814316894            0.000456798483           
       1.112921             0.00861633409            0.000461380216           
       1.115561             0.00862380546            0.000467437962           
       1.118202             0.00829593841            0.000445084982           
       1.120842             0.00942879527            0.000489452735           
       1.123482             0.00816841921            0.000442786975           
       1.126123             0.00830877606            0.000449361957           
       1.128763             0.00921502142            0.000470886798           
       1.131403             0.00822767388            0.000444253874           
       1.134044             0.00799271229             0.00043710455           
       1.136684             0.00773780166            0.000433309914           
       1.139325             0.00849571983            0.000441242948           
       1.141965             0.00864735028            0.000450985197           
       1.144605             0.00839737588            0.000447029391           
       1.147246             0.00865658472            0.000445280485           
       1.149886             0.00862271455              0.0004475691           
       1.152527             0.00910293624            0.000460324188           
       1.155167             0.00889225904            0.000448569331           
       1.157807             0.00847361471             0.00043818446           
       1.160448             0.00878195009             0.00045218897           
       1.163088             0.00870263939             0.00043344231           
       1.165728             0.00935842603            0.000468003312           
       1.168369             0.00780581883            0.000412163145           
       1.171009             0.00913322771            0.000449529187           
       1.173650              0.0093457196            0.000451449344           
       1.176290             0.00859041859            0.000437901094           
       1.178930             0.00880572507            0.000430891603           
       1.181571             0.00902987762            0.000450592969           
       1.184211             0.00829921531            0.000418931935           
       1.186851             0.00948995679               0.000452109           
       1.189492             0.00854421657            0.000431372173           
       1.192132             0.00878092145            0.000430830004           
       1.194773             0.00954074294            0.000446374042           
       1.197413             0.00965388824            0.000452675831           
       1.200053             0.00926124612             0.00044058508           
       1.202694             0.00939166538             0.00044033303           
       1.205334             0.00975345036            0.000453639473           
       1.207975             0.00985696952            0.000447104995           
       1.210615             0.00922750905            0.000441741255           
       1.213255             0.00862194467            0.000415704038           
       1.215896             0.00955378812            0.000445886647           
       1.218536              0.0090030577            0.000420377326           
       1.221176             0.00925707777            0.000436440989           
       1.223817             0.00942918277            0.000431300876           
       1.226457             0.00892755739            0.000425002181           
       1.229098             0.00891549223            0.000418271617           
       1.231738             0.00940883605            0.000435739129           
       1.234378             0.00957345847            0.000430994259           
       1.237019             0.00908415941            0.000423222123           
       1.239659              0.0101236855            0.000446539899           
       1.242299             0.00998504594            0.000441204598           
       1.244940              0.0101584821              0.0004402162           
       1.247580             0.00982519974             0.00043484621           
       1.250221             0.00925785197            0.000428994812           
       1.252861             0.00975464756            0.000423948712           
       1.255501             0.00958967455             0.00043221664           
       1.258142              0.0102214176            0.000437404387           
       1.260782             0.00951441351            0.000426772798           
       1.263423              0.0111598776            0.000453048718           
       1.266063              0.0100766473            0.000438524001           
       1.268703             0.00967876884            0.000418950914           
       1.271344             0.00952629753            0.000424690511           
       1.273984              0.0101144644            0.000430773314           
       1.276624              0.0101640798            0.000429193798           
       1.279265              0.0101577434             0.00042999677           
       1.281905             0.00991036972            0.000427346543           
       1.284546             0.00989014898            0.000422246601           
       1.287186              0.0104290482            0.000434014366           
       1.289826              0.0103309655            0.000434208695           
       1.292467             0.00873431752            0.000392122002           
       1.295107              0.0102593552            0.000432469152           
       1.297747              0.0103310355            0.000422594297           
       1.300388             0.00981942615             0.00042257745           
       1.303028              0.0103032902            0.000421856387           
       1.305669              0.0100671252            0.000422381157           
       1.308309             0.00989255379            0.000412407309           
       1.310949              0.0102929137            0.000425912987           
       1.313590              0.0101169032            0.000415720949           
       1.316230              0.0102239032            0.000425436039           
       1.318871              0.0103992628            0.000419812507           
       1.321511              0.0100861182            0.000415515352           
       1.324151              0.0104802641            0.000425229974           
       1.326792              0.0107679808            0.000427535852           
       1.329432             0.00988144651            0.000411694615           
       1.332072              0.0103288961            0.000413694927           
       1.334713              0.0106339123            0.000424964568           
       1.337353              0.0109337521            0.000424285724           
       1.339994             0.00988971549            0.000409268165           
       1.342634              0.0107894414            0.000417856138           
       1.345274              0.0120386355            0.000447153671           
       1.347915              0.0108192942             0.00042503109           
       1.350555             0.00996257757            0.000406262814           
       1.353195              0.0112361834            0.000423196334           
       1.355836               0.010556518             0.00041793689           
       1.358476              0.0105574587            0.000416780023           
       1.361117             0.00988894601            0.000393249828           
       1.363757              0.0103108833            0.000414859415           
       1.366397              0.0108692772            0.000412680548           
       1.369038             0.00982317366            0.000400588194           
       1.371678              0.0108509059            0.000412521084           
       1.374319              0.0108122894            0.000415052306           
       1.376959              0.0100877996            0.000395386454           
       1.379599               0.010359909            0.000408493683           
       1.382240              0.0105068444             0.00040356675           
       1.384880              0.0100357683            0.000399258637           
       1.387520              0.0112044613            0.000416933589           
       1.390161              0.0108288305            0.000408771088           
       1.392801              0.0105479979            0.000405840331           
       1.395442              0.0102413461            0.000395754022           
       1.398082              0.0103334773            0.000398890528           
       1.400722              0.0108236269            0.000406396982           
       1.403363              0.0109018494            0.000411647742           
       1.406003              0.0105801553            0.000395570945           
       1.408644              0.0106696272            0.000405579559           
       1.411284              0.0113969846            0.000416877169           
       1.413924              0.0107349135            0.000399597404           
       1.416565               0.010232242             0.00038967088           
       1.419205              0.0109364827            0.000406825784           
       1.421845              0.0108443589            0.000400015782           
       1.424486              0.0108294477            0.000401505423           
       1.427126              0.0109879742            0.000404178283           
       1.429767              0.0112257331            0.000402232353           
       1.432407              0.0107780144            0.000404058256           
       1.435047               0.010410231             0.00038517125           
       1.437688              0.0108974102            0.000402807722           
       1.440328              0.0100460818            0.000379258917           
       1.442968              0.0108410713            0.000399433267           
       1.445609              0.0102507832            0.000382018108           
       1.448249              0.0106096264            0.000391160073           
       1.450890             0.00955310435             0.00036852553           
       1.453530             0.00994582646            0.000378809424           
       1.456170              0.0108275803            0.000394354852           
       1.458811             0.00980888143            0.000372359338           
       1.461451              0.0104775649            0.000387671131           
       1.464092              0.0101921561            0.000379021743           
       1.466732              0.0107207868            0.000386342466           
       1.469372             0.00969895405            0.000366340164           
       1.472013              0.0103742971            0.000385658281           
       1.474653              0.0104992187            0.000378393537           
       1.477293              0.0107540295             0.00038940378           
       1.479934              0.0103848289            0.000378655915           
       1.482574              0.0117559216            0.000401883581           
       1.485215              0.0112772139            0.000394629638           
       1.487855              0.0112531064            0.000394126175           
       1.490495               0.010324868             0.00037670862           
       1.493136               0.010903332            0.000382040892           
       1.495776             0.00998230907            0.000371922329           
       1.498416              0.0103906854            0.000372082035           
       1.501057              0.0100537367            0.000369147462           
       1.503697             0.00988279346            0.000362476768           
       1.506338             0.00934205333            0.000355012497           
       1.508978             0.00983878925            0.000362177508           
       1.511618              0.0103711226            0.000371658436           
       1.514259              0.0104508307            0.000373757718           
       1.516899              0.0104005847            0.000373031784           
       1.519540              0.0103032093            0.000369221035           
       1.522180             0.00935503959             0.00034742833           
       1.524820              0.0105009948            0.000375527643           
       1.527461              0.0103745555            0.000365002773           
       1.530101              0.0104546174            0.000370196866           
       1.532741              0.0101436658            0.000362922267           
       1.535382              0.0100247899            0.000361583958           
       1.538022              0.0107049003            0.000370342268           
       1.540663              0.0104153015             0.00036875094           
       1.543303             0.00977689698            0.000352824989           
       1.545943              0.0102208631            0.000362768645           
       1.548584              0.0102016694            0.000364357808           
       1.551224              0.0105679783            0.000361334267           
       1.553864             0.00987104605            0.000358339247           
       1.556505              0.0103125505            0.000360631087           
       1.559145             0.00944658721            0.000345955652           
       1.561786              0.0101858965            0.000357610822           
       1.564426              0.0102574659            0.000358540824           
       1.567066             0.00997145987            0.000350747774           
       1.569707             0.00978015689            0.000352395914           
       1.572347              0.0101410645            0.000354183418           
       1.574988             0.00915895989            0.000335264863           
       1.577628             0.00946869279            0.000348561626           
       1.580268             0.00922695274            0.000332209142           
       1.582909             0.00954066526            0.000344127834           
       1.585549             0.00936916203            0.000337833836           
       1.588189             0.00948543304            0.000343720233           
       1.590830             0.00916609624            0.000332084851           
       1.593470             0.00919989627            0.000335413465           
       1.596111             0.00939868073            0.000336088415           
       1.598751             0.00998397624            0.000349936311           
       1.601391             0.00912174548            0.000332346121           
       1.604032             0.00933137072            0.000333336143           
       1.606672             0.00926185824            0.000338776201           
       1.609312              0.0094780165            0.000332509374           
       1.611953             0.00890647503            0.000326999337           
       1.614593             0.00893951755            0.000325113673           
       1.617234             0.00921847226            0.000332018641           
       1.619874             0.00928191892            0.000329239888           
       1.622514             0.00877873005             0.00032302303           
       1.625155              0.0091956419            0.000329786827           
       1.627795             0.00916410805             0.00032589406           
       1.630436             0.00895074171            0.000325315189           
       1.633076              0.0086192806            0.000317612959           
       1.635716             0.00911911158            0.000326122643           
       1.638357             0.00873873463             0.00031789218           
       1.640997             0.00884400569            0.000322302155           
       1.643637              0.0088006892            0.000315541729           
       1.646278             0.00889908853            0.000322050319           
       1.648918             0.00897489201            0.000319249506           
       1.651559             0.00847922699             0.00031421013           
       1.654199             0.00824443072            0.000305582309           
       1.656839             0.00856088671            0.000311308012           
       1.659480             0.00897581223            0.000321570345           
       1.662120             0.00857203628            0.000310043096           
       1.664761              0.0093403982             0.00032714453           
       1.667401             0.00848747528            0.000308945186           
       1.670041             0.00910550248            0.000320361885           
       1.672682             0.00889966586            0.000313739891           
       1.675322             0.00801220557            0.000302949733           
       1.677962             0.00888345928            0.000312660989           
       1.680603             0.00862167489            0.000310753336           
       1.683243             0.00806479982            0.000298326645           
       1.685884             0.00905733041            0.000317354646           
       1.688524             0.00884110347            0.000312661485           
       1.691164             0.00830324062            0.000302222827           
       1.693805             0.00864762181            0.000310920709           
       1.696445               0.008913216            0.000311278102           
       1.699085             0.00857300212             0.00030649842           
       1.701726             0.00815360336            0.000295019284           
       1.704366             0.00801373212            0.000299594523           
       1.707007             0.00825058535            0.000297502729           
       1.709647             0.00846062006             0.00030500893           
       1.712287              0.0083098481            0.000297227347           
       1.714928             0.00842622408            0.000302310958           
       1.717568             0.00829432699            0.000297177472           
       1.720209             0.00880592366            0.000308096196           
       1.722849             0.00782069357             0.00029081533           
       1.725489             0.00862778789            0.000300584429           
       1.728130             0.00836035044            0.000301912496           
       1.730770             0.00847844746            0.000297610798           
       1.733410             0.00841909476            0.000300460503           
       1.736051             0.00902461516            0.000306249289           
       1.738691             0.00820834909            0.000295052359           
       1.741332             0.00814747641            0.000292146737           
       1.743972             0.00836825651            0.000296188389           
       1.746612             0.00811414918            0.000291723847           
       1.749253              0.0081739209            0.000294061697           
       1.751893             0.00852256597            0.000298466118           
       1.754533             0.00816170103            0.000288070177           
       1.757174             0.00820449991            0.000294224539           
       1.759814             0.00793522344            0.000284944559           
       1.762455             0.00824750048             0.00029297034           
       1.765095             0.00808873848            0.000286062373           
       1.767735             0.00830025264            0.000294702404           
       1.770376             0.00783080711            0.000281906221           
       1.773016              0.0080327351            0.000285968363           
       1.775657             0.00826934692             0.00029074398           
       1.778297             0.00771381775            0.000282181937           
       1.780937             0.00871106431            0.000298468688           
       1.783578             0.00851317139            0.000293673481           
       1.786218             0.00842902111            0.000296881517           
       1.788858             0.00868735319            0.000293908313           
       1.791499             0.00838793307            0.000294121559           
       1.794139             0.00804981472            0.000282811905           
       1.796780             0.00836706439            0.000290044195           
       1.799420             0.00876387886            0.000296464384           
       1.802060             0.00890854217            0.000295224902           
       1.804701             0.00869120454            0.000295513508           
       1.807341             0.00864283444            0.000291842556           
       1.809981             0.00881496027            0.000296691721           
       1.812622             0.00891191076            0.000296693507           
       1.815262             0.00896114509            0.000298572728           
       1.817903             0.00845827826            0.000286490644           
       1.820543             0.00823846361             0.00028623819           
       1.823183             0.00898333932            0.000294292807           
       1.825824             0.00825475485            0.000286348737           
       1.828464             0.00847481712            0.000289250294           
       1.831105             0.00860578682            0.000292605202           
       1.833745             0.00817781538            0.000285058661           
       1.836385             0.00828262913            0.000285763851           
       1.839026             0.00839288123            0.000291983709           
       1.841666             0.00837179187            0.000287830078           
       1.844306             0.00830709775            0.000290335487           
       1.846947             0.00867938767            0.000292956279           
       1.849587             0.00802939638            0.000285594869           
       1.852228             0.00818074679            0.000285207935           
       1.854868             0.00826098493             0.00029185971           
       1.857508             0.00826408255            0.000286524272           
       1.860149              0.0080663822            0.000285345278           
       1.862789             0.00878428158            0.000299090004           
       1.865429              0.0079475648            0.000285346918           
       1.868070             0.00840646686            0.000292455387           
       1.870710             0.00814384148            0.000288634771           
       1.873351             0.00815703131            0.000290712576           
       1.875991             0.00843884872            0.000297291342           
       1.878631             0.00809726278            0.000288505645           
       1.881272             0.00865421676            0.000297564125           
       1.883912             0.00815716853            0.000292280668           
       1.886553             0.00829168453            0.000291145906           
       1.889193             0.00822522627            0.000293326489           
       1.891833             0.00830914185            0.000291463976           
       1.894474             0.00787832384            0.000286053589           
       1.897114             0.00810968587            0.000287972276           
       1.899754             0.00771066365            0.000283947456           
       1.902395             0.00838498714            0.000296166464           
       1.905035             0.00788974394            0.000286161251           
       1.907676              0.0084636661            0.000296731212           
       1.910316             0.00766393172            0.000284164697           
       1.912956             0.00890291011             0.00030626195           
       1.915597             0.00811346537            0.000289320219           
       1.918237              0.0083047963            0.000297155006           
       1.920878             0.00824173241            0.000290785689           
       1.923518             0.00814894934            0.000296826424           
       1.926158             0.00821020122            0.000291093524           
       1.928799             0.00825942642            0.000295844628           
       1.931439             0.00847586908            0.000297294199           
       1.934079             0.00779095861            0.000287915925           
       1.936720             0.00821215794            0.000293856422           
       1.939360             0.00786508361             0.00029035133           
       1.942001             0.00772643605            0.000286673672           
       1.944641             0.00747048529             0.00028067074           
       1.947281             0.00744008016            0.000281452242           
       1.949922             0.00784963256            0.000289456829           
       1.952562             0.00813110394            0.000297135837           
       1.955202             0.00817169609            0.000290392521           
       1.957843             0.00808580999            0.000298038661           
       1.960483             0.00746074933            0.000281720788           
       1.963124             0.00744252039            0.000281167755           
       1.965764             0.00808936916            0.000293236527           
       1.968404             0.00756703572            0.000288682947           
       1.971045             0.00738766099            0.000278090664           
       1.973685             0.00785357861            0.000292076443           
       1.976326             0.00786295895            0.000290976645           
       1.978966             0.00799884887             0.00029486899           
       1.981606             0.00813313741            0.000294189417           
       1.984247             0.00737870236            0.000282656178           
       1.986887             0.00790495488            0.000295298331           
       1.989527             0.00770466608            0.000285459693           
       1.992168             0.00787631451             0.00029558557           
       1.994808             0.00788483733            0.000292305479           
       1.997449             0.00842999988             0.00030179846           
       2.000089             0.00774836392             0.00028763611           
       2.002729             0.00840875256            0.000306509184           
       2.005370              0.0070482251            0.000275284912           
       2.008010             0.00780865095            0.000293601705           
       2.010650             0.00823104679            0.000300575749           
       2.013291             0.00718966814            0.000282517779           
       2.015931             0.00779685569            0.000292100052           
       2.018572              0.0076408311            0.000293003046           
       2.021212             0.00741807833            0.000286109501           
       2.023852             0.00739750869            0.000287213457           
       2.026493             0.00740562312            0.000286111582           
       2.029133             0.00758880503            0.000287419107           
       2.031774              0.0076150603            0.000290707988           
       2.034414             0.00741333932            0.000285119995           
       2.037054             0.00745715973            0.000289567183           
       2.039695             0.00740752035            0.000282917102           
       2.042335             0.00693379002            0.000278380114           
       2.044975             0.00740856002            0.000285453179           
       2.047616             0.00775802084            0.000293359702           
       2.050256             0.00826623858            0.000299254082           
       2.052897              0.0077784561            0.000298888046           
       2.055537             0.00729352743            0.000281530657           
       2.058177             0.00746227469            0.000287284301           
       2.060818             0.00743840791            0.000287685608           
       2.063458             0.00745839741            0.000288468674           
       2.066098             0.00767774567            0.000291380961           
       2.068739             0.00706645604             0.00028245544           
       2.071379             0.00763093846            0.000289185652           
       2.074020             0.00785026936            0.000297328717           
       2.076660             0.00807053966            0.000299427708           
       2.079300             0.00712494641             0.00028129925           
       2.081941             0.00708102739              0.0002821358           
       2.084581              0.0079053111            0.000298326012           
       2.087222             0.00783446143             0.00029718848           
       2.089862             0.00724589271            0.000282245014           
       2.092502             0.00742854277            0.000290972818           
       2.095143             0.00756246514             0.00028938808           
       2.097783             0.00771070598            0.000296657147           
       2.100423             0.00721167642            0.000281395769           
       2.103064             0.00715890171            0.000285204957           
       2.105704             0.00714669117            0.000283871468           
       2.108345             0.00775480126            0.000297059776           
       2.110985               0.007001811            0.000278304603           
       2.113625               0.007611879             0.00029474769           
       2.116266             0.00775908888            0.000295381613           
       2.118906             0.00715218875            0.000283388151           
       2.121546             0.00768144026            0.000293453009           
       2.124187             0.00686203329            0.000281196229           
       2.126827             0.00729881212            0.000285459325           
       2.129468               0.007308977            0.000288639065           
       2.132108             0.00687950758            0.000279451144           
       2.134748             0.00721031766            0.000285012962           
       2.137389             0.00761692956            0.000295392677           
       2.140029              0.0077924236             0.00029805066           
       2.142670             0.00696320632            0.000282206811           
       2.145310             0.00739825599            0.000292000497           
       2.147950             0.00724673826            0.000290112123           
       2.150591             0.00772167766            0.000296721609           
       2.153231             0.00755404075            0.000297821972           
       2.155871             0.00771199718            0.000296573671           
       2.158512             0.00712673438            0.000290235438           
       2.161152             0.00726068136            0.000285632384           
       2.163793             0.00731163906            0.000291296874           
       2.166433             0.00720567971            0.000284163821           
       2.169073             0.00744138321            0.000295516238           
       2.171714             0.00735834497             0.00028788015           
       2.174354             0.00783052429            0.000301511114           
       2.176995             0.00762819232            0.000295121708           
       2.179635             0.00737970721            0.000295768691           
       2.182275             0.00760187753            0.000294228841           
       2.184916              0.0073812129            0.000296054575           
       2.187556             0.00738045768            0.000291273459           
       2.190196              0.0071660513            0.000291522667           
       2.192837             0.00730862288             0.00029118443           
       2.195477             0.00745742042            0.000296970899           
       2.198118             0.00729204285            0.000288238111           
       2.200758             0.00736871024            0.000294248996           
       2.203398             0.00689428052            0.000279898928           
       2.206039             0.00733512884            0.000293122086           
       2.208679             0.00718743131            0.000287315655           
       2.211319             0.00750510041            0.000294978325           
       2.213960             0.00749318289            0.000291610188           
       2.216600             0.00710172953            0.000290579896           
       2.219241             0.00674064536            0.000278980572           
       2.221881             0.00712098008            0.000288237831           
       2.224521             0.00675317834            0.000279721755           
       2.227162             0.00677502665            0.000284574536           
       2.229802             0.00703669914            0.000285310362           
       2.232443             0.00678534923            0.000281269851           
       2.235083             0.00750811322            0.000294096926           
       2.237723             0.00746344966            0.000295467961           
       2.240364             0.00708427226            0.000286400373           
       2.243004             0.00770442205            0.000299575336           
       2.245644             0.00708753766            0.000286668294           
       2.248285              0.0071377515            0.000289549507           
       2.250925              0.0067548075             0.00028035803           
       2.253566             0.00731883566            0.000292541949           
       2.256206             0.00717653894            0.000288816374           
       2.258846              0.0072075484            0.000289442263           
       2.261487             0.00704038546            0.000286560946           
       2.264127             0.00670708246            0.000282341992           
       2.266767             0.00652272377            0.000273934235           
       2.269408             0.00731691765            0.000293578025           
       2.272048             0.00704925108            0.000286385615           
       2.274689             0.00709754947            0.000288495034           
       2.277329             0.00726707626            0.000291532189           
       2.279969             0.00702575949            0.000287519714           
       2.282610             0.00719717704            0.000288168188           
       2.285250               0.007092561            0.000290565276           
       2.287891             0.00739483009            0.000293698349           
       2.290531             0.00731676025            0.000293584552           
       2.293171             0.00736578489            0.000294551943           
       2.295812             0.00732956538            0.000292267349           
       2.298452             0.00712466933            0.000289998807           
       2.301092             0.00691364473            0.000287486454           
       2.303733              0.0069344187            0.000282223179           
       2.306373             0.00668336152             0.00028384403           
       2.309014             0.00706725058            0.000286257528           
       2.311654             0.00679998058            0.000283457356           
       2.314294             0.00722571507            0.000291558127           
       2.316935             0.00688517481            0.000285729641           
       2.319575             0.00674996216            0.000281850729           
       2.322215             0.00684661111            0.000287906351           
       2.324856             0.00692650328            0.000282309177           
       2.327496             0.00709704392            0.000292766912           
       2.330137             0.00756212609            0.000296634015           
       2.332777             0.00694151005            0.000287309604           
       2.335417              0.0073285959            0.000294325448           
       2.338058               0.007518398            0.000299305566           
       2.340698             0.00692497673            0.000284422607           
       2.343339             0.00697516799            0.000290898672           
       2.345979             0.00692355212            0.000284037073           
       2.348619             0.00728676837            0.000296895136           
       2.351260             0.00704395953            0.000285701556           
       2.353900             0.00715063815            0.000293954393           
       2.356540             0.00698320192            0.000286497239           
       2.359181             0.00749844664            0.000300848436           
       2.361821             0.00745972491            0.000296414495           
       2.364462              0.0070035068            0.000292007575           
       2.367102              0.0067343749             0.00027806162           
       2.369742             0.00668877478            0.000287049668           
       2.372383             0.00664016541            0.000277667431           
       2.375023             0.00727797691            0.000298271063           
       2.377663              0.0073015627            0.000292405285           
       2.380304             0.00714231652            0.000293210734           
       2.382944             0.00720918298            0.000291698763           
       2.385585             0.00777447589            0.000305783126           
       2.388225             0.00723043798            0.000293557762           
       2.390865             0.00723935583            0.000294490922           
       2.393506             0.00712624176            0.000290834665           
       2.396146             0.00684609197            0.000286005476           
       2.398787             0.00705192023            0.000290526926           
       2.401427              0.0068414733            0.000284421518           
       2.404067             0.00660922219            0.000283818944           
       2.406708             0.00732107511            0.000294958139           
       2.409348             0.00705438968            0.000291714171           
       2.411988             0.00716797141            0.000293114083           
       2.414629             0.00714258704            0.000293551962           
       2.417269             0.00741630115            0.000296407279           
       2.419910             0.00704588711            0.000292553685           
       2.422550             0.00700998937            0.000287377898           
       2.425190             0.00695833998            0.000295331916           
       2.427831             0.00748520988            0.000294788969           
       2.430471             0.00697190316            0.000292818119           
       2.433112             0.00697060035            0.000285882012           
       2.435752             0.00746956163            0.000303429006           
       2.438392             0.00668339391            0.000282193071           
       2.441033             0.00729771866            0.000296228563           
       2.443673               0.007555663            0.000302223233           
       2.446313             0.00716302418            0.000292697951           
       2.448954             0.00671500593            0.000285883336           
       2.451594               0.007272582              0.0002957306           
       2.454235             0.00697695636            0.000288756328           
       2.456875             0.00735896311            0.000298058227           
       2.459515             0.00750499417            0.000301465139           
       2.462156             0.00766392435            0.000303070033           
       2.464796             0.00788814733            0.000312895107           
       2.467436             0.00813931289            0.000311172958           
       2.470077             0.00742147608            0.000301231887           
       2.472717             0.00767164084            0.000302434618           
       2.475358             0.00758422584            0.000304113482           
       2.477998             0.00751950734            0.000301197612           
       2.480638              0.0078107712            0.000307721432           
       2.483279             0.00701408689            0.000292858668           
       2.485919             0.00726434195            0.000295950481           
       2.488560             0.00701389208            0.000292010284           
       2.491200             0.00710468808            0.000293491328           
       2.493840             0.00693788084            0.000288446435           
       2.496481             0.00712312273            0.000296093831           
       2.499121             0.00715022357            0.000292706715           
       2.501761             0.00706233822            0.000295841966           
       2.504402             0.00713787965            0.000291720203           
       2.507042             0.00662754371            0.000285771063           
       2.509683             0.00764577221            0.000304144132           
       2.512323             0.00714530439              0.0002951728           
       2.514963              0.0137793975            0.000410718199           
       2.517604              0.0285571034            0.000588955313           
       2.520244              0.0371848425             0.00067220724           
       2.522884             0.00902338595            0.000330410566           
       2.525525             0.00953173257            0.000342379566           
       2.528165               0.017674963            0.000464101708           
       2.530806               0.022497607            0.000521637469           
       2.533446              0.0112196351            0.000371648513           
       2.536086              0.0129368514            0.000395728227           
       2.538727              0.0112600426            0.000371559243           
       2.541367               0.010869805            0.000364020052           
       2.544008             0.00749544537            0.000302538673           
       2.546648             0.00740688531            0.000301087592           
       2.549288             0.00734013946            0.000299771068           
       2.551929             0.00697420883             0.00029316844           
       2.554569             0.00643652726            0.000279067089           
       2.557209             0.00696260993            0.000293527184           
       2.559850             0.00734894035            0.000298092949           
       2.562490             0.00756313713            0.000304607823           
       2.565131             0.00719453199            0.000297609167           
       2.567771             0.00732624367            0.000298729297           
       2.570411             0.00670739421            0.000289312405           
       2.573052             0.00783810536            0.000309098139           
       2.575692             0.00677322773            0.000288097323           
       2.578332             0.00742611764            0.000300772045           
       2.580973             0.00769059192             0.00030856276           
       2.583613             0.00759019662             0.00030374864           
       2.586254             0.00714154354            0.000297241295           
       2.588894             0.00659029831            0.000284015974           
       2.591534             0.00703195963            0.000293918223           
       2.594175             0.00699225618            0.000294788599           
       2.596815             0.00703956254            0.000293034057           
       2.599456             0.00716892915            0.000298133811           
       2.602096             0.00677634615             0.00028877101           
       2.604736             0.00693946655            0.000292992404           
       2.607377             0.00682912193            0.000289542134           
       2.610017              0.0067753519            0.000288299246           
       2.612657             0.00686854813            0.000292325766           
       2.615298             0.00656886886            0.000283081087           
       2.617938             0.00688938504            0.000292441179           
       2.620579             0.00696655956            0.000291672384           
       2.623219             0.00719894613            0.000301239926           
       2.625859             0.00671363887            0.000286006015           
       2.628500             0.00751037977            0.000307335819           
       2.631140             0.00726829227            0.000297010298           
       2.633780             0.00654996596            0.000285573186           
       2.636421             0.00698588561            0.000292239293           
       2.639061             0.00692290882            0.000294397407           
       2.641702             0.00720852835            0.000297197654           
       2.644342             0.00715941003            0.000298613002           
       2.646982             0.00755647162            0.000306521373           
       2.649623             0.00725398638            0.000302124096           
       2.652263             0.00718107759            0.000298209983           
       2.654904             0.00722219912            0.000300686431           
       2.657544             0.00696228241            0.000293149116           
       2.660184              0.0074427884            0.000303483975           
       2.662825             0.00712102727            0.000297563032           
       2.665465             0.00696327152            0.000294792753           
       2.668105             0.00699307277            0.000295539876           
       2.670746             0.00678796175             0.00028870971           
       2.673386             0.00719602244            0.000300863684           
       2.676027              0.0069204903            0.000292539297           
       2.678667             0.00797295884            0.000315629409           
       2.681307             0.00704628724            0.000294387463           
       2.683948             0.00738259314            0.000304323457           
       2.686588             0.00758440789            0.000305624421           
       2.689229             0.00730577979             0.00030265011           
       2.691869             0.00768628331            0.000307332888           
       2.694509             0.00770391695            0.000311904769           
       2.697150             0.00736295058             0.00030005768           
       2.699790             0.00692416736            0.000297023928           
       2.702430             0.00687345953            0.000290260407           
       2.705071             0.00672246642            0.000290983156           
       2.707711             0.00646961695            0.000282627706           
       2.710352             0.00690483903            0.000293641313           
       2.712992             0.00716536573            0.000300102271           
       2.715632             0.00704258627            0.000295827638           
       2.718273             0.00622909208            0.000279141506           
       2.720913             0.00706521639            0.000297782555           
       2.723553             0.00635430023            0.000281422385           
       2.726194             0.00700991271            0.000297009657           
       2.728834             0.00694168033            0.000292933293           
       2.731475             0.00648679737            0.000285647691           
       2.734115             0.00641905746            0.000282459115           
       2.736755              0.0066789644            0.000290025352           
       2.739396             0.00690754702             0.00029338688           
       2.742036             0.00684449909            0.000294038247           
       2.744677             0.00705464436            0.000298954468           
       2.747317             0.00742881106            0.000305289671           
       2.749957             0.00749551752            0.000308881931           
       2.752598             0.00728239538            0.000305375846           
       2.755238             0.00691621879            0.000297465183           
       2.757878             0.00716114905            0.000301824745           
       2.760519             0.00729035367             0.00030131995           
       2.763159             0.00700171989            0.000300096352           
       2.765800             0.00754395703            0.000306223195           
       2.768440             0.00658777096            0.000289928916           
       2.771080             0.00627083484            0.000280485004           
       2.773721             0.00669367893            0.000293342419           
       2.776361             0.00637526055            0.000283205512           
       2.779001             0.00714468569            0.000302960214           
       2.781642             0.00643380608            0.000285531786           
       2.784282               0.006987661            0.000297671923           
       2.786923             0.00733905293            0.000302744586           
       2.789563             0.00650276337            0.000285546536           
       2.792203             0.00659519197            0.000289399226           
       2.794844             0.00682744286            0.000293110958           
       2.797484             0.00669820645            0.000290732627           
       2.800125             0.00679884818             0.00029253012           
       2.802765             0.00656143601            0.000292704659           
       2.805405             0.00678861848            0.000293431108           
       2.808046             0.00712933836            0.000305315458           
       2.810686             0.00638233183            0.000285799469           
       2.813326             0.00706288479            0.000304370805           
       2.815967             0.00657407501            0.000291798909           
       2.818607             0.00674877764            0.000298606116           
       2.821248             0.00650175492            0.000289435775           
       2.823888             0.00677171306            0.000300141145           
       2.826528             0.00665761755            0.000295826334           
       2.829169             0.00644474152            0.000289773429           
       2.831809             0.00664576076            0.000294515735           
       2.834449             0.00660407364            0.000288465994           
       2.837090              0.0065426937            0.000288850224           
       2.839730             0.00700849761            0.000296832699           
       2.842371             0.00670838203            0.000292431128           
       2.845011             0.00694872718            0.000296959794           
       2.847651              0.0066720121            0.000291521288           
       2.850292             0.00686968613            0.000294127527           
       2.852932             0.00658492285             0.00028848329           
       2.855573             0.00709202011            0.000302014553           
       2.858213             0.00704707065            0.000297678014           
       2.860853             0.00659680949            0.000290166965           
       2.863494             0.00696871968            0.000298952345           
       2.866134             0.00708410073            0.000305644936           
       2.868774             0.00728316424            0.000305165542           
       2.871415             0.00728878679            0.000308304837           
       2.874055             0.00662825059             0.00029545961           
       2.876696             0.00689014348            0.000298527558           
       2.879336             0.00637358541            0.000289025087           
       2.881976             0.00677455008            0.000297732524           
       2.884617             0.00677812122              0.0002961566           
       2.887257             0.00687423881            0.000296169497           
       2.889897             0.00705586294            0.000303495807           
       2.892538             0.00639307816            0.000286887072           
       2.895178             0.00683380091             0.00029358616           
       2.897819             0.00661157745            0.000291743265           
       2.900459             0.00712560859            0.000300364458           
       2.903099             0.00642344069            0.000286670592           
       2.905740             0.00632490874            0.000281288118           
       2.908380             0.00646870842            0.000288259937           
       2.911021             0.00707612611            0.000302063389           
       2.913661             0.00674607141            0.000291688936           
       2.916301             0.00744914992            0.000310872677           
       2.918942              0.0065533133            0.000287182409           
       2.921582              0.0064925196            0.000288846264           
       2.924222             0.00680939507            0.000294095292           
       2.926863             0.00710105483            0.000301125327           
       2.929503             0.00720651976            0.000306720749           
       2.932144             0.00726195832            0.000302848429           
       2.934784              0.0074072086            0.000307161996           
       2.937424             0.00796456776            0.000319097815           
       2.940065             0.00690010983            0.000297251493           
       2.942705             0.00655134187            0.000290521848           
       2.945346             0.00704865867            0.000299567131           
       2.947986             0.00702588786            0.000300128755           
       2.950626             0.00765253908            0.000314190515           
       2.953267             0.00982005371             0.00035213473           
       2.955907             0.00987267304            0.000357744902           
       2.958547             0.00900642464            0.000338186395           
       2.961188              0.0079073609            0.000319646945           
       2.963828             0.00754606695            0.000310489511           
       2.966469              0.0064541385            0.000287219485           
       2.969109             0.00722923973            0.000305531877           
       2.971749             0.00710731627            0.000302053418           
       2.974390             0.00825774432            0.000326476351           
       2.977030             0.00979674337            0.000354923344           
       2.979670              0.0089292941            0.000336661328           
       2.982311             0.00789384368            0.000318824679           
       2.984951              0.0071732691            0.000304710702           
       2.987592             0.00777265623            0.000316115325           
       2.990232             0.00676319807            0.000295627234           
       2.992872              0.0080063892            0.000319135838           
       2.995513             0.00851272651            0.000331657377           
       2.998153             0.00962332538            0.000354903917           
       3.000794              0.0149864413            0.000436446879           
       3.003434              0.0393555327            0.000714769223           
       3.006074              0.0409990586            0.000731892491           
       3.008715              0.0221239709            0.000541734362           
       3.011355              0.0203768637            0.000525311259           
       3.013995              0.0182403301            0.000494578671           
       3.016636              0.0311138485            0.000647156666           
       3.019276               0.138471843             0.00139787956           
       3.021917               0.362386194             0.00222303374           
       3.024557                0.13425845             0.00136390604           
       3.027197              0.0946581295             0.00116445106           
       3.029838               0.088495563             0.00112052432           
       3.032478              0.0732593952             0.00102560373           
       3.035118              0.0483333739            0.000837338831           
       3.037759              0.0962759346             0.00118386114           
       3.040399               0.106279503             0.00125807903           
       3.043040               0.050965458             0.00087966822           
       3.045680               0.058460987            0.000927626992           
       3.048320              0.0718351761             0.00104477454           
       3.050961               0.103360901             0.00126580065           
       3.053601               0.125390079             0.00138801417           
       3.056242              0.0675565538             0.00102536099           
       3.058882               0.122307617             0.00140017619           
       3.061522               0.291712562              0.0021474054           
       3.064163              0.0559937507            0.000942531315           
       3.066803              0.0193071454             0.00056416074           
       3.069443              0.0249762429            0.000637389972           
       3.072084              0.0885448904             0.00121079969           
       3.074724              0.0603447536             0.00100546568           
       3.077365              0.0126105546            0.000459307503           
       3.080005             0.00876747561            0.000387224864           
       3.082645             0.00878432268            0.000389570232           
       3.085286             0.00855868115              0.0003846044           
       3.087926             0.00809298193             0.00037637395           
       3.090566             0.00744330361            0.000364668934           
       3.093207             0.00779413946            0.000369132491           
       3.095847             0.00787632587            0.000378851702           
       3.098488             0.00834976984            0.000389364605           
       3.101128             0.00760999559            0.000373741021           
       3.103768             0.00842934374            0.000395562665           
       3.106409             0.00907320107            0.000413140587           
       3.109049             0.00923173704            0.000419973998           
       3.111690               0.010885191            0.000454239972           
       3.114330              0.0133049356            0.000506664945           
       3.116970              0.0169221651            0.000579351926           
       3.119611              0.0167479563            0.000572611785           
       3.122251              0.0123660441            0.000496063177           
       3.124891             0.00882397156            0.000421072571           
       3.127532             0.00754052088            0.000396259096           
       3.130172             0.00800885626            0.000399978368           
       3.132813             0.00870957289            0.000425598296           
       3.135453             0.00756854416            0.000405110487           
       3.138093             0.00705519283            0.000381850115           
       3.140734             0.00535091767            0.000338735712           
       3.143374             0.00642539988            0.000376864848           
       3.146014             0.00654110589            0.000377482737           
       3.148655             0.00734983406            0.000403288798           
       3.151295             0.00581149472            0.000361447583           
       3.153936             0.00609296411            0.000375560714           
       3.156576             0.00707138215             0.00039994816           
       3.159216             0.00659887833            0.000389514986           
       3.161857             0.00660697446            0.000394535083           
       3.164497             0.00667629735            0.000404961916           
       3.167138             0.00623973332            0.000382105169           
       3.169778             0.00581370696            0.000375490119           
       3.172418             0.00582296637            0.000377984897           
       3.175059             0.00561047552            0.000375879649           
       3.177699             0.00588363661            0.000383400898           
       3.180339             0.00637493316            0.000402654651           
       3.182980             0.00524447624            0.000370143086           
       3.185620             0.00533236055            0.000377310093           
       3.188261             0.00571428736            0.000385471481           
       3.190901             0.00588130696            0.000397090164           
       3.193541             0.00620575563            0.000409240186           
       3.196182             0.00663403251            0.000431929791           
       3.198822             0.00610760751            0.000409414318           
       3.201463             0.00539862074            0.000389896232           
       3.204103             0.00544112704            0.000396640496           
       3.206743             0.00548861005            0.000401735477           
       3.209384             0.00552866358            0.000401401288           
       3.212024             0.00497446341             0.00038210425           
       3.214664             0.00670740581             0.00045215354           
       3.217305             0.00614139018            0.000442749299           
       3.219945             0.00631198835            0.000445103261           
       3.222586             0.00665687157            0.000459688495           
       3.225226             0.00571447004            0.000435503736           
       3.227866             0.00582748177            0.000443191306           
       3.230507             0.00602734004            0.000456105481           
       3.233147             0.00600484145            0.000448519718           
       3.235787             0.00583371602            0.000442202757           
       3.238428             0.00524744649            0.000426801582           
       3.241068             0.00581965983            0.000458584311           
       3.243709             0.00545337068            0.000441454212           
       3.246349             0.00701670357            0.000497946862           
       3.248989             0.00602387912            0.000471921185           
       3.251630             0.00626724206            0.000483489158           
       3.254270             0.00592128047            0.000484400864           
       3.256911             0.00554385786            0.000456964907           
       3.259551             0.00644869358            0.000503738232           
       3.262191             0.00480259416            0.000438716697           
       3.264832             0.00596511425            0.000493527786           
       3.267472             0.00511737583            0.000463598004           
       3.270112              0.0054875825            0.000481440923           
       3.272753             0.00590426845            0.000505522038           
       3.275393             0.00565681253            0.000497362042           
       3.278034             0.00446650187            0.000450950243           
       3.280674             0.00532566147            0.000493844539           
       3.283314             0.00609826675            0.000531373354           
       3.285955             0.00452780242            0.000466468179           
       3.288595             0.00501720515            0.000496509329           
       3.291235             0.00641645878            0.000564791171           
       3.293876             0.00618729973            0.000557897872           
       3.296516             0.00577686963            0.000550071738           
       3.299157             0.00670875735            0.000601740285           
       3.301797             0.00510486603            0.000525127472           
       3.304437             0.00544392009            0.000552450984           
       3.307078             0.00664329665            0.000616209411           
       3.309718             0.00531677272             0.00055676801           
       3.312359             0.00614586851             0.00061070234           
       3.314999             0.00711985637            0.000664210597           
       3.317639              0.0051642472            0.000571775011           
       3.320280             0.00511238884            0.000577204582           
       3.322920             0.00606615118             0.00063815203           
       3.325560             0.00506304077            0.000594263988           
       3.328201             0.00537039904            0.000614623238           
       3.330841             0.00586618902            0.000657990646           
       3.333482             0.00472787799            0.000598210985           
       3.336122             0.00665700802            0.000725268611           
       3.338762             0.00589949104            0.000689002457           
       3.341403             0.00538571748            0.000664424494           
       3.344043             0.00526196489            0.000681812807           
       3.346683             0.00581354215            0.000723926108           
       3.349324             0.00480104188             0.00066805615           
       3.351964             0.00539995446            0.000731277871           
       3.354605             0.00601326756            0.000780428097           
       3.357245              0.0050586953            0.000740968988           
       3.359885             0.00505719749            0.000741125573           
       3.362526             0.00425542024            0.000714603239           
       3.365166              0.0060471897            0.000841347255           
       3.367807             0.00436737367            0.000765386991           
       3.370447             0.00479287213             0.00080211598           
       3.373087             0.00666651085            0.000998400927           
       3.375728              0.0052110756            0.000876040016           
       3.378368             0.00598295144               0.001014315           
       3.381008              0.0041572536            0.000838136887           
       3.383649             0.00510066855             0.00100471718           
       3.386289             0.00506109603             0.00100122489           
       3.388930             0.00492883393             0.00108512922           
       3.391570             0.00544442039             0.00114095169           
       3.394210             0.00429873322             0.00108628802           
       3.396851             0.00699722936             0.00150127717           
       3.399491             0.00485876338             0.00127371459           
       3.402131             0.00229765198             0.00103680999           
       3.404772             0.00636650695               0.001726608           
       3.407412             0.00549877678             0.00199114958           
       3.410053             0.00895620907             0.00264606034           
       3.412693             0.00148451819             0.00152414899           
       3.415333             0.00435554081             0.00319873253           
