################################################################################
# EDF_DataBlockID                     0.Image.Psd
# EDF_BinarySize                      2105344
# EDF_HeaderSize                      2560
# ByteOrder                           LowByteFirst
# DataType                            FloatValue
# Dim_1                               512
# Dim_2                               1028
# Image                               0
# HeaderID                            EH:000000:000000:000000
# Size                                2105344
# Center_1                            304.9000
# Center_2                            588.7000
# Comment                             Xenocs_Cell_Window - 20251028_20perc_iodine_1.23mg
# DDummy                              0.6
# Date                                2025-10-31T18:15:38
# Delta                               21.910000
# Dummy                               -1.5
# ExposureTime                        360
# Gamma                               15.360000
# Intensity1                          8.6206e-10
# PSize_1                             7.5e-05
# PSize_2                             7.5e-05
# Pressure                            0.0326748
# SampleDistance                      0.115750
# SampleEnvKind                       large
# SampleEnvPN                         ElectroChemical cell
# SampleEnvSN                         1141
# Thickness                           0
# Wavelength                          1.541891e-10
# Wavelength                          1.54189e-10
# aux                                 0
# aux_dial                            0.002375
# beamx                               588.434
# beamx_dial                          588.434
# beamz                               657.808
# beamz_dial                          657.808
# det0x                               0
# det0x_dial                          6.36945
# det0xvd                             0
# det0xvd_dial                        0
# det0y                               450.002
# det0y_dial                          481.635
# det0z                               0
# det0z_dial                          1.23302
# det0zvd                             0
# det0zvd_dial                        0
# mag                                 1.818
# mag_dial                            1.818
# om                                  0.2499
# om_dial                             -0.610199
# phi                                 -0.0120535
# phi_dial                            0
# ry                                  0.599993
# ry_dial                             0.599993
# s1bot                               0.8
# s1bot_dial                          -1.66094
# s1hl                                0.8
# s1hl_dial                           -0.608437
# s1hr                                0.8
# s1hr_dial                           0.970938
# s1top                               0.8
# s1top_dial                          -0.461562
# s2bot                               0.45
# s2bot_dial                          1.36109
# s2hl                                0.45
# s2hl_dial                           -0.83375
# s2hr                                0.45
# s2hr_dial                           -0.118594
# s2top                               0.45
# s2top_dial                          1.44734
# w2theta                             32
# w2theta_dial                        32
# waxsch                              19.2605
# waxsch_dial                         -32.7355
# waxsh                               137.085
# waxsh_dial                          -43.5338
# waxsth                              26.0607
# waxsth_dial                         -19.4086
# waxsz                               67.0407
# waxsz_dial                          -23.7954
# wind                                65.9854
# wind_dial                           66.0041
# wpsi                                124
# wpsi_dial                           124
# wstod                               115
# wstod_dial                          115
# x                                   0
# x_dial                              1.00969
# z                                   0
# z_dial                              13.3172
# CountCutoff                         6807993
# DetectorModel                       Dectris EIGER2 Si 500K, S/N E-01-0554
# ThresholdSetting                    4023.88989258
# Saturation                          0
# FlatField                           Corrected
# BackgroundReductionExtra            0.02
# BackgroundCorrectionConstant        0.0026712
# Detector                            0
# Monitor                             0
# Pil_Roi0                            0
# SumForIntensity1                    3.10342e+08
# TransmittedFlux                     862060
# det                                 0
# mon                                 0
# pilai0                              3.10342e+08
# pilai1                              780464
# pilct0                              5.36719e+08
# pilct1                              780464
# pilroi0                             0
# pilroi1                             0
# sec                                 1
# title                               20251028_20perc_iodine_1.23mg_1_00690.edf
# usaxs0                              0
# Operation                           Azimuthal average I(q)
# Error_model                         ErrorModel.poisson
# Geometrical_correction              True
# Transmission_correction             True
# Thickness_correction                False
# Binning mode                        Uniform
# Binning factor                      1.0
# Psi                                 0.0
# Omega                               0.2499
# MaskInvalidPixels                   True
# DetectorEdge                        3
# MaskFiles                           ['WAXS_corrected.edf']
################################################################################
    q(A⁻¹)                Intensity(a.u.)            Sigma_I(a.u.)            
       0.693100             0.00409258787               0.004247607           
       0.695741             0.00553916834             0.00403250879           
       0.698381             0.00413808553             0.00426938804           
       0.701021           -2.35148701e-05                         0           
       0.703662             0.00559128503              0.0040496115           
       0.706302              0.0120335833             0.00459951653           
       0.708942             0.00278565627             0.00285627171           
       0.711583             0.00873284127             0.00437924589           
       0.714223              0.0116288318             0.00583431015           
       0.716864              0.0124408843             0.00394837031           
       0.719504             0.00582876199             0.00291640792           
       0.722144             0.00741621113             0.00304647745           
       0.724785             0.00784351625             0.00249915809           
       0.727425              0.0073008446             0.00326185708           
       0.730065             0.00647073652             0.00217218321           
       0.732706             0.00712271063             0.00191377549           
       0.735346             0.00171244979             0.00122321099           
       0.737987             0.00698505665              0.0017457196           
       0.740627             0.00664232114             0.00254001299           
       0.743267             0.00561436927             0.00156411489           
       0.745908             0.00722108354             0.00192454501           
       0.748548             0.00735715276             0.00179059022           
       0.751189             0.00634935829             0.00224141754           
       0.753829             0.00466441475             0.00176596274           
       0.756469             0.00731720316             0.00178356466           
       0.759110             0.00824622394             0.00199532848           
       0.761750             0.00753977862             0.00168704551           
       0.764390              0.0086111089             0.00188704609           
       0.767031              0.0068094485             0.00145314214           
       0.769671             0.00579248868             0.00167185791           
       0.772312             0.00891543748             0.00157902661           
       0.774952             0.00714606197             0.00190902328           
       0.777592             0.00673429846             0.00134983662           
       0.780233             0.00432828817             0.00130562026           
       0.782873             0.00791611648             0.00168871949           
       0.785513             0.00612447928             0.00158796084           
       0.788154             0.00540433648             0.00124784391           
       0.790794             0.00738769041             0.00174422478           
       0.793435             0.00726822748             0.00155422032           
       0.796075             0.00769583913             0.00154060917           
       0.798715             0.00555255549             0.00154640658           
       0.801356             0.00506908714             0.00127168054           
       0.803996              0.0103012045             0.00184820384           
       0.806637             0.00646590523              0.0011652866           
       0.809277             0.00689162648             0.00130214781           
       0.811917             0.00666480345             0.00119710085           
       0.814558             0.00599306247             0.00117980797           
       0.817198              0.0069093164             0.00120350944           
       0.819838             0.00750268466             0.00126926564           
       0.822479             0.00652258628             0.00138970683           
       0.825119             0.00835788112             0.00133892143           
       0.827760             0.00617452261             0.00116573954           
       0.830400              0.0056200673             0.00104675681           
       0.833040             0.00660764527             0.00118913745           
       0.835681             0.00802884642             0.00149015129           
       0.838321             0.00895012274             0.00132054134           
       0.840961             0.00623591182             0.00120097365           
       0.843602             0.00656544993              0.0011300676           
       0.846242             0.00830140716             0.00127052511           
       0.848883             0.00714405762             0.00120616478           
       0.851523             0.00793657908             0.00125551618           
       0.854163             0.00944015038             0.00145617734           
       0.856804             0.00689703002             0.00111913327           
       0.859444               0.006781248             0.00108729153           
       0.862085             0.00699914902             0.00115129295           
       0.864725             0.00555395002             0.00104956239           
       0.867365             0.00715269535             0.00110448047           
       0.870006             0.00880175368             0.00116752359           
       0.872646             0.00628553361              0.0010346129           
       0.875286             0.00661226036             0.00102090374           
       0.877927             0.00582359599            0.000924510334           
       0.880567             0.00789191797             0.00111500215           
       0.883208             0.00679753761             0.00102506025           
       0.885848              0.0054688939             0.00095465526           
       0.888488             0.00892914669             0.00114413181           
       0.891129             0.00615243427            0.000975161969           
       0.893769             0.00832023819             0.00108528771           
       0.896410             0.00685536985             0.00091848404           
       0.899050             0.00818942235             0.00110399762           
       0.901690             0.00739982256             0.00114313073           
       0.904331             0.00820630308             0.00106724649           
       0.906971             0.00818612977             0.00113397808           
       0.909611             0.00846381637             0.00104964533           
       0.912252             0.00815867002             0.00106445011           
       0.914892             0.00677168959             0.00105974067           
       0.917533             0.00947305828             0.00118572955           
       0.920173             0.00906673565             0.00107627184           
       0.922813              0.0078643484             0.00105187394           
       0.925454             0.00602628817            0.000829139678           
       0.928094              0.0067310027            0.000935502214           
       0.930734             0.00599879759            0.000950814264           
       0.933375             0.00870810979             0.00113431851           
       0.936015             0.00619990379            0.000869267974           
       0.938656             0.00616638388            0.000929994879           
       0.941296             0.00818925789            0.000971287334           
       0.943936             0.00742196663            0.000906778467           
       0.946577             0.00894282405            0.000988776915           
       0.949217             0.00934211648            0.000929347601           
       0.951858             0.00748690836            0.000870904814           
       0.954498             0.00854767922             0.00107710468           
       0.957138             0.00680690671            0.000910594841           
       0.959779             0.00757861993             0.00094717827           
       0.962419             0.00816124878            0.000976374744           
       0.965059             0.00825812506             0.00103296752           
       0.967700             0.00921670502             0.00111768106           
       0.970340             0.00719654873            0.000873950602           
       0.972981             0.00765414203            0.000821177658           
       0.975621             0.00749843726            0.000864660335           
       0.978261             0.00765602528            0.000830167687           
       0.980902             0.00782666488             0.00100426219           
       0.983542             0.00797154583            0.000897533243           
       0.986182             0.00819629762            0.000893528564           
       0.988823             0.00855198159            0.000886243298           
       0.991463             0.00835909488            0.000934805294           
       0.994104             0.00994714999            0.000994775311           
       0.996744               0.008297739            0.000926728069           
       0.999384             0.00812539934            0.000820152822           
       1.002025             0.00794860159            0.000905385208           
       1.004665             0.00725496944            0.000790484257           
       1.007306             0.00781361519             0.00081615524           
       1.009946             0.00886406448            0.000886551187           
       1.012586             0.00849149645            0.000845107927           
       1.015227             0.00826085801            0.000895495682           
       1.017867             0.00789560263             0.00084139165           
       1.020507             0.00866133351             0.00085360804           
       1.023148             0.00696001711            0.000825664704           
       1.025788             0.00798647815            0.000810976385           
       1.028429             0.00679811646            0.000783875456           
       1.031069             0.00817492204            0.000808913234           
       1.033709             0.00893474928            0.000898950104           
       1.036350              0.0089109168            0.000806302569           
       1.038990             0.00876977693            0.000814590689           
       1.041630             0.00913908827            0.000867331503           
       1.044271             0.00764402501            0.000745996451           
       1.046911             0.00879519404            0.000841705777           
       1.049552              0.0072073451            0.000800522902           
       1.052192              0.0081710741            0.000778317415           
       1.054832             0.00898742662            0.000823697417           
       1.057473             0.00705659023            0.000719500975           
       1.060113               0.008225858            0.000757617962           
       1.062754             0.00866881172            0.000794067984           
       1.065394             0.00852862005            0.000832718992           
       1.068034             0.00751989454            0.000711444307           
       1.070675             0.00791220143            0.000761235728           
       1.073315             0.00874112595            0.000811586907           
       1.075955             0.00918101864            0.000785226724           
       1.078596             0.00917427002            0.000834233452           
       1.081236             0.00771800104            0.000732694009           
       1.083877             0.00805853463            0.000741967337           
       1.086517             0.00893239786            0.000837633632           
       1.089157             0.00862571801            0.000854088165           
       1.091798             0.00880343582            0.000756467628           
       1.094438             0.00967197051             0.00079034689           
       1.097078             0.00974927135            0.000761048736           
       1.099719              0.0079780759            0.000744669194           
       1.102359             0.00934266599            0.000754680356           
       1.105000              0.0087122426            0.000814910876           
       1.107640             0.00764496753            0.000729902268           
       1.110280             0.00735049873            0.000653028096           
       1.112921             0.00842662971            0.000751090252           
       1.115561              0.0100019055            0.000777714879           
       1.118202             0.00885863805            0.000732607809           
       1.120842             0.00782242162            0.000723542534           
       1.123482             0.00933375708            0.000786902119           
       1.126123              0.0103554649             0.00079500845           
       1.128763             0.00927939544            0.000757729656           
       1.131403              0.0105020466            0.000776750848           
       1.134044             0.00802679711            0.000698766881           
       1.136684             0.00808333787            0.000747625966           
       1.139325              0.0101434577            0.000771499094           
       1.141965              0.0099104957            0.000767629612           
       1.144605             0.00815368815            0.000663900696           
       1.147246             0.00779254574            0.000664227569           
       1.149886             0.00899953772            0.000711283695           
       1.152527             0.00995015944            0.000758783369           
       1.155167             0.00863643899            0.000672388389           
       1.157807             0.00799026622            0.000693426499           
       1.160448             0.00895996175            0.000717061691           
       1.163088             0.00882769468            0.000678904168           
       1.165728             0.00947048295            0.000721975473           
       1.168369             0.00907025114            0.000713082673           
       1.171009             0.00975014641            0.000717495525           
       1.173650             0.00932718715            0.000720173686           
       1.176290             0.00854708513             0.00067369789           
       1.178930              0.0101430456            0.000719294572           
       1.181571              0.0099136226            0.000725214904           
       1.184211             0.00832262161            0.000666833956           
       1.186851             0.00883867842             0.00067186267           
       1.189492             0.00937676736            0.000687356143           
       1.192132              0.0094996795            0.000684083932           
       1.194773             0.00894588907            0.000666745479           
       1.197413              0.0099508141             0.00067376325           
       1.200053              0.0092611737            0.000666511933           
       1.202694             0.00954819443            0.000643561307           
       1.205334             0.00935386613            0.000686463614           
       1.207975             0.00944482158            0.000658426939           
       1.210615             0.00903288173            0.000710340017           
       1.213255             0.00974345167            0.000660638627           
       1.215896              0.0101550614            0.000686668872           
       1.218536              0.0101002249            0.000658476416           
       1.221176              0.0107497453            0.000738559177           
       1.223817              0.0100509041            0.000670383697           
       1.226457              0.0105992551            0.000702297305           
       1.229098              0.0109799353               0.000714763           
       1.231738               0.009246471            0.000659147145           
       1.234378              0.0102230675            0.000651255251           
       1.237019              0.0101802513            0.000669705525           
       1.239659             0.00999281749             0.00065773188           
       1.242299             0.00993374314            0.000647453014           
       1.244940              0.0114034417            0.000674663748           
       1.247580             0.00960912561            0.000638254363           
       1.250221             0.00969666531            0.000637198881           
       1.252861              0.0104376466             0.00062936739           
       1.255501              0.0101027075            0.000672318738           
       1.258142              0.0105315391            0.000645033041           
       1.260782              0.0102578349            0.000650370166           
       1.263423              0.0106238939            0.000635985028           
       1.266063               0.011033547            0.000664315409           
       1.268703              0.0110534768            0.000659397607           
       1.271344              0.0106342872            0.000668692955           
       1.273984              0.0101069465            0.000629609056           
       1.276624              0.0108255497            0.000639365889           
       1.279265              0.0115467073            0.000671284272           
       1.281905              0.0109713399            0.000657249748           
       1.284546              0.0100057484            0.000606691608           
       1.287186              0.0108349983            0.000619403426           
       1.289826              0.0111481115            0.000662165737           
       1.292467              0.0100304436            0.000614261801           
       1.295107              0.0100580444            0.000608996136           
       1.297747              0.0103302816            0.000590592719           
       1.300388              0.0104951754            0.000648938667           
       1.303028               0.010159232             0.00060952002           
       1.305669              0.0100333739            0.000620155772           
       1.308309              0.0111613659            0.000647646446           
       1.310949              0.0109373611            0.000640470185           
       1.313590             0.00997863529             0.00059263317           
       1.316230             0.00991871966            0.000630520371           
       1.318871               0.011485885            0.000664513094           
       1.321511              0.0106419391            0.000627778432           
       1.324151              0.0101027068             0.00059353309           
       1.326792              0.0111852215            0.000628383935           
       1.329432              0.0109337832            0.000616896651           
       1.332072              0.0108907034            0.000606504626           
       1.334713              0.0107045758            0.000620600818           
       1.337353              0.0106283601            0.000593046001           
       1.339994              0.0113888493            0.000644223246           
       1.342634              0.0122538132            0.000640799645           
       1.345274              0.0111789305            0.000633414029           
       1.347915               0.011187871            0.000616168628           
       1.350555              0.0115563831            0.000637202027           
       1.353195              0.0109778787            0.000624098604           
       1.355836              0.0113048282            0.000623448553           
       1.358476              0.0115681632            0.000612474443           
       1.361117              0.0118911812            0.000621818987           
       1.363757              0.0117212834            0.000636211656           
       1.366397              0.0116170537            0.000614209886           
       1.369038              0.0116929473            0.000622348692           
       1.371678              0.0117379535            0.000618048044           
       1.374319              0.0123141972            0.000627586013           
       1.376959              0.0108458121             0.00058305783           
       1.379599              0.0110372319            0.000630351461           
       1.382240              0.0105952896            0.000580453706           
       1.384880              0.0117712879            0.000648055644           
       1.387520              0.0108175342            0.000590017634           
       1.390161              0.0120100323            0.000590454875           
       1.392801              0.0122476276            0.000621252186           
       1.395442              0.0108174413            0.000591828048           
       1.398082              0.0115816382             0.00057346358           
       1.400722              0.0112880744            0.000593028121           
       1.403363                 0.0110715            0.000618216832           
       1.406003              0.0100266547            0.000550591047           
       1.408644              0.0117409773            0.000624143179           
       1.411284              0.0114042288            0.000582471064           
       1.413924              0.0112751831            0.000577019061           
       1.416565              0.0114744459            0.000579808931           
       1.419205               0.011578106            0.000607559124           
       1.421845              0.0109404306            0.000590244446           
       1.424486              0.0110275417            0.000569614859           
       1.427126              0.0121165782            0.000620249834           
       1.429767              0.0113982924            0.000566017785           
       1.432407              0.0115986693            0.000597534782           
       1.435047              0.0100054179            0.000521217604           
       1.437688              0.0116005906            0.000569622202           
       1.440328              0.0109505444            0.000564840058           
       1.442968              0.0114078215            0.000589429949           
       1.445609              0.0112218105            0.000566059474           
       1.448249              0.0120318542            0.000600974469           
       1.450890              0.0119333931            0.000594603967           
       1.453530              0.0112059534            0.000602816901           
       1.456170              0.0105290088            0.000567101497           
       1.458811               0.010529464            0.000542286233           
       1.461451              0.0103252772             0.00053841119           
       1.464092              0.0114322826            0.000570242776           
       1.466732              0.0111114336             0.00055735286           
       1.469372              0.0118861057            0.000562963625           
       1.472013              0.0115632548            0.000598864799           
       1.474653              0.0115512024            0.000589319185           
       1.477293              0.0108092064            0.000582092815           
       1.479934              0.0104520869            0.000546185673           
       1.482574              0.0111838365              0.0005465313           
       1.485215              0.0105942863            0.000541838568           
       1.487855              0.0108583379            0.000555785663           
       1.490495              0.0113109002            0.000565160537           
       1.493136              0.0109723218            0.000549007798           
       1.495776              0.0110190381            0.000547670169           
       1.498416               0.012044008            0.000591308543           
       1.501057              0.0109333622            0.000550969114           
       1.503697              0.0112296037            0.000545908968           
       1.506338              0.0112660583            0.000556786188           
       1.508978              0.0109712367            0.000544049139           
       1.511618              0.0110116256            0.000580475202           
       1.514259              0.0112177565            0.000565642671           
       1.516899              0.0116291638            0.000560756772           
       1.519540              0.0105228318            0.000542018428           
       1.522180              0.0113589365            0.000568087153           
       1.524820              0.0109201334            0.000553881232           
       1.527461               0.010559145            0.000547343089           
       1.530101              0.0113578038            0.000561988162           
       1.532741               0.010833971            0.000545690138           
       1.535382              0.0118375797            0.000579588363           
       1.538022             0.00982542576            0.000497438272           
       1.540663              0.0102233793            0.000545752953           
       1.543303             0.00941164012            0.000486206827           
       1.545943              0.0101057954            0.000533254113           
       1.548584              0.0106723848            0.000557835838           
       1.551224              0.0113450855            0.000531778615           
       1.553864              0.0108662946            0.000549938376           
       1.556505              0.0102513182            0.000516002627           
       1.559145              0.0105933477            0.000530965634           
       1.561786             0.00983101914             0.00051189798           
       1.564426              0.0100765447            0.000502131039           
       1.567066              0.0101630823            0.000528391327           
       1.569707              0.0103555092            0.000523789124           
       1.572347              0.0102871315            0.000539337034           
       1.574988              0.0106624526            0.000522639354           
       1.577628             0.00988278535            0.000524680423           
       1.580268               0.010575675            0.000525878323           
       1.582909              0.0100419121            0.000543161526           
       1.585549             0.00927189965            0.000506769055           
       1.588189             0.00942659197            0.000499826723           
       1.590830             0.00987595723            0.000510959276           
       1.593470             0.00984648852            0.000530398063           
       1.596111             0.00980069632            0.000516627756           
       1.598751             0.00920281687            0.000485085634           
       1.601391             0.00951642139            0.000504164682           
       1.604032             0.00923778416            0.000507113174           
       1.606672              0.0102738336            0.000519604009           
       1.609312             0.00960549091            0.000524466627           
       1.611953             0.00935064035            0.000506369161           
       1.614593             0.00950261387            0.000500728208           
       1.617234             0.00961327915            0.000521956067           
       1.619874             0.00961256926            0.000519875011           
       1.622514             0.00909907953            0.000498899118           
       1.625155             0.00948848008            0.000512472275           
       1.627795             0.00952248644            0.000500810824           
       1.630436             0.00940738769            0.000495175745           
       1.633076              0.0094891394            0.000503845255           
       1.635716             0.00869125325            0.000474694925           
       1.638357              0.0097481412            0.000504054526           
       1.640997             0.00961949048            0.000515885104           
       1.643637             0.00992462793             0.00050991433           
       1.646278             0.00889663261            0.000497953189           
       1.648918             0.00923222043            0.000508641613           
       1.651559             0.00922292265            0.000512331244           
       1.654199             0.00889287671            0.000489290213           
       1.656839             0.00850964974            0.000478798528           
       1.659480             0.00911139402              0.0005140427           
       1.662120               0.008690834            0.000472838091           
       1.664761             0.00827610526            0.000479294422           
       1.667401             0.00923546471             0.00048392645           
       1.670041             0.00920572816            0.000490513641           
       1.672682             0.00832178499            0.000464452771           
       1.675322             0.00838860535            0.000463315099           
       1.677962             0.00905833673            0.000476144045           
       1.680603             0.00884926042             0.00047206521           
       1.683243             0.00863439562            0.000486496037           
       1.685884             0.00936378916            0.000510369218           
       1.688524             0.00856275846            0.000478617237           
       1.691164             0.00926136422            0.000497871806           
       1.693805             0.00832484371            0.000477213782           
       1.696445             0.00985084447            0.000522123937           
       1.699085             0.00853960562            0.000469844332           
       1.701726             0.00863875749            0.000455233016           
       1.704366             0.00889689148            0.000486687841           
       1.707007             0.00856627844            0.000466914134           
       1.709647             0.00877107189             0.00047779797           
       1.712287             0.00886811235            0.000484615618           
       1.714928             0.00873437156            0.000484825154           
       1.717568             0.00854267832            0.000451667739           
       1.720209             0.00714758909            0.000432740066           
       1.722849             0.00893333427            0.000481299709           
       1.725489             0.00974891354            0.000503212518           
       1.728130             0.00909670794            0.000516575986           
       1.730770             0.00803267831            0.000461023434           
       1.733410             0.00822814913            0.000459264609           
       1.736051             0.00884017933            0.000479352344           
       1.738691             0.00840548286            0.000457943062           
       1.741332             0.00870227709            0.000479582731           
       1.743972              0.0091538844            0.000507938672           
       1.746612              0.0079300429            0.000453975988           
       1.749253             0.00796384814            0.000463926977           
       1.751893             0.00810474683            0.000464577649           
       1.754533             0.00871473233            0.000481293329           
       1.757174             0.00946674199            0.000496932017           
       1.759814             0.00854898116            0.000465072246           
       1.762455             0.00790193511            0.000455336229           
       1.765095              0.0083728898            0.000448377012           
       1.767735             0.00855104927            0.000467101029           
       1.770376             0.00775827814            0.000446094845           
       1.773016             0.00876721401            0.000471038633           
       1.775657             0.00882689553            0.000465838544           
       1.778297             0.00861801623            0.000456330223           
       1.780937             0.00847832942            0.000477736926           
       1.783578             0.00862402352             0.00046977658           
       1.786218             0.00848414119            0.000486270949           
       1.788858             0.00829099348            0.000456552739           
       1.791499              0.0088354594            0.000466012008           
       1.794139             0.00858203244            0.000455553862           
       1.796780             0.00859455775            0.000453688393           
       1.799420             0.00980626094            0.000481932177           
       1.802060             0.00762862587            0.000428500363           
       1.804701             0.00911434735             0.00044947098           
       1.807341             0.00878748061            0.000463749962           
       1.809981              0.0082464047            0.000450743597           
       1.812622             0.00845790273            0.000448268932           
       1.815262             0.00898140467               0.000471746           
       1.817903             0.00837868394            0.000448891068           
       1.820543             0.00832674963            0.000454470729           
       1.823183             0.00888433616            0.000469182534           
       1.825824             0.00829350826            0.000433077188           
       1.828464             0.00825841388            0.000450545404           
       1.831105             0.00940036619            0.000467397301           
       1.833745             0.00812042151            0.000443691038           
       1.836385             0.00752363819            0.000439264242           
       1.839026             0.00748947277            0.000436881062           
       1.841666             0.00864061112            0.000467592043           
       1.844306             0.00871882983            0.000456887607           
       1.846947             0.00842686296            0.000453109914           
       1.849587             0.00837576248            0.000498823841           
       1.852228             0.00807689342            0.000442939761           
       1.854868             0.00779856256            0.000459767716           
       1.857508             0.00844953089             0.00047387844           
       1.860149             0.00791134906            0.000466869617           
       1.862789             0.00800157874            0.000453199644           
       1.865429             0.00844187747            0.000485912518           
       1.868070             0.00827833291            0.000474769384           
       1.870710             0.00830855246            0.000464669583           
       1.873351             0.00824394854            0.000468581516           
       1.875991             0.00739484309            0.000451037405           
       1.878631             0.00808548365            0.000462596879           
       1.881272             0.00825196899             0.00046420392           
       1.883912             0.00789305803            0.000472478476           
       1.886553             0.00809749298            0.000473207813           
       1.889193             0.00823002805            0.000476249548           
       1.891833             0.00801643556            0.000488143354           
       1.894474              0.0077654244            0.000476256035           
       1.897114             0.00866514297            0.000486829776           
       1.899754              0.0085211741             0.00048478851           
       1.902395             0.00868755581            0.000479928259           
       1.905035             0.00858146197             0.00050521106           
       1.907676             0.00805105377            0.000461212732           
       1.910316              0.0081240959            0.000475601563           
       1.912956             0.00793492137            0.000459690858           
       1.915597             0.00739714054            0.000446320612           
       1.918237              0.0079205567            0.000476969793           
       1.920878             0.00837167428            0.000488357302           
       1.923518             0.00746341421            0.000461301139           
       1.926158             0.00840878919            0.000483292425           
       1.928799             0.00800844155            0.000466187753           
       1.931439             0.00745093714            0.000461462675           
       1.934079             0.00877248531            0.000521985295           
       1.936720             0.00815919486            0.000466422654           
       1.939360             0.00773065269             0.00048436385           
       1.942001             0.00799627209             0.00045150667           
       1.944641             0.00776190705             0.00045360316           
       1.947281              0.0085758909            0.000472399908           
       1.949922             0.00817355808            0.000476363951           
       1.952562             0.00763991794            0.000474987181           
       1.955202             0.00829674784            0.000494381003           
       1.957843             0.00689257338            0.000438922064           
       1.960483             0.00872375643            0.000516264139           
       1.963124             0.00795965595             0.00048301981           
       1.965764             0.00818373317            0.000461868261           
       1.968404             0.00668987051            0.000413645547           
       1.971045             0.00749188254            0.000446297657           
       1.973685             0.00773060305            0.000475532709           
       1.976326             0.00719038588            0.000452313536           
       1.978966             0.00784745823            0.000476675322           
       1.981606             0.00766335173            0.000480874641           
       1.984247             0.00779739309            0.000481872906           
       1.986887             0.00683236939            0.000445666213           
       1.989527             0.00690739899            0.000443280739           
       1.992168             0.00774449997            0.000487014466           
       1.994808             0.00846594188            0.000507010756           
       1.997449             0.00757401987            0.000469711286           
       2.000089              0.0082106054            0.000487113436           
       2.002729              0.0076348505            0.000470005653           
       2.005370             0.00755312064             0.00046245324           
       2.008010              0.0078017116            0.000490514295           
       2.010650             0.00847328941            0.000515004882           
       2.013291             0.00791898312            0.000477683192           
       2.015931             0.00859660709            0.000494183119           
       2.018572             0.00824947942            0.000517793778           
       2.021212             0.00773314907            0.000492320534           
       2.023852             0.00720472894            0.000449756642           
       2.026493             0.00749954478            0.000479367545           
       2.029133             0.00788635664            0.000481682078           
       2.031774             0.00755592432            0.000494810979           
       2.034414             0.00760059178            0.000456638612           
       2.037054             0.00781345847            0.000474724151           
       2.039695             0.00715942102            0.000450989197           
       2.042335             0.00658386321            0.000449443276           
       2.044975              0.0084355052            0.000502563608           
       2.047616             0.00699272521            0.000456434604           
       2.050256              0.0080624298            0.000494742195           
       2.052897              0.0077123617            0.000492802878           
       2.055537             0.00670218765            0.000443989406           
       2.058177               0.006843821            0.000439355363           
       2.060818             0.00724262322            0.000473478977           
       2.063458             0.00852489056            0.000535311137           
       2.066098             0.00797880015            0.000488536039           
       2.068739             0.00690072837            0.000461396206           
       2.071379             0.00716874538            0.000482535744           
       2.074020             0.00839082646            0.000510702262           
       2.076660             0.00855133431            0.000519731519           
       2.079300              0.0076546163            0.000503775033           
       2.081941             0.00745151352            0.000455102855           
       2.084581             0.00745469603            0.000480468076           
       2.087222             0.00716305851            0.000454211379           
       2.089862             0.00651178018            0.000471679883           
       2.092502             0.00806553484            0.000508859554           
       2.095143             0.00704720642            0.000491182414           
       2.097783             0.00776830902            0.000499284894           
       2.100423             0.00649142383            0.000439793058           
       2.103064             0.00734069825            0.000485278922           
       2.105704             0.00689139163            0.000467864064           
       2.108345             0.00706471507            0.000455109685           
       2.110985             0.00712727932             0.00048823771           
       2.113625             0.00694727073            0.000486239181           
       2.116266             0.00724859183            0.000503718587           
       2.118906             0.00711645345             0.00046513901           
       2.121546             0.00756914762            0.000470546173           
       2.124187             0.00753777782            0.000492903568           
       2.126827             0.00863086709            0.000533319804           
       2.129468             0.00725364132            0.000490169692           
       2.132108             0.00762420447            0.000488927603           
       2.134748             0.00737058113            0.000478861486           
       2.137389              0.0074900366            0.000503603497           
       2.140029             0.00703640262            0.000436990293           
       2.142670             0.00766248924            0.000487355592           
       2.145310             0.00737415604            0.000465341616           
       2.147950              0.0066891289            0.000456174378           
       2.150591              0.0070479714            0.000463518249           
       2.153231             0.00707742193            0.000478115776           
       2.155871             0.00714280339            0.000464020217           
       2.158512             0.00800489298            0.000512558287           
       2.161152             0.00630987851            0.000440806948           
       2.163793             0.00627938561            0.000437760877           
       2.166433             0.00694973476            0.000472920757           
       2.169073             0.00810068459            0.000499214276           
       2.171714             0.00714953617             0.00046548567           
       2.174354             0.00720882589             0.00048840213           
       2.176995             0.00752648713            0.000496947123           
       2.179635             0.00708740435            0.000509583751           
       2.182275              0.0064121156            0.000457633308           
       2.184916             0.00725977532            0.000470324145           
       2.187556             0.00659937028            0.000443927556           
       2.190196              0.0074419442            0.000492623076           
       2.192837             0.00696591783              0.0004740142           
       2.195477             0.00667198447            0.000442278968           
       2.198118             0.00681384626            0.000458408771           
       2.200758             0.00734434647            0.000488264331           
       2.203398             0.00749380095            0.000496362523           
       2.206039             0.00803478142            0.000486425922           
       2.208679             0.00771253633            0.000487662894           
       2.211319             0.00689136968            0.000463629242           
       2.213960             0.00725515056            0.000482082587           
       2.216600              0.0068512222            0.000484622295           
       2.219241             0.00721518436            0.000475311367           
       2.221881              0.0080552403            0.000503252282           
       2.224521             0.00731357221            0.000485401054           
       2.227162              0.0074365965             0.00047966632           
       2.229802             0.00690948909            0.000476828029           
       2.232443             0.00730410728            0.000482522641           
       2.235083             0.00655562473            0.000470615649           
       2.237723             0.00759648905            0.000486156916           
       2.240364              0.0067674334            0.000470166313           
       2.243004             0.00693816738            0.000472260073           
       2.245644             0.00703280713             0.00048022927           
       2.248285             0.00703169223            0.000470571552           
       2.250925             0.00833723964             0.00051550997           
       2.253566             0.00695092244            0.000503217751           
       2.256206             0.00724647853            0.000503531328           
       2.258846             0.00676879097              0.0004629407           
       2.261487             0.00698301526            0.000493528385           
       2.264127             0.00752801833            0.000494892712           
       2.266767             0.00709985836            0.000493417907           
       2.269408             0.00755694978            0.000511137974           
       2.272048             0.00741627966            0.000503335779           
       2.274689             0.00694817429            0.000493611352           
       2.277329             0.00793026899            0.000496528061           
       2.279969             0.00732922993            0.000508102478           
       2.282610             0.00719375371            0.000489384098           
       2.285250             0.00728385389            0.000471331304           
       2.287891             0.00730227267            0.000505976848           
       2.290531             0.00721434019            0.000509681799           
       2.293171             0.00769653544            0.000512799659           
       2.295812             0.00701856118            0.000487724869           
       2.298452              0.0074423954            0.000525204646           
       2.301092             0.00704271989            0.000474695975           
       2.303733             0.00688825582            0.000488403951           
       2.306373             0.00675888649             0.00049141488           
       2.309014              0.0079334046             0.00052201706           
       2.311654             0.00737021822            0.000525057991           
       2.314294             0.00727463542            0.000480590881           
       2.316935             0.00752887098            0.000490936582           
       2.319575             0.00730951397            0.000506839058           
       2.322215             0.00690412585            0.000513355535           
       2.324856             0.00674588931            0.000466537171           
       2.327496              0.0070768625            0.000508099261           
       2.330137             0.00718067755            0.000489766284           
       2.332777             0.00723944553            0.000507063555           
       2.335417             0.00768977507            0.000506996821           
       2.338058             0.00719214663            0.000504964694           
       2.340698             0.00624111704            0.000466698674           
       2.343339             0.00703818393            0.000506511286           
       2.345979             0.00704568863            0.000479455377           
       2.348619             0.00750918052            0.000513067491           
       2.351260              0.0067442507            0.000483400809           
       2.353900             0.00740887193            0.000505054943           
       2.356540             0.00576490981            0.000444879005           
       2.359181             0.00677363754             0.00047547201           
       2.361821             0.00719761731            0.000473449323           
       2.364462             0.00706169391            0.000490470962           
       2.367102             0.00755045321            0.000521188473           
       2.369742             0.00625964257            0.000499497895           
       2.372383             0.00703017622            0.000479324108           
       2.375023              0.0072659481             0.00051225306           
       2.377663             0.00699924279            0.000480715954           
       2.380304             0.00658882122            0.000474185752           
       2.382944             0.00719346256            0.000471915439           
       2.385585             0.00749848334            0.000513865884           
       2.388225             0.00774832094            0.000519901811           
       2.390865             0.00738662152            0.000502407609           
       2.393506             0.00700552223            0.000480044826           
       2.396146             0.00738625845            0.000532964087           
       2.398787             0.00766948463            0.000500496101           
       2.401427              0.0069099624            0.000458549797           
       2.404067             0.00703282768            0.000472927306           
       2.406708             0.00705628225            0.000468034641           
       2.409348             0.00815028174             0.00053354016           
       2.411988             0.00754343014            0.000502913473           
       2.414629              0.0067636434            0.000491041771           
       2.417269             0.00675138158             0.00049632431           
       2.419910             0.00637598168            0.000483447527           
       2.422550             0.00671238442            0.000474577782           
       2.425190             0.00731450403            0.000522209862           
       2.427831             0.00652996969            0.000490636668           
       2.430471             0.00744001917            0.000498935604           
       2.433112             0.00781313087            0.000497877703           
       2.435752             0.00706869449            0.000501179778           
       2.438392             0.00800305716             0.00051472014           
       2.441033              0.0067758854            0.000501937603           
       2.443673             0.00722417116            0.000518673988           
       2.446313             0.00729755375            0.000521761285           
       2.448954              0.0055049138            0.000431478514           
       2.451594             0.00659421439            0.000507771476           
       2.454235             0.00829618922            0.000534376226           
       2.456875             0.00748643653            0.000531160596           
       2.459515             0.00785229115            0.000558066745           
       2.462156             0.00703892797            0.000498858377           
       2.464796             0.00720600281            0.000498232034           
       2.467436             0.00861348501            0.000563305188           
       2.470077             0.00660684554             0.00046760221           
       2.472717              0.0087097617            0.000539212341           
       2.475358             0.00765628866            0.000510823428           
       2.477998             0.00820328366            0.000519842185           
       2.480638             0.00671733391            0.000478768284           
       2.483279             0.00689031284             0.00050679102           
       2.485919              0.0073633305            0.000504895326           
       2.488560             0.00708250869            0.000493790326           
       2.491200              0.0080463813            0.000541969819           
       2.493840             0.00715119821            0.000540634337           
       2.496481             0.00600037633            0.000487125211           
       2.499121             0.00755828156            0.000531769986           
       2.501761             0.00706033259            0.000520764375           
       2.504402             0.00726631972            0.000520587953           
       2.507042             0.00715679122            0.000512822227           
       2.509683              0.0070477103            0.000501121346           
       2.512323             0.00708019131            0.000527513309           
       2.514963             0.00765791026            0.000541835137           
       2.517604             0.00717775308            0.000544325602           
       2.520244             0.00725490632            0.000513041542           
       2.522884             0.00753062704            0.000530174735           
       2.525525             0.00763267427            0.000539813058           
       2.528165             0.00720638342            0.000516345908           
       2.530806             0.00783660107            0.000547835999           
       2.533446             0.00792549115            0.000539174948           
       2.536086             0.00781503662            0.000530612553           
       2.538727             0.00703636722            0.000483017019           
       2.541367             0.00711874537            0.000490621966           
       2.544008             0.00636772965            0.000479220346           
       2.546648             0.00637678001            0.000487786537           
       2.549288             0.00718226266            0.000528226151           
       2.551929             0.00623426453            0.000484287633           
       2.554569             0.00774170377            0.000519927789           
       2.557209             0.00643701143            0.000478450658           
       2.559850             0.00703755276            0.000501878076           
       2.562490             0.00756786313            0.000537906845           
       2.565131             0.00769923759            0.000562546137           
       2.567771             0.00691088511            0.000513861159           
       2.570411             0.00635436102            0.000487405341           
       2.573052              0.0069324147            0.000515503703           
       2.575692             0.00652131417            0.000496957466           
       2.578332             0.00745127908            0.000533407711           
       2.580973             0.00659045838            0.000496877959           
       2.583613             0.00671117663            0.000489469001           
       2.586254              0.0079483322            0.000531936606           
       2.588894             0.00756102779            0.000538764323           
       2.591534              0.0079890619            0.000573291346           
       2.594175             0.00708555067            0.000529712975           
       2.596815             0.00645759367            0.000508677293           
       2.599456             0.00699178244            0.000501931638           
       2.602096             0.00624400036            0.000477941437           
       2.604736             0.00694075306            0.000515851141           
       2.607377             0.00765644185            0.000527516447           
       2.610017             0.00641519591            0.000474416941           
       2.612657             0.00659297742            0.000511558243           
       2.615298             0.00699545882            0.000514460664           
       2.617938              0.0067551041            0.000540804296           
       2.620579             0.00697452339            0.000527531054           
       2.623219             0.00743971155            0.000544063128           
       2.625859             0.00638537218            0.000490067526           
       2.628500             0.00706244813            0.000512017086           
       2.631140             0.00673106068            0.000507562209           
       2.633780              0.0071115071            0.000521255493           
       2.636421             0.00701813543            0.000530556473           
       2.639061             0.00731682036            0.000509975418           
       2.641702             0.00735289466            0.000523066358           
       2.644342             0.00799382762            0.000547711162           
       2.646982              0.0073193621            0.000516260854           
       2.649623             0.00707154954            0.000531783081           
       2.652263             0.00682033707            0.000517011256           
       2.654904             0.00743498865            0.000540348474           
       2.657544             0.00702776149            0.000494817852           
       2.660184             0.00701521395            0.000523193691           
       2.662825             0.00677868342            0.000526229483           
       2.665465             0.00649114947            0.000498039452           
       2.668105             0.00759942345            0.000568001746           
       2.670746             0.00818798045            0.000544652467           
       2.673386             0.00917793314            0.000594272046           
       2.676027             0.00749349507            0.000528358155           
       2.678667              0.0108176556            0.000619428728           
       2.681307               0.012079554            0.000643143549           
       2.683948              0.0159790103            0.000760010592           
       2.686588              0.0123206105            0.000656293751           
       2.689229             0.00985750139            0.000573628417           
       2.691869               0.010389025            0.000622398818           
       2.694509              0.0100230294            0.000611673183           
       2.697150             0.00686090015            0.000497859398           
       2.699790             0.00737178452            0.000541017612           
       2.702430             0.00773198036            0.000529631415           
       2.705071             0.00625554969            0.000492257422           
       2.707711             0.00620111902            0.000475689583           
       2.710352              0.0073778737            0.000548245611           
       2.712992             0.00675996952            0.000534488917           
       2.715632             0.00825790175            0.000548095592           
       2.718273             0.00741810091            0.000538369854           
       2.720913             0.00725789185            0.000531009317           
       2.723553              0.0068572266            0.000519607388           
       2.726194             0.00843787242            0.000602519074           
       2.728834             0.00765844374            0.000574286088           
       2.731475             0.00743674329            0.000522287785           
       2.734115             0.00790167865            0.000555075099           
       2.736755             0.00782398151            0.000556885528           
       2.739396             0.00692288925            0.000520801424           
       2.742036             0.00634724217            0.000521899147           
       2.744677             0.00738002304            0.000546031944           
       2.747317             0.00720493773            0.000535668828           
       2.749957              0.0066141857            0.000516840586           
       2.752598             0.00825694955             0.00058373542           
       2.755238             0.00704767211            0.000549033883           
       2.757878             0.00701483157            0.000542964064           
       2.760519             0.00868251627            0.000597662151           
       2.763159              0.0106372063            0.000654914946           
       2.765800             0.00821025015            0.000548321275           
       2.768440             0.00741989338            0.000525101678           
       2.771080             0.00845627074            0.000565254552           
       2.773721             0.00662036878            0.000513046597           
       2.776361             0.00731511755            0.000546735085           
       2.779001             0.00775059961            0.000582809385           
       2.781642             0.00773043831            0.000577761444           
       2.784282             0.00731268199            0.000571173793           
       2.786923             0.00708021016            0.000566970076           
       2.789563             0.00753231731            0.000563223309           
       2.792203             0.00625110532            0.000490148793           
       2.794844             0.00686007697            0.000562753371           
       2.797484             0.00739097806             0.00055126993           
       2.800125             0.00616905398            0.000529580585           
       2.802765             0.00700579295            0.000554644962           
       2.805405             0.00618123721            0.000522747019           
       2.808046             0.00749900034             0.00058590055           
       2.810686             0.00671021103            0.000509273245           
       2.813326             0.00734370395            0.000553401745           
       2.815967             0.00629639793            0.000526993165           
       2.818607              0.0063339182            0.000504392103           
       2.821248             0.00664506028            0.000505906483           
       2.823888             0.00675761687             0.00052957262           
       2.826528             0.00828265502            0.000567794256           
       2.829169             0.00694801732            0.000544712632           
       2.831809             0.00592801945            0.000509987282           
       2.834449             0.00679410319             0.00054942268           
       2.837090              0.0072191615            0.000547003002           
       2.839730             0.00632095729             0.00050934512           
       2.842371             0.00671227194            0.000525632047           
       2.845011             0.00668541236            0.000528760734           
       2.847651             0.00726428802            0.000551854612           
       2.850292             0.00716710678            0.000553530469           
       2.852932             0.00677414881            0.000549870004           
       2.855573             0.00813855883            0.000584643028           
       2.858213             0.00667152915            0.000555864801           
       2.860853             0.00788309552            0.000562076066           
       2.863494             0.00720875367            0.000556504107           
       2.866134              0.0063739687            0.000543896103           
       2.868774             0.00708192948            0.000563442666           
       2.871415             0.00692943104            0.000566024649           
       2.874055             0.00714656454            0.000549460675           
       2.876696               0.006726266            0.000547477112           
       2.879336             0.00743455767            0.000554749506           
       2.881976             0.00673509992             0.00054460495           
       2.884617             0.00794203222            0.000582706427           
       2.887257             0.00715552143            0.000555956102           
       2.889897             0.00807779898            0.000578542023           
       2.892538             0.00656047945            0.000571176074           
       2.895178             0.00727093533            0.000543242181           
       2.897819             0.00662559916             0.00052899526           
       2.900459              0.0065697431            0.000516513574           
       2.903099             0.00743527495            0.000543860676           
       2.905740             0.00748702978             0.00055986999           
       2.908380             0.00650254095            0.000527692262           
       2.911021             0.00757675321            0.000578875128           
       2.913661              0.0061830746            0.000522775747           
       2.916301             0.00699742144            0.000556667885           
       2.918942             0.00676437041            0.000523524465           
       2.921582             0.00660899475            0.000541429954           
       2.924222             0.00745090888            0.000556950722           
       2.926863              0.0066967205            0.000549984733           
       2.929503             0.00744152284            0.000586631649           
       2.932144             0.00647122153            0.000525135381           
       2.934784             0.00643453127            0.000515058299           
       2.937424             0.00643878032            0.000520518079           
       2.940065             0.00693910347            0.000515455358           
       2.942705             0.00753885998            0.000536595483           
       2.945346             0.00679654881             0.00054070123           
       2.947986             0.00675343919            0.000549576856           
       2.950626             0.00703225917            0.000557649388           
       2.953267              0.0078498989            0.000579657532           
       2.955907             0.00787327508            0.000602209688           
       2.958547             0.00710227509            0.000539963454           
       2.961188             0.00652706157            0.000540038882           
       2.963828             0.00777887821            0.000576694218           
       2.966469             0.00683642308            0.000530357911           
       2.969109             0.00711094024            0.000548915674           
       2.971749             0.00694863778            0.000539230179           
       2.974390             0.00634468747            0.000506340788           
       2.977030             0.00642595901            0.000520961485           
       2.979670             0.00799506317            0.000565227363           
       2.982311             0.00853760713            0.000605380649           
       2.984951             0.00702208638            0.000522172778           
       2.987592             0.00829532631            0.000578909229           
       2.990232             0.00720968454            0.000561281475           
       2.992872             0.00761789388             0.00054345662           
       2.995513             0.00730533062            0.000520657773           
       2.998153              0.0118179661            0.000673348458           
       3.000794              0.0118819035            0.000653969057           
       3.003434               0.011282593            0.000638225111           
       3.006074              0.0408140119              0.0011968617           
       3.008715               0.117247225             0.00195820892           
       3.011355               0.202730879             0.00248307724           
       3.013995               0.105448148             0.00179568336           
       3.016636              0.0654656974               0.001385495           
       3.019276               0.133703374             0.00194631789           
       3.021917               0.499118714             0.00361589415           
       3.024557                 1.5594313             0.00628386554           
       3.027197                1.16731684             0.00530053009           
       3.029838               0.542699227             0.00366540129           
       3.032478               0.257080402             0.00252532786           
       3.035118              0.0676202788             0.00131253094           
       3.037759              0.0902646702             0.00151449999           
       3.040399                0.12285711             0.00182259543           
       3.043040               0.502945982             0.00373286038           
       3.045680               0.393152544             0.00310517282           
       3.048320              0.0894373959             0.00151325449           
       3.050961               0.106638393             0.00168149248           
       3.053601               0.083970036             0.00143708105           
       3.056242              0.0562367161             0.00125040046           
       3.058882              0.0487915624             0.00124936988           
       3.061522              0.0372624229             0.00107121339           
       3.064163              0.0434462405             0.00114212337           
       3.066803               0.102469169             0.00184660104           
       3.069443               0.103691035             0.00194350252           
       3.072084              0.0555044611             0.00138458104           
       3.074724              0.0397261789             0.00130814899           
       3.077365              0.0824251432              0.0019505732           
       3.080005              0.0188409112            0.000937858518           
       3.082645             0.00994120524            0.000715668025           
       3.085286              0.0131225268            0.000828731442           
       3.087926              0.0092847901            0.000691721038           
       3.090566               0.010224335            0.000711218442           
       3.093207              0.0100513132            0.000733807512           
       3.095847             0.00807201921            0.000630299574           
       3.098488             0.00738395318            0.000668443806           
       3.101128             0.00870770083            0.000730560567           
       3.103768              0.0101440223            0.000773679554           
       3.106409             0.00893961426            0.000772977439           
       3.109049             0.00967214244            0.000771581585           
       3.111690             0.00743543848            0.000664895809           
       3.114330             0.00833163276             0.00071879879           
       3.116970             0.00806787305            0.000712759818           
       3.119611              0.0106769754            0.000872783559           
       3.122251              0.0166532544             0.00114019102           
       3.124891              0.0353449599             0.00167655733           
       3.127532              0.0228208364             0.00131791845           
       3.130172              0.0144399726             0.00106646398           
       3.132813              0.0100944226            0.000877817538           
       3.135453             0.00590640428            0.000665936647           
       3.138093             0.00545323743            0.000693332616           
       3.140734             0.00622658072            0.000683505252           
       3.143374             0.00729320611            0.000782302328           
       3.146014              0.0070828002            0.000829946896           
       3.148655             0.00754784083            0.000796437743           
       3.151295             0.00591245282            0.000751175599           
       3.153936             0.00623398448            0.000745081971           
       3.156576             0.00674163843            0.000764286328           
       3.159216             0.00506258734            0.000665620158           
       3.161857             0.00614830244            0.000730544581           
       3.164497              0.0077517257            0.000861890201           
       3.167138              0.0083939935            0.000926701735           
       3.169778             0.00532404459            0.000725863064           
       3.172418             0.00698032706            0.000822681334           
       3.175059              0.0068463383            0.000722307981           
       3.177699             0.00546457584            0.000683349082           
       3.180339             0.00568663915            0.000746883676           
       3.182980             0.00721698928            0.000869923413           
       3.185620             0.00564819138             0.00078375879           
       3.188261             0.00562765988            0.000796294013           
       3.190901             0.00856399831            0.000903438547           
       3.193541             0.00663497754            0.000835570517           
       3.196182             0.00674080848            0.000877701572           
       3.198822             0.00547568868            0.000791326659           
       3.201463             0.00629407405              0.0008337865           
       3.204103             0.00492320768            0.000732930244           
       3.206743             0.00588265668            0.000801095978           
       3.209384             0.00608605621            0.000880351746           
       3.212024             0.00654256697            0.000850989839           
       3.214664             0.00341820971            0.000699462637           
       3.217305             0.00437743913            0.000752417529           
       3.219945             0.00754345435             0.00101661913           
       3.222586             0.00470960548            0.000765108132           
       3.225226             0.00719753687             0.00104927381           
       3.227866             0.00612299892            0.000884545948           
       3.230507             0.00603825967            0.000910561452           
       3.233147               0.005711692            0.000892747291           
       3.235787             0.00697335057             0.00100948931           
       3.238428              0.0066321586             0.00106238224           
       3.241068             0.00505691527            0.000867422895           
       3.243709             0.00492424687            0.000884351808           
       3.246349             0.00474595355            0.000791439998           
       3.248989             0.00459283971            0.000919316168           
       3.251630             0.00667071193             0.00106690152           
       3.254270             0.00474317064            0.000804041355           
       3.256911             0.00615862047            0.000999665391           
       3.259551             0.00563715916             0.00102965824           
       3.262191              0.0050798056            0.000998397837           
       3.264832             0.00618856823             0.00115140789           
       3.267472             0.00734090144             0.00117641736           
       3.270112             0.00545551659             0.00112077137           
       3.272753             0.00268709209            0.000719971236           
       3.275393             0.00541792591             0.00104313106           
       3.278034             0.00379989616            0.000874082956           
       3.280674              0.0071094306              0.0012973869           
       3.283314             0.00416023809             0.00088760718           
       3.285955             0.00445462688            0.000947664617           
       3.288595             0.00499347221             0.00111625895           
       3.291235             0.00578657942             0.00123527626           
       3.293876             0.00542176963             0.00121288613           
       3.296516              0.0044981785             0.00106059413           
       3.299157             0.00487379559             0.00109011668           
       3.301797             0.00761736681             0.00155455976           
       3.304437             0.00595494828              0.0011908385           
       3.307078             0.00662372543             0.00138348297           
       3.309718              0.0061541114             0.00137645061           
       3.312359             0.00555408348             0.00130793846           
       3.314999             0.00654436297             0.00139786948           
       3.317639             0.00327831016            0.000946209118           
       3.320280             0.00677015428              0.0014457026           
       3.322920              0.0041309726             0.00114829798           
       3.325560             0.00316683309             0.00100608803           
       3.328201             0.00593351862             0.00124028471           
       3.330841             0.00728513718             0.00167261886           
       3.333482             0.00375926429             0.00113570844           
       3.336122             0.00443647126             0.00123433729           
       3.338762             0.00318274688             0.00120769225           
       3.341403             0.00415974568             0.00131928157           
       3.344043             0.00343214928             0.00115052413           
       3.346683             0.00444051862             0.00133604339           
       3.349324             0.00814985316             0.00203503567           
       3.351964             0.00455803171             0.00160935133           
       3.354605              0.0014691628             0.00104494003           
       3.357245             0.00772380643             0.00216137365           
       3.359885             0.00661666053              0.0016011026           
       3.362526             0.00180372425             0.00104540131           
       3.365166             0.00705228604              0.0019496819           
       3.367807             0.00532243217              0.0021676785           
       3.370447             0.00483859354             0.00171444279           
       3.373087             0.00479539736             0.00182516858           
       3.375728             0.00703685442             0.00249527948           
       3.378368             0.00183441087             0.00189081099           
       3.381008             0.00533546184             0.00240416326           
       3.383649             0.00623914231             0.00208557039           
       3.386289             0.00584117734             0.00238832346           
       3.388930             0.00732209022             0.00422964386           
       3.391570             0.00726728536             0.00298081387           
       3.394210             0.00391960447             0.00277038318           
       3.396851             0.00240197491             0.00242592153           
       3.399491             0.00957171195             0.00484405892           
       3.402131             0.00484590961             0.00487639357           
       3.404772           -2.62281807e-05                         0           
       3.407412                       nan                       nan           
       3.410053              0.0184014473              0.0134583259           
       3.412693                       nan                       nan           
       3.415333           -2.63430259e-05                         0           
