################################################################################
# EDF_DataBlockID                     0.Image.Psd
# EDF_BinarySize                      2105344
# EDF_HeaderSize                      2560
# ByteOrder                           LowByteFirst
# DataType                            FloatValue
# Dim_1                               512
# Dim_2                               1028
# Image                               0
# HeaderID                            EH:000000:000000:000000
# Size                                2105344
# Center_1                            304.9000
# Center_2                            588.7000
# Comment                             Xenocs_Cell_Window - 20251028_20perc_iodine_1.23mg
# DDummy                              0.6
# Date                                2025-10-31T13:25:21
# Delta                               21.910000
# Dummy                               -1.5
# ExposureTime                        360
# Gamma                               15.360000
# Intensity1                          8.6041e-10
# PSize_1                             7.5e-05
# PSize_2                             7.5e-05
# Pressure                            0.0326777
# SampleDistance                      0.115750
# SampleEnvKind                       large
# SampleEnvPN                         ElectroChemical cell
# SampleEnvSN                         1141
# Thickness                           0
# Wavelength                          1.541891e-10
# Wavelength                          1.54189e-10
# aux                                 0
# aux_dial                            0.002375
# beamx                               588.434
# beamx_dial                          588.434
# beamz                               657.808
# beamz_dial                          657.808
# det0x                               0
# det0x_dial                          6.36945
# det0xvd                             0
# det0xvd_dial                        0
# det0y                               450.002
# det0y_dial                          481.635
# det0z                               0
# det0z_dial                          1.23302
# det0zvd                             0
# det0zvd_dial                        0
# mag                                 1.818
# mag_dial                            1.818
# om                                  0.2499
# om_dial                             -0.610199
# phi                                 -0.0120535
# phi_dial                            0
# ry                                  0.599993
# ry_dial                             0.599993
# s1bot                               0.8
# s1bot_dial                          -1.66094
# s1hl                                0.8
# s1hl_dial                           -0.608437
# s1hr                                0.8
# s1hr_dial                           0.970938
# s1top                               0.8
# s1top_dial                          -0.461562
# s2bot                               0.45
# s2bot_dial                          1.36109
# s2hl                                0.45
# s2hl_dial                           -0.83375
# s2hr                                0.45
# s2hr_dial                           -0.118594
# s2top                               0.45
# s2top_dial                          1.44734
# w2theta                             32
# w2theta_dial                        32
# waxsch                              19.2605
# waxsch_dial                         -32.7355
# waxsh                               137.085
# waxsh_dial                          -43.5338
# waxsth                              26.0607
# waxsth_dial                         -19.4086
# waxsz                               67.0407
# waxsz_dial                          -23.7954
# wind                                65.9854
# wind_dial                           66.0041
# wpsi                                124
# wpsi_dial                           124
# wstod                               115
# wstod_dial                          115
# x                                   0
# x_dial                              1.00969
# z                                   0
# z_dial                              13.3172
# CountCutoff                         6807993
# DetectorModel                       Dectris EIGER2 Si 500K, S/N E-01-0554
# ThresholdSetting                    4023.88989258
# Saturation                          0
# FlatField                           Corrected
# BackgroundReductionExtra            0.02
# BackgroundCorrectionConstant        0.0026712
# Detector                            0
# Monitor                             0
# Pil_Roi0                            0
# SumForIntensity1                    3.09748e+08
# TransmittedFlux                     860410
# det                                 0
# mon                                 0
# pilai0                              3.09748e+08
# pilai1                              780576
# pilct0                              5.3517e+08
# pilct1                              780576
# pilroi0                             0
# pilroi1                             0
# sec                                 1
# title                               20251028_20perc_iodine_1.23mg_1_00646.edf
# usaxs0                              0
# Operation                           Azimuthal average I(q)
# Error_model                         ErrorModel.poisson
# Geometrical_correction              True
# Transmission_correction             True
# Thickness_correction                False
# Binning mode                        Uniform
# Binning factor                      1.0
# Psi                                 0.0
# Omega                               0.2499
# MaskInvalidPixels                   True
# DetectorEdge                        3
# MaskFiles                           ['WAXS_corrected.edf']
################################################################################
    q(A⁻¹)                Intensity(a.u.)            Sigma_I(a.u.)            
       0.693100           -2.35971255e-05                         0           
       0.695741             0.00554979075             0.00404024189           
       0.698381           -2.35776358e-05                         0           
       0.701021           -2.35599643e-05                         0           
       0.703662             0.00565948757             0.00407813993           
       0.706302             0.00341982856             0.00245432963           
       0.708942           -2.35142553e-05                         0           
       0.711583           -2.35094004e-05                         0           
       0.714223             0.00583077219             0.00413523816           
       0.716864             0.00498511151             0.00250176039           
       0.719504              0.0102440149             0.00387000237           
       0.722144             0.00373664785             0.00216453211           
       0.724785             0.00937558322             0.00273497586           
       0.727425             0.00733566778             0.00327276051           
       0.730065             0.00794738145             0.00240961493           
       0.732706             0.00966800673             0.00223178746           
       0.735346              0.0086759234             0.00275591822           
       0.737987             0.00913884199             0.00199871618           
       0.740627             0.00481192417             0.00216397089           
       0.743267              0.0096035014             0.00204761823           
       0.745908             0.00309108379              0.0012603707           
       0.748548              0.0100228483             0.00209195782           
       0.751189             0.00397894638             0.00177606115           
       0.753829             0.00534905872             0.00189294354           
       0.756469             0.00605127608             0.00162351314           
       0.759110             0.00960842908              0.0021559022           
       0.761750             0.00566302426             0.00146348318           
       0.764390             0.00536537312             0.00149097017           
       0.767031             0.00648062496             0.00141898105           
       0.769671             0.00776849213             0.00193798832           
       0.772312             0.00980516997             0.00165753118           
       0.774952               0.010199596             0.00228289188           
       0.777592              0.0078331556             0.00145720088           
       0.780233             0.00469457798             0.00136104692           
       0.782873              0.0083011482             0.00173095801           
       0.785513             0.00615035517             0.00159283696           
       0.788154             0.00631095062             0.00134974736           
       0.790794             0.00693961669             0.00169212278           
       0.793435             0.00898971511             0.00173016417           
       0.796075             0.00649255079             0.00141640741           
       0.798715             0.00514405509             0.00148986206           
       0.801356              0.0101337162             0.00179975562           
       0.803996             0.00762347524             0.00159146973           
       0.806637             0.00839776612             0.00132927854           
       0.809277             0.00714177649             0.00132684004           
       0.811917             0.00710967516             0.00123759335           
       0.814558             0.00716590395             0.00129133356           
       0.817198             0.00801279047             0.00129729838           
       0.819838             0.00727968607             0.00125145871           
       0.822479             0.00922504318             0.00165429707           
       0.825119             0.00878165383             0.00137376098           
       0.827760             0.00749155682             0.00128529227           
       0.830400             0.00797019283             0.00124774396           
       0.833040             0.00836304549             0.00133908132           
       0.835681             0.00804117116             0.00149272382           
       0.838321              0.0068216037             0.00115397598           
       0.840961             0.00600868441             0.00118001959           
       0.843602             0.00505562797            0.000992603387           
       0.846242              0.0075867468             0.00121576941           
       0.848883              0.0073645633              0.0012258115           
       0.851523              0.0079594646             0.00125853005           
       0.854163             0.00695896179             0.00125144873           
       0.856804             0.00673139783             0.00110667322           
       0.859444             0.00698327272             0.00110442624           
       0.862085             0.00641997104             0.00110368664           
       0.864725             0.00817278999             0.00127440794           
       0.867365             0.00444361312             0.00087137946           
       0.870006              0.0100685967             0.00124991809           
       0.872646             0.00494151511            0.000918233006           
       0.875286             0.00723955102             0.00106925591           
       0.877927             0.00793342005              0.0010800961           
       0.880567             0.00710601363             0.00105904268           
       0.883208             0.00866256784             0.00115827833           
       0.885848             0.00648751814              0.0010407637           
       0.888488              0.0077673483             0.00106812848           
       0.891129             0.00912248524             0.00118857303           
       0.893769             0.00639570011            0.000952438787           
       0.896410             0.00992740699              0.0011063438           
       0.899050              0.0089343575             0.00115422158           
       0.901690             0.00565249579             0.00100004926           
       0.904331             0.00723654774             0.00100316575           
       0.906971             0.00566200352            0.000943987923           
       0.909611             0.00691259865            0.000949502597           
       0.912252             0.00806425956             0.00105928763           
       0.914892             0.00663027535             0.00104962191           
       0.917533             0.00800636449             0.00109112433           
       0.920173             0.00640105795            0.000905187192           
       0.922813             0.00844860619             0.00109129177           
       0.925454             0.00675275133            0.000878535169           
       0.928094             0.00701964267            0.000956265444           
       0.930734              0.0082957982             0.00111920256           
       0.933375             0.00738723901             0.00104575553           
       0.936015             0.00804694433             0.00099127174           
       0.938656              0.0071814768             0.00100458845           
       0.941296             0.00668550773            0.000878433059           
       0.943936             0.00664669994            0.000858935908           
       0.946577             0.00797390351            0.000934571398           
       0.949217              0.0090899654             0.00091759847           
       0.951858             0.00771760138            0.000885067975           
       0.954498             0.00828691184             0.00106156401           
       0.957138              0.0073122339            0.000944694412           
       0.959779             0.00842869633            0.000999845482           
       0.962419             0.00816639812            0.000977618757           
       0.965059             0.00776193969             0.00100241393           
       0.967700             0.00828341618             0.00106059802           
       0.970340             0.00839442237            0.000944791945           
       0.972981             0.00772805316            0.000825923721           
       0.975621             0.00720089787            0.000848143824           
       0.978261             0.00783651523            0.000840701184           
       0.980902             0.00950719939             0.00110790128           
       0.983542             0.00657927062            0.000816176653           
       0.986182             0.00683788547            0.000816914329           
       0.988823             0.00865331726            0.000892332932           
       0.991463             0.00763003352            0.000893965546           
       0.994104             0.00846203502            0.000918394125           
       0.996744             0.00715715579            0.000861506761           
       0.999384             0.00787649543            0.000808267211           
       1.002025             0.00845318598            0.000934575226           
       1.004665             0.00881341019            0.000872094295           
       1.007306             0.00819241978            0.000836505662           
       1.009946             0.00800047738            0.000843065535           
       1.012586             0.00909372393            0.000875400851           
       1.015227             0.00737868478              0.0008471424           
       1.017867              0.0073711585            0.000813747099           
       1.020507             0.00835144391            0.000839001859           
       1.023148             0.00676543115            0.000814821215           
       1.025788             0.00915496889            0.000869110532           
       1.028429             0.00915158688            0.000910368018           
       1.031069             0.00738556517            0.000769605248           
       1.033709             0.00824476402            0.000864369709           
       1.036350             0.00789690135            0.000759768402           
       1.038990             0.00894146596            0.000823314103           
       1.041630             0.00933442631            0.000877391702           
       1.044271             0.00814203832            0.000770651992           
       1.046911             0.00824817202             0.00081589162           
       1.049552             0.00795146106            0.000841638499           
       1.052192             0.00935081699            0.000833408594           
       1.054832             0.00832326113            0.000793437656           
       1.057473             0.00928316396            0.000826034089           
       1.060113             0.00825179383            0.000759538627           
       1.062754             0.00816113859            0.000771204046           
       1.065394             0.00766221155            0.000790045635           
       1.068034             0.00851065864            0.000757587222           
       1.070675               0.008891217            0.000807731693           
       1.073315             0.00929824528            0.000837853069           
       1.075955             0.00880636091            0.000769775173           
       1.078596             0.00866798727            0.000811665331           
       1.081236             0.00800961379            0.000747122876           
       1.083877             0.00902995972            0.000786168571           
       1.086517             0.00769392005             0.00077814393           
       1.089157             0.00875166095            0.000861125283           
       1.091798             0.00877468979            0.000755955368           
       1.094438             0.00886359257            0.000757323061           
       1.097078             0.00882570166            0.000724798079           
       1.099719             0.00920736139            0.000800751799           
       1.102359             0.00813035684            0.000704690571           
       1.105000             0.00886877857            0.000822987165           
       1.107640             0.00906724022            0.000795665402           
       1.110280             0.00835311873            0.000696809098           
       1.112921             0.00892277944            0.000773626383           
       1.115561             0.00850454631            0.000717828394           
       1.118202             0.00825819153            0.000708021691           
       1.120842             0.00911943834            0.000781976181           
       1.123482             0.00828628679            0.000742144495           
       1.126123              0.0086738878            0.000728299257           
       1.128763             0.00893233942            0.000744137301           
       1.131403               0.008739992            0.000709277701           
       1.134044             0.00970730469            0.000769177414           
       1.136684             0.00900876247            0.000790019118           
       1.139325             0.00918242835            0.000734745958           
       1.141965             0.00969988033              0.0007601569           
       1.144605             0.00952738015            0.000718338006           
       1.147246             0.00968430814            0.000741186567           
       1.149886             0.00896729248            0.000710688753           
       1.152527             0.00914807152            0.000728255179           
       1.155167             0.00891793445            0.000683913239           
       1.157807             0.00818923434             0.00070267982           
       1.160448             0.00990791577            0.000754763029           
       1.163088             0.00956034955            0.000707192638           
       1.165728             0.00860582355            0.000688888003           
       1.168369             0.00959205148             0.00073401004           
       1.171009             0.00972320728            0.000717190326           
       1.173650             0.00952140186            0.000728330293           
       1.176290             0.00952413525            0.000711844235           
       1.178930              0.0095099482            0.000697152344           
       1.181571             0.00902480329            0.000692604685           
       1.184211             0.00918969242            0.000701381234           
       1.186851             0.00987540379            0.000710853815           
       1.189492             0.00990573288            0.000707154935           
       1.192132              0.0100177346            0.000703162493           
       1.194773             0.00916720422            0.000675589359           
       1.197413              0.0100218678            0.000676812496           
       1.200053              0.0100917824            0.000696425837           
       1.202694             0.00959641017              0.0006458025           
       1.205334             0.00887685048            0.000669371816           
       1.207975              0.0101186467            0.000682162673           
       1.210615             0.00983774059            0.000742022074           
       1.213255             0.00905802175            0.000637588166           
       1.215896              0.0100155791            0.000682590343           
       1.218536             0.00827365571            0.000596539832           
       1.221176              0.0100212941             0.00071377961           
       1.223817              0.0090290544            0.000636001349           
       1.226457             0.00913835813            0.000652729799           
       1.229098             0.00994169881            0.000680782676           
       1.231738              0.0109669667            0.000718544476           
       1.234378              0.0103804446            0.000656877861           
       1.237019              0.0102743818            0.000673439372           
       1.239659             0.00931838676            0.000635757223           
       1.242299              0.0102550251            0.000658470285           
       1.244940              0.0102216264            0.000639359947           
       1.247580              0.0105768498            0.000670264236           
       1.250221              0.0100906552            0.000650638124           
       1.252861             0.00980894189            0.000610702989           
       1.255501               0.010760833            0.000694536852           
       1.258142              0.0109546509            0.000658493256           
       1.260782             0.00978333624            0.000635758641           
       1.263423               0.010649716             0.00063736772           
       1.266063             0.00963877239            0.000621503582           
       1.268703               0.011442119            0.000671532704           
       1.271344              0.0110694372            0.000682890937           
       1.273984              0.0101680082            0.000632113332           
       1.276624             0.00990817936            0.000612262183           
       1.279265              0.0109117203            0.000653190753           
       1.281905              0.0112382572            0.000665834203           
       1.284546              0.0100571444             0.00060883073           
       1.287186              0.0104545696            0.000609015411           
       1.289826               0.011586328            0.000675701655           
       1.292467              0.0101796321            0.000619406136           
       1.295107              0.0104022915            0.000619923778           
       1.297747              0.0114720642            0.000622972411           
       1.300388              0.0111192731            0.000668594841           
       1.303028              0.0117241504             0.00065541179           
       1.305669              0.0107892547            0.000643708194           
       1.308309              0.0114183289            0.000655687057           
       1.310949              0.0108784134            0.000639354085           
       1.313590              0.0105696679            0.000610516032           
       1.316230              0.0106347929            0.000653509424           
       1.318871                0.01053222            0.000636938197           
       1.321511              0.0110904077            0.000641483934           
       1.324151              0.0116207038            0.000637174373           
       1.326792              0.0107785766            0.000617446747           
       1.329432              0.0107435056            0.000612091308           
       1.332072              0.0114266994            0.000621845616           
       1.334713              0.0102119472            0.000606733418           
       1.337353              0.0108346449            0.000599347385           
       1.339994              0.0113379698            0.000643398643           
       1.342634               0.010302143            0.000588120672           
       1.345274              0.0104833458            0.000613979017           
       1.347915              0.0116179792            0.000628502742           
       1.350555              0.0108340077            0.000617556612           
       1.353195              0.0107019471            0.000616795817           
       1.355836              0.0109186191            0.000613293722           
       1.358476              0.0115198729            0.000611780507           
       1.361117              0.0108772402            0.000595287636           
       1.363757              0.0113323418            0.000626166591           
       1.366397              0.0111892591            0.000603372471           
       1.369038               0.011193401            0.000609493166           
       1.371678              0.0112040069            0.000604405977           
       1.374319              0.0104005714            0.000577317638           
       1.376959              0.0112702015            0.000594925324           
       1.379599              0.0107693298             0.00062325108           
       1.382240              0.0111864525            0.000596998702           
       1.384880              0.0111064663            0.000630092455           
       1.387520              0.0129245479            0.000645542077           
       1.390161              0.0104555338            0.000551446967           
       1.392801              0.0112627763            0.000596321812           
       1.395442              0.0103841317            0.000580409332           
       1.398082              0.0112866858            0.000566656774           
       1.400722              0.0111341604            0.000589535709           
       1.403363              0.0111379565             0.00062066374           
       1.406003              0.0111983547            0.000582430684           
       1.408644              0.0110169229            0.000605171242           
       1.411284              0.0113861295            0.000582566457           
       1.413924              0.0107350929            0.000563569245           
       1.416565              0.0108539907            0.000564455598           
       1.419205              0.0114705863             0.00060531107           
       1.421845              0.0118886479            0.000615881212           
       1.424486                0.01068911             0.00056134357           
       1.427126              0.0112230966            0.000597515306           
       1.429767              0.0109670899            0.000555740316           
       1.432407              0.0112272883            0.000588454066           
       1.435047              0.0113980516            0.000556843033           
       1.437688              0.0104390607             0.00054087087           
       1.440328                 0.0112039            0.000571884423           
       1.442968              0.0117975345            0.000599987898           
       1.445609              0.0114986575            0.000573548555           
       1.448249               0.011039887             0.00057621967           
       1.450890              0.0109534083            0.000570212178           
       1.453530              0.0111864608            0.000602869606           
       1.456170              0.0108759362            0.000576921068           
       1.458811              0.0116191607            0.000570202147           
       1.461451              0.0101990956            0.000535624054           
       1.464092              0.0107860993            0.000554423391           
       1.466732              0.0113256569            0.000563239248           
       1.469372              0.0107854473            0.000536779158           
       1.472013               0.010782989            0.000578861069           
       1.474653              0.0115086098             0.00058879544           
       1.477293              0.0105420085            0.000575404213           
       1.479934               0.011036344            0.000561781502           
       1.482574             0.00976668874            0.000511221759           
       1.485215              0.0111912351            0.000557428403           
       1.487855              0.0117095536            0.000577712621           
       1.490495              0.0104925393            0.000544853278           
       1.493136              0.0109489614            0.000548948662           
       1.495776              0.0109349839            0.000546100206           
       1.498416              0.0100573858            0.000540862925           
       1.501057              0.0112252047            0.000558809194           
       1.503697             0.00990183139            0.000513111561           
       1.506338              0.0105179664            0.000538498339           
       1.508978              0.0105827541            0.000534842252           
       1.511618               0.010874531            0.000577403275           
       1.514259                0.01071235            0.000553283297           
       1.516899              0.0104971857            0.000533276866           
       1.519540              0.0100180953             0.00052936636           
       1.522180              0.0113259043            0.000567804199           
       1.524820              0.0101854002            0.000535436221           
       1.527461              0.0104523535            0.000545090143           
       1.530101              0.0102806334             0.00053518748           
       1.532741             0.00999609908            0.000524666783           
       1.535382              0.0111308412            0.000562559177           
       1.538022               0.010094109            0.000504677014           
       1.540663              0.0108247313            0.000562112757           
       1.543303              0.0108434106            0.000522380996           
       1.545943              0.0113759673            0.000566316418           
       1.548584              0.0105135654            0.000554200235           
       1.551224              0.0108826665            0.000521327535           
       1.553864             0.00986406507            0.000524465923           
       1.556505              0.0096181361            0.000500291975           
       1.559145              0.0101968684             0.00052143386           
       1.561786             0.00972504426            0.000509619409           
       1.564426              0.0098763739             0.00049759503           
       1.567066              0.0113788285            0.000559638724           
       1.569707             0.00953728223            0.000503151865           
       1.572347              0.0104329676            0.000543667096           
       1.574988              0.0100598219            0.000508141563           
       1.577628             0.00961203336            0.000517939265           
       1.580268              0.0108062939            0.000532090654           
       1.582909              0.0103518963            0.000552009779           
       1.585549             0.00959879229            0.000516119236           
       1.588189                0.01029611            0.000522871207           
       1.590830             0.00909689618            0.000490861906           
       1.593470             0.00987437312            0.000531657603           
       1.596111             0.00875763192            0.000488830882           
       1.598751             0.00981279042            0.000501383811           
       1.601391             0.00885432508            0.000486776205           
       1.604032             0.00986894989            0.000524653388           
       1.606672             0.00913835717            0.000490519545           
       1.609312             0.00902153029            0.000508761458           
       1.611953             0.00939618756            0.000508087409           
       1.614593             0.00943039526            0.000499299909           
       1.617234             0.00892220729            0.000503327142           
       1.619874             0.00931960376            0.000512382098           
       1.622514             0.00953470567            0.000511191558           
       1.625155             0.00942654228            0.000511286448           
       1.627795             0.00913866617            0.000491084192           
       1.630436             0.00900123767            0.000484832784           
       1.633076              0.0100757505            0.000519682968           
       1.635716             0.00899225582            0.000483307724           
       1.638357             0.00976640623            0.000505010059           
       1.640997             0.00902510087            0.000500171577           
       1.643637             0.00894181697            0.000484472366           
       1.646278             0.00880198344            0.000495771989           
       1.648918             0.00898455003            0.000502253524           
       1.651559              0.0091284075            0.000510187825           
       1.654199             0.00941933944            0.000504047703           
       1.656839             0.00866292154             0.00048355422           
       1.659480             0.00857342233            0.000499114186           
       1.662120             0.00929887572            0.000489567943           
       1.664761             0.00915334885            0.000504539766           
       1.667401             0.00871461841            0.000470533115           
       1.670041             0.00795859174            0.000456516156           
       1.672682              0.0096589671            0.000500858074           
       1.675322             0.00918377972            0.000485241932           
       1.677962             0.00924771775            0.000481556703           
       1.680603             0.00871368891            0.000468884153           
       1.683243             0.00879005549            0.000491332131           
       1.685884              0.0093111518            0.000509420462           
       1.688524             0.00831603541            0.000472123563           
       1.691164             0.00882137379            0.000486367096           
       1.693805              0.0093032505            0.000504961553           
       1.696445              0.0077832144            0.000464549923           
       1.699085             0.00889895095            0.000480087627           
       1.701726              0.0085033641              0.0004520844           
       1.704366             0.00776584337            0.000455136521           
       1.707007             0.00808230908             0.00045396741           
       1.709647             0.00800125098            0.000456786157           
       1.712287             0.00878632694            0.000482838081           
       1.714928             0.00843688507            0.000476953897           
       1.717568             0.00865996936            0.000455193702           
       1.720209             0.00860814215            0.000475354988           
       1.722849             0.00866558205            0.000474486323           
       1.725489             0.00838954876            0.000467260049           
       1.728130             0.00843865259            0.000498017569           
       1.730770             0.00795933366            0.000459353671           
       1.733410             0.00898826858            0.000480469634           
       1.736051             0.00783489282            0.000451707051           
       1.738691             0.00822333758             0.00045338822           
       1.741332             0.00839503348            0.000471491993           
       1.743972             0.00861271983            0.000493167842           
       1.746612             0.00864336278             0.00047440855           
       1.749253             0.00833465543             0.00047505948           
       1.751893             0.00877806107            0.000483953803           
       1.754533             0.00841247222            0.000473326326           
       1.757174             0.00888112257            0.000481777665           
       1.759814               0.008027433            0.000451094581           
       1.762455             0.00845126174            0.000471348659           
       1.765095             0.00877598313            0.000459483122           
       1.767735             0.00877182367            0.000473545908           
       1.770376              0.0079026827             0.00045065877           
       1.773016              0.0091466091             0.00048158373           
       1.775657             0.00812893557            0.000447470376           
       1.778297              0.0080359775            0.000441073492           
       1.780937             0.00822931287             0.00047111993           
       1.783578             0.00892087726            0.000478251345           
       1.786218             0.00868852033            0.000492564734           
       1.788858             0.00838757807            0.000459644403           
       1.791499             0.00842871764            0.000455595384           
       1.794139             0.00859459838            0.000456324171           
       1.796780             0.00863460925            0.000455180101           
       1.799420             0.00912297723            0.000465284429           
       1.802060              0.0084099479            0.000450340194           
       1.804701             0.00906197022            0.000448607166           
       1.807341             0.00879350805            0.000464353584           
       1.809981             0.00963388895            0.000487656575           
       1.812622             0.00857625741            0.000451827046           
       1.815262             0.00928622836            0.000480144321           
       1.817903             0.00863163428            0.000456053294           
       1.820543             0.00913981367            0.000476598704           
       1.823183              0.0085355878            0.000460322374           
       1.825824             0.00973636344            0.000469689205           
       1.828464             0.00816804444            0.000448502957           
       1.831105             0.00862834931            0.000448222544           
       1.833745             0.00781888216            0.000435792475           
       1.836385             0.00887748417            0.000477609411           
       1.839026             0.00909263029            0.000481835046           
       1.841666             0.00829464861            0.000458574499           
       1.844306             0.00847633898            0.000450920996           
       1.846947             0.00940841943            0.000479231058           
       1.849587             0.00857627293            0.000505243046           
       1.852228             0.00826668816            0.000448543215           
       1.854868             0.00862655677            0.000484022953           
       1.857508             0.00894203395            0.000487960683           
       1.860149             0.00924733798            0.000505236509           
       1.862789             0.00869692417            0.000472934049           
       1.865429             0.00867888973             0.00049315867           
       1.868070             0.00867294479             0.00048641905           
       1.870710             0.00925677249            0.000490938825           
       1.873351             0.00954095231            0.000504579268           
       1.875991             0.00810125201            0.000472541735           
       1.878631             0.00833741114            0.000470198596           
       1.881272             0.00940899379            0.000496155286           
       1.883912             0.00905648989            0.000506588535           
       1.886553             0.00914657452            0.000503410046           
       1.889193             0.00822159679            0.000476461735           
       1.891833             0.00836009597            0.000498974534           
       1.894474             0.00881279086            0.000507844377           
       1.897114             0.00909039363            0.000499110417           
       1.899754             0.00914732161            0.000502765647           
       1.902395             0.00849350655            0.000474992831           
       1.905035             0.00750066289            0.000472778865           
       1.907676             0.00901710415            0.000488567405           
       1.910316             0.00940234166            0.000512141288           
       1.912956             0.00897495442            0.000489358011           
       1.915597             0.00795216406            0.000463205489           
       1.918237              0.0084277267            0.000492475088           
       1.920878             0.00801499763             0.00047829875           
       1.923518             0.00882926016            0.000502219919           
       1.926158             0.00911956047            0.000503786159           
       1.928799             0.00879199966            0.000488930026           
       1.931439             0.00757321849            0.000465679795           
       1.934079             0.00845277078             0.00051287616           
       1.936720              0.0086815428            0.000481582239           
       1.939360             0.00769286706            0.000483641743           
       1.942001             0.00964454984            0.000496337847           
       1.944641             0.00809010718            0.000463537648           
       1.947281              0.0080995546            0.000459533071           
       1.949922              0.0081686216            0.000476676481           
       1.952562             0.00890018015            0.000513160197           
       1.955202              0.0083165886            0.000495446153           
       1.957843             0.00892496614            0.000499937857           
       1.960483             0.00899048511            0.000524599387           
       1.963124             0.00918797785            0.000519450044           
       1.965764             0.00834899547            0.000466955531           
       1.968404             0.00786113892            0.000448826257           
       1.971045             0.00855018378            0.000477235645           
       1.973685             0.00764731502            0.000473417405           
       1.976326             0.00800313451            0.000477649762           
       1.978966             0.00824118996            0.000488955287           
       1.981606             0.00794492983            0.000490098701           
       1.984247             0.00862434381            0.000507267276           
       1.986887             0.00867681058            0.000502713007           
       1.989527             0.00757226511            0.000464569311           
       1.992168             0.00793329863            0.000493387446           
       1.994808             0.00826981362              0.0005015837           
       1.997449             0.00858006179            0.000500413486           
       2.000089             0.00856736432            0.000498060567           
       2.002729              0.0082917529            0.000490277554           
       2.005370             0.00746250724            0.000460111429           
       2.008010             0.00846622798            0.000511467126           
       2.010650             0.00733014648            0.000479465845           
       2.013291             0.00797233997            0.000479749111           
       2.015931             0.00838167864            0.000488434006           
       2.018572              0.0076731071            0.000499856344           
       2.021212             0.00752556127            0.000486133141           
       2.023852             0.00728582366            0.000452714196           
       2.026493             0.00766312043            0.000485031588           
       2.029133             0.00753529575            0.000471290249           
       2.031774             0.00679645656            0.000469734894           
       2.034414              0.0081470206             0.00047322138           
       2.037054             0.00831149612            0.000490089387           
       2.039695             0.00745386722            0.000460610714           
       2.042335             0.00780919347            0.000489952075           
       2.044975             0.00768079949            0.000480014907           
       2.047616             0.00811584848             0.00049219627           
       2.050256             0.00753957455            0.000478889616           
       2.052897              0.0078748772            0.000498445247           
       2.055537             0.00775142191            0.000477937411           
       2.058177              0.0079176579             0.00047302163           
       2.060818             0.00743251376            0.000480105452           
       2.063458             0.00760349338            0.000506039574           
       2.066098             0.00688311931            0.000454188867           
       2.068739             0.00740651884            0.000478464413           
       2.071379             0.00770467015            0.000500726941           
       2.074020             0.00690640987            0.000463775293           
       2.076660              0.0076576058            0.000492294108           
       2.079300             0.00719977282            0.000489046715           
       2.081941             0.00796404577            0.000470945021           
       2.084581             0.00778388501            0.000491432411           
       2.087222             0.00706520442            0.000451530561           
       2.089862             0.00770065026            0.000513425235           
       2.092502              0.0076981192            0.000497610672           
       2.095143             0.00737389229            0.000502919795           
       2.097783             0.00864792491            0.000527299255           
       2.100423             0.00782327461            0.000483268733           
       2.103064             0.00780583785            0.000500897111           
       2.105704             0.00750348809            0.000488667938           
       2.108345             0.00708013125            0.000456042617           
       2.110985             0.00717653051            0.000490391259           
       2.113625             0.00826287249            0.000530792023           
       2.116266             0.00688038986            0.000491228663           
       2.118906             0.00678871822            0.000454737607           
       2.121546             0.00863841416            0.000503166584           
       2.124187              0.0079117849            0.000505467869           
       2.126827             0.00715299496             0.00048598233           
       2.129468             0.00810505127            0.000518635597           
       2.132108             0.00728924365            0.000478524904           
       2.134748             0.00800430837            0.000499501701           
       2.137389             0.00825254724            0.000529123194           
       2.140029             0.00664507725             0.00042507199           
       2.142670             0.00692452464             0.00046373729           
       2.145310             0.00818200125            0.000490638388           
       2.147950              0.0076377305            0.000487915139           
       2.150591              0.0070010437            0.000462415291           
       2.153231             0.00796862027            0.000507812187           
       2.155871             0.00706121468            0.000461804632           
       2.158512             0.00749309039            0.000496377404           
       2.161152             0.00799007907            0.000496511707           
       2.163793             0.00703692703            0.000463858923           
       2.166433             0.00777782353             0.00050078271           
       2.169073             0.00758951783            0.000483670111           
       2.171714             0.00704151621            0.000462398584           
       2.174354             0.00819214994            0.000521147009           
       2.176995             0.00802327115            0.000513577249           
       2.179635             0.00687699146            0.000502443498           
       2.182275             0.00679279742            0.000471473523           
       2.184916             0.00668994688             0.00045192154           
       2.187556             0.00744519939            0.000471970707           
       2.190196             0.00765093133            0.000499970893           
       2.192837             0.00808223127            0.000511074059           
       2.195477             0.00769928799            0.000475565213           
       2.198118             0.00748979418            0.000481069383           
       2.200758             0.00774832688            0.000501993866           
       2.203398             0.00721275473            0.000487432532           
       2.206039              0.0069034134             0.00045131279           
       2.208679             0.00744877503            0.000479710861           
       2.211319             0.00749784676            0.000484063513           
       2.213960             0.00677514755            0.000466308822           
       2.216600             0.00745630384            0.000506054375           
       2.219241             0.00721617097            0.000475799426           
       2.221881             0.00777682041            0.000494952543           
       2.224521             0.00738787887            0.000488328244           
       2.227162             0.00710650194            0.000469349196           
       2.229802             0.00735974411            0.000492590677           
       2.232443             0.00770008117            0.000495904214           
       2.235083             0.00772525288            0.000511365821           
       2.237723             0.00707955679            0.000469774099           
       2.240364             0.00717088034            0.000484441984           
       2.243004             0.00769900268            0.000497957298           
       2.245644             0.00749962426            0.000496386599           
       2.248285             0.00736099623            0.000481925672           
       2.250925             0.00751023803            0.000489743635           
       2.253566             0.00754791486            0.000524885106           
       2.256206             0.00690973518            0.000492163855           
       2.258846             0.00739880293            0.000484469638           
       2.261487             0.00833666879            0.000539762783           
       2.264127             0.00698085974            0.000477025069           
       2.266767             0.00684102773            0.000484804634           
       2.269408             0.00697040969            0.000491371602           
       2.272048             0.00674229569             0.00048037973           
       2.274689             0.00784356432            0.000524955562           
       2.277329             0.00731958563            0.000477484314           
       2.279969             0.00777509703            0.000523830848           
       2.282610             0.00680620292            0.000476475462           
       2.285250             0.00723876715            0.000470320596           
       2.287891             0.00681221233             0.00048917216           
       2.290531             0.00754586653            0.000521760741           
       2.293171             0.00715487551            0.000494899658           
       2.295812             0.00615159245            0.000457046783           
       2.298452             0.00708492458            0.000512927316           
       2.301092             0.00721537107            0.000480939779           
       2.303733             0.00616352002            0.000462439542           
       2.306373             0.00770298299            0.000525117169           
       2.309014             0.00767626947            0.000513979767           
       2.311654             0.00715796546            0.000517938174           
       2.314294             0.00684338617            0.000466574991           
       2.316935             0.00673713958            0.000464851527           
       2.319575             0.00753878302             0.00051521971           
       2.322215             0.00687513774            0.000512767656           
       2.324856             0.00675294203            0.000467228342           
       2.327496             0.00693110348            0.000503321403           
       2.330137             0.00689487795            0.000480380628           
       2.332777             0.00783495559            0.000528012297           
       2.335417             0.00790634138            0.000514579193           
       2.338058             0.00737731522            0.000511913921           
       2.340698             0.00783684368            0.000523470265           
       2.343339             0.00734350046            0.000517876741           
       2.345979             0.00785012877            0.000506571652           
       2.348619             0.00712556119            0.000500269222           
       2.351260             0.00738585137            0.000506357007           
       2.353900             0.00721075264            0.000498733916           
       2.356540             0.00704987858             0.00049243906           
       2.359181             0.00661888039            0.000470459528           
       2.361821             0.00664791058            0.000455446879           
       2.364462             0.00814518979            0.000527260797           
       2.367102             0.00680911341            0.000495415509           
       2.369742             0.00603414367            0.000490888367           
       2.372383             0.00746984651            0.000494558908           
       2.375023             0.00669482391            0.000492180063           
       2.377663             0.00747910366            0.000497397738           
       2.380304             0.00705204534            0.000491041513           
       2.382944             0.00769609997            0.000488592239           
       2.385585             0.00702455784            0.000497838625           
       2.388225             0.00737715228             0.00050778273           
       2.390865             0.00712254552            0.000493818009           
       2.393506             0.00662154641            0.000467150987           
       2.396146             0.00682963904             0.00051298019           
       2.398787             0.00749083465            0.000495106622           
       2.401427             0.00768524917            0.000484053831           
       2.404067              0.0065370444            0.000456390022           
       2.406708             0.00716339456            0.000472025526           
       2.409348             0.00678781825            0.000487373519           
       2.411988              0.0068499681            0.000479699351           
       2.414629             0.00751158396            0.000517976279           
       2.417269             0.00720745273            0.000513305768           
       2.419910             0.00698084271            0.000506344109           
       2.422550             0.00700163919            0.000485159877           
       2.425190             0.00702884218            0.000512401682           
       2.427831             0.00745634335             0.00052478739           
       2.430471             0.00672239055             0.00047471763           
       2.433112             0.00648512557            0.000454030831           
       2.435752              0.0071993549            0.000506275309           
       2.438392              0.0073240853            0.000492874014           
       2.441033             0.00682376693            0.000504190689           
       2.443673             0.00679017851            0.000503334933           
       2.446313             0.00623252116            0.000482648659           
       2.448954             0.00646213306            0.000467937536           
       2.451594             0.00680447429             0.00051629757           
       2.454235             0.00827777252            0.000534294336           
       2.456875             0.00726672239            0.000523809756           
       2.459515             0.00773995156            0.000554591349           
       2.462156             0.00758519016            0.000518350197           
       2.464796             0.00763986636            0.000513503416           
       2.467436             0.00763709966            0.000530926682           
       2.470077             0.00874319044            0.000538431513           
       2.472717             0.00731916324            0.000494770077           
       2.475358             0.00724841832            0.000497507125           
       2.477998             0.00808876273            0.000516695555           
       2.480638             0.00644860221            0.000469543378           
       2.483279             0.00721945844            0.000519251516           
       2.485919             0.00800522795            0.000526947171           
       2.488560             0.00671965038            0.000481435798           
       2.491200             0.00738589995            0.000519747645           
       2.493840             0.00614043063            0.000501452331           
       2.496481             0.00720278732            0.000534216971           
       2.499121             0.00726607398             0.00052188909           
       2.501761             0.00768443756            0.000543814462           
       2.504402              0.0068695851            0.000506661773           
       2.507042             0.00714647588            0.000512943646           
       2.509683             0.00602427723             0.00046375369           
       2.512323             0.00787292105            0.000556794447           
       2.514963             0.00702480042            0.000519451549           
       2.517604              0.0066611037            0.000524872265           
       2.520244             0.00741675737            0.000519229891           
       2.522884              0.0070534637            0.000513594895           
       2.525525             0.00767930775            0.000541978527           
       2.528165             0.00651705953            0.000491500454           
       2.530806             0.00767434662             0.00054265452           
       2.533446             0.00781514905            0.000535921607           
       2.536086             0.00704704726            0.000504349536           
       2.538727              0.0072820702            0.000491848824           
       2.541367             0.00669046916            0.000476090557           
       2.544008             0.00721730993            0.000510677403           
       2.546648             0.00804214979            0.000548316346           
       2.549288             0.00639200295            0.000498796919           
       2.551929             0.00605787481            0.000477844878           
       2.554569             0.00664272495            0.000482074227           
       2.557209             0.00712334922            0.000503794192           
       2.559850             0.00677306671            0.000492828814           
       2.562490             0.00746208295            0.000534646213           
       2.565131             0.00721096234            0.000544937785           
       2.567771             0.00692146873            0.000514747337           
       2.570411             0.00614013861             0.00047957822           
       2.573052             0.00744830985             0.00053485297           
       2.575692             0.00724335843             0.00052424907           
       2.578332             0.00650031823            0.000498686035           
       2.580973             0.00716986385            0.000518756317           
       2.583613             0.00744040703            0.000515869947           
       2.586254             0.00709807768            0.000503162503           
       2.588894             0.00708757149            0.000522123404           
       2.591534             0.00650378014            0.000517757551           
       2.594175             0.00749755078            0.000545418088           
       2.596815             0.00545795023            0.000468099096           
       2.599456             0.00689302979            0.000498852001           
       2.602096             0.00684461308             0.00050088001           
       2.604736             0.00695347895            0.000516818669           
       2.607377             0.00713504189            0.000509726011           
       2.610017             0.00653581543            0.000479315132           
       2.612657             0.00615957454            0.000494932158           
       2.615298             0.00632256522            0.000489560932           
       2.617938             0.00672697027            0.000540194162           
       2.620579             0.00715167442            0.000534700577           
       2.623219             0.00757687663            0.000549581842           
       2.625859             0.00711324515            0.000517741202           
       2.628500             0.00765491282            0.000533571919           
       2.631140             0.00689733817            0.000514285534           
       2.633780             0.00643381297            0.000496272328           
       2.636421             0.00763119321            0.000553774549           
       2.639061             0.00675775865            0.000490574994           
       2.641702             0.00714631524             0.00051616045           
       2.644342             0.00658180329            0.000497465164           
       2.646982             0.00730507596            0.000516251076           
       2.649623              0.0066513537            0.000516235975           
       2.652263             0.00800845377            0.000560773443           
       2.654904             0.00657384493            0.000508580289           
       2.657544             0.00690159878            0.000490826192           
       2.660184              0.0073902068            0.000537509762           
       2.662825             0.00756130091            0.000556309894           
       2.665465              0.0068895125             0.00051358604           
       2.668105             0.00846368086            0.000600005194           
       2.670746             0.00739739452            0.000518186971           
       2.673386               0.008395892            0.000568934541           
       2.676027             0.00847847311            0.000562549895           
       2.678667              0.0101569911            0.000600790873           
       2.681307             0.00983510389            0.000580882062           
       2.683948              0.0141222983            0.000715176803           
       2.686588              0.0116437312             0.00063862257           
       2.689229             0.00971022977            0.000569872907           
       2.691869             0.00861056163            0.000567169837           
       2.694509             0.00940214824            0.000592992919           
       2.697150             0.00746418988            0.000519784736           
       2.699790             0.00623343626            0.000497971939           
       2.702430             0.00712422962             0.00050887761           
       2.705071             0.00645925096            0.000500687369           
       2.707711              0.0074634999            0.000522367196           
       2.710352             0.00692565927            0.000531687118           
       2.712992             0.00558515429            0.000486295158           
       2.715632             0.00663136581            0.000491630671           
       2.718273             0.00680889669            0.000516284112           
       2.720913             0.00661556925            0.000507453821           
       2.723553             0.00611292329            0.000491067918           
       2.726194              0.0075042329            0.000568752734           
       2.728834             0.00780947301             0.00058047687           
       2.731475             0.00806996054            0.000544590676           
       2.734115             0.00764875694            0.000546642653           
       2.736755             0.00751470677            0.000546291026           
       2.739396             0.00646043549            0.000503588021           
       2.742036             0.00532641752            0.000478550394           
       2.744677             0.00707860615            0.000535277623           
       2.747317             0.00722310742            0.000536857863           
       2.749957             0.00641663335            0.000509551463           
       2.752598             0.00652083252            0.000519246737           
       2.755238             0.00757656597            0.000569807982           
       2.757878             0.00783216632            0.000574274373           
       2.760519             0.00790265186            0.000570736172           
       2.763159             0.00948070758            0.000618881511           
       2.765800             0.00807421125            0.000544280755           
       2.768440             0.00825444062            0.000554375999           
       2.771080             0.00801216729            0.000550738776           
       2.773721             0.00672323532            0.000517512565           
       2.776361             0.00637405534             0.00051084627           
       2.779001             0.00745209573            0.000572023829           
       2.781642             0.00618441578            0.000517263529           
       2.784282             0.00664723457             0.00054508779           
       2.786923             0.00733476284            0.000577625189           
       2.789563             0.00661726331            0.000528410631           
       2.792203             0.00629812942            0.000492460432           
       2.794844             0.00678066199            0.000560022765           
       2.797484             0.00678643907            0.000528749959           
       2.800125             0.00573333161            0.000511025208           
       2.802765             0.00685145612            0.000549027233           
       2.805405             0.00605819276            0.000518013915           
       2.808046             0.00729503027            0.000578431307           
       2.810686             0.00696896657            0.000519496929           
       2.813326             0.00731084595            0.000552691496           
       2.815967             0.00635182392            0.000529814873           
       2.818607             0.00667118008            0.000518142729           
       2.821248             0.00716995394            0.000526011196           
       2.823888             0.00739754595            0.000554611152           
       2.826528              0.0068503672            0.000516867418           
       2.829169             0.00768868783            0.000573560371           
       2.831809              0.0066331575            0.000539983778           
       2.834449              0.0063581689            0.000532013394           
       2.837090             0.00684445476            0.000533128356           
       2.839730             0.00604646855            0.000498640608           
       2.842371             0.00622511931            0.000506683692           
       2.845011              0.0067012977            0.000529895919           
       2.847651             0.00862754594            0.000601987969           
       2.850292             0.00727502874            0.000558216891           
       2.852932             0.00710931536            0.000563848689           
       2.855573             0.00757356277            0.000564524973           
       2.858213             0.00584446517            0.000520768719           
       2.860853             0.00713450111            0.000535235026           
       2.863494             0.00679804569             0.00054093657           
       2.866134             0.00752603124            0.000591575275           
       2.868774             0.00686630374            0.000555330414           
       2.871415             0.00717806445            0.000576641978           
       2.874055             0.00736028471            0.000558150457           
       2.876696             0.00686983272            0.000553819256           
       2.879336             0.00864277448            0.000598703738           
       2.881976             0.00670042197            0.000543721695           
       2.884617              0.0068059821            0.000539939885           
       2.887257             0.00721670791            0.000558863112           
       2.889897             0.00659206486            0.000523136651           
       2.892538             0.00691421823            0.000586934693           
       2.895178             0.00663340496             0.00051937689           
       2.897819             0.00718638362            0.000551455437           
       2.900459             0.00651214396             0.00051473721           
       2.903099             0.00745253811            0.000545013508           
       2.905740             0.00649075697            0.000521790425           
       2.908380             0.00677839296            0.000539285286           
       2.911021             0.00651081717            0.000537127133           
       2.913661             0.00596815811            0.000514102091           
       2.916301             0.00736821207            0.000571773775           
       2.918942             0.00616701185            0.000500353227           
       2.921582             0.00685140563            0.000551798401           
       2.924222             0.00659002064            0.000524289977           
       2.926863             0.00819969997             0.00060916445           
       2.929503             0.00764226098            0.000595061065           
       2.932144             0.00677971669            0.000538021885           
       2.934784             0.00668592143            0.000525526461           
       2.937424              0.0073435876            0.000556421852           
       2.940065             0.00578713699             0.00047118047           
       2.942705             0.00677996453             0.00050935891           
       2.945346             0.00788936826            0.000583109711           
       2.947986              0.0067239559            0.000548901464           
       2.950626             0.00589287332            0.000510967609           
       2.953267             0.00712111402            0.000552623621           
       2.955907              0.0069666975            0.000567021497           
       2.958547             0.00637488569            0.000512056455           
       2.961188             0.00676038299             0.00055013319           
       2.963828             0.00835279953            0.000598162473           
       2.966469              0.0070111053            0.000537605686           
       2.969109              0.0073019764            0.000556773238           
       2.971749             0.00679480282            0.000533738837           
       2.974390             0.00761001443             0.00055506847           
       2.977030              0.0069910128            0.000543904575           
       2.979670             0.00752377793            0.000548840606           
       2.982311             0.00764990858            0.000573593995           
       2.984951              0.0072805691            0.000532206078           
       2.987592               0.007980026            0.000568344827           
       2.990232             0.00845037897            0.000608242402           
       2.992872             0.00787512191            0.000553085267           
       2.995513             0.00833017604            0.000556513278           
       2.998153              0.0121798072            0.000684234125           
       3.000794              0.0116569506            0.000648369668           
       3.003434              0.0115345648            0.000645930892           
       3.006074              0.0439430045             0.00124308327           
       3.008715               0.121965995             0.00199913969           
       3.011355               0.191435357             0.00241522378           
       3.013995              0.0951316794             0.00170721762           
       3.016636               0.061829701              0.0013477603           
       3.019276               0.127850274             0.00190506345           
       3.021917                0.47520359             0.00353158497           
       3.024557                1.60552047             0.00638216026           
       3.027197                1.16842308             0.00530812344           
       3.029838               0.517414529             0.00358242626           
       3.032478               0.262704478             0.00255524793           
       3.035118              0.0730179723             0.00136521791           
       3.037759              0.0932120411             0.00154050249           
       3.040399               0.126596869             0.00185190044           
       3.043040               0.517046124             0.00378845158           
       3.045680               0.402169461             0.00314358927           
       3.048320              0.0893871527             0.00151427925           
       3.050961               0.104897342              0.0016693077           
       3.053601              0.0903786806             0.00149234114           
       3.056242              0.0613018226             0.00130674806           
       3.058882              0.0519396419              0.0012902806           
       3.061522              0.0407461373             0.00112124287           
       3.064163              0.0481390551             0.00120337704           
       3.066803               0.109270245              0.0019087254           
       3.069443               0.113773966             0.00203775503           
       3.072084               0.046467779              0.0012680793           
       3.074724               0.039021186             0.00129773216           
       3.077365              0.0856440396             0.00199020124           
       3.080005              0.0175239472            0.000905353878           
       3.082645              0.0128752064            0.000815239503           
       3.085286               0.013668054            0.000846592558           
       3.087926             0.00877635053            0.000673159442           
       3.090566              0.0108904535            0.000734724427           
       3.093207             0.00960644209            0.000718072106           
       3.095847             0.00891950238            0.000663196545           
       3.098488             0.00855584489            0.000720224532           
       3.101128              0.0109870661            0.000821412615           
       3.103768              0.0104656296            0.000786601417           
       3.106409              0.0092249195            0.000785967781           
       3.109049             0.00869736145            0.000732369576           
       3.111690             0.00828466391            0.000702512042           
       3.114330             0.00812326639            0.000710433854           
       3.116970             0.00953702693            0.000775686455           
       3.119611              0.0127834734            0.000955922962           
       3.122251              0.0226575136             0.00133122114           
       3.124891              0.0339953988             0.00164581401           
       3.127532              0.0224947262             0.00130972205           
       3.130172              0.0142470027             0.00106032935           
       3.132813             0.00828666366             0.00079610324           
       3.135453             0.00741358191            0.000746794993           
       3.138093             0.00694618817            0.000783255985           
       3.140734             0.00624431272            0.000685133794           
       3.143374             0.00756349198            0.000797430012           
       3.146014             0.00785863991            0.000875059385           
       3.148655             0.00756932182             0.00079833464           
       3.151295             0.00571866314            0.000739470593           
       3.153936              0.0051648459            0.000678837621           
       3.156576             0.00668581031            0.000761844629           
       3.159216             0.00621979931            0.000738489645           
       3.161857             0.00677507057            0.000767612514           
       3.164497             0.00737181667             0.00084130996           
       3.167138               0.008493499            0.000933071672           
       3.169778             0.00542541328             0.00073344287           
       3.172418             0.00785565114            0.000873576362           
       3.175059             0.00641005666            0.000699584522           
       3.177699             0.00649563177            0.000745746301           
       3.180339             0.00736989192            0.000851082604           
       3.182980             0.00525315799            0.000742898093           
       3.185620             0.00598853854            0.000807800597           
       3.188261             0.00540613179            0.000781211929           
       3.190901             0.00629527605            0.000775324918           
       3.193541             0.00649109534            0.000827253085           
       3.196182             0.00720127534            0.000908053869           
       3.198822             0.00675800794            0.000879957696           
       3.201463             0.00720785275            0.000893116084           
       3.204103             0.00568196391            0.000788140822           
       3.206743             0.00612007379            0.000817884827           
       3.209384             0.00548493595            0.000836546436           
       3.212024             0.00509696811            0.000751834528           
       3.214664              0.0070358064             0.00100447269           
       3.217305             0.00581394091            0.000867960929           
       3.219945             0.00480424309             0.00081208531           
       3.222586             0.00561279599            0.000836057611           
       3.225226             0.00566695889            0.000931939969           
       3.227866              0.0059938997            0.000876010001           
       3.230507             0.00784667098             0.00103899178           
       3.233147             0.00743915739             0.00101982123           
       3.235787             0.00627005577            0.000958148226           
       3.238428             0.00579064276            0.000993648453           
       3.241068             0.00565013474            0.000917769175           
       3.243709             0.00493625218            0.000886277759           
       3.246349             0.00810212536             0.00103507485           
       3.248989             0.00477974542            0.000938734241           
       3.251630             0.00632376705             0.00103978176           
       3.254270             0.00503340577            0.000829069628           
       3.256911             0.00503225963            0.000904503972           
       3.259551             0.00735373361             0.00117715301           
       3.262191             0.00410929092            0.000898834124           
       3.264832             0.00405804219            0.000933272373           
       3.267472             0.00375642265            0.000842344944           
       3.270112             0.00435846549             0.00100272517           
       3.272753             0.00560515412             0.00104083928           
       3.275393             0.00580556775             0.00108083828           
       3.278034             0.00600921496             0.00110025077           
       3.280674             0.00472754666             0.00105897579           
       3.283314             0.00415628138            0.000888035253           
       3.285955             0.00524594166             0.00102938243           
       3.288595             0.00452252614             0.00106333523           
       3.291235             0.00605538837             0.00126485331           
       3.293876             0.00705176368             0.00138456834           
       3.296516             0.00600428511             0.00122652824           
       3.299157             0.00782347721             0.00138246856           
       3.301797             0.00763135197             0.00155747739           
       3.304437             0.00668400499             0.00126283984           
       3.307078             0.00576814033             0.00129227989           
       3.309718             0.00461127303             0.00119262634           
       3.312359             0.00772594547             0.00154409121           
       3.314999             0.00657485255             0.00140246478           
       3.317639             0.00438883417             0.00109585405           
       3.320280             0.00557614887             0.00131329679           
       3.322920             0.00544037983             0.00131904338           
       3.325560             0.00734184389             0.00153335244           
       3.328201             0.00259807851            0.000821499671           
       3.330841             0.00501320813             0.00138883935           
       3.333482             0.00859300961              0.0017187159           
       3.336122             0.00408576343             0.00118568041           
       3.338762             0.00777692884             0.00188962365           
       3.341403             0.00794413404             0.00182491823           
       3.344043             0.00611179212             0.00153678445           
       3.346683             0.00643435205             0.00160980083           
       3.349324             0.00612988251             0.00176660409           
       3.351964             0.00339960472             0.00139120915           
       3.354605              0.0074932524             0.00236215073           
       3.357245             0.00360333528             0.00147768724           
       3.359885             0.00310713482             0.00109823633           
       3.362526             0.00300669971             0.00135101141           
       3.365166             0.00486052792             0.00162015492           
       3.367807             0.00266639909             0.00153574249           
       3.370447             0.00729456151             0.00210707039           
       3.373087             0.00894426463             0.00249504869           
       3.375728             0.00698409019              0.0024882892           
       3.378368              0.0018379287             0.00189443698           
       3.381008              0.0043490848              0.0021726657           
       3.383649             0.00488749686             0.00184765837           
       3.386289             0.00974705799             0.00308813122           
       3.388930             0.00485953139             0.00344904993           
       3.391570             0.00365397621             0.00211566856           
       3.394210             0.00392212192             0.00277392865           
       3.396851             0.00240658115              0.0024305737           
       3.399491              0.0144185776             0.00595102587           
       3.402131             0.00478297341             0.00484926705           
       3.404772             0.00959807016             0.00971714887           
       3.407412                       nan                       nan           
       3.410053           -2.63432023e-05                         0           
       3.412693                       nan                       nan           
       3.415333              0.0089428912             0.00940014635           
