################################################################################
# EDF_DataBlockID                     0.Image.Psd
# EDF_BinarySize                      2105344
# EDF_HeaderSize                      2560
# ByteOrder                           LowByteFirst
# DataType                            FloatValue
# Dim_1                               512
# Dim_2                               1028
# Image                               0
# HeaderID                            EH:000000:000000:000000
# Size                                2105344
# Center_1                            304.9000
# Center_2                            588.7000
# Comment                             Xenocs_Cell_Window - 20251028_20perc_iodine_1.23mg
# DDummy                              0.6
# Date                                2025-10-29T14:54:41
# Delta                               21.910000
# Dummy                               -1.5
# ExposureTime                        360
# Gamma                               15.360000
# Intensity1                          8.51526e-10
# PSize_1                             7.5e-05
# PSize_2                             7.5e-05
# Pressure                            0.0327578
# SampleDistance                      0.115750
# SampleEnvKind                       large
# SampleEnvPN                         ElectroChemical cell
# SampleEnvSN                         1141
# Thickness                           0
# Wavelength                          1.541891e-10
# Wavelength                          1.54189e-10
# aux                                 0
# aux_dial                            0.002375
# beamx                               588.434
# beamx_dial                          588.434
# beamz                               657.808
# beamz_dial                          657.808
# det0x                               0
# det0x_dial                          6.36945
# det0xvd                             0
# det0xvd_dial                        0
# det0y                               450.002
# det0y_dial                          481.635
# det0z                               0
# det0z_dial                          1.23302
# det0zvd                             0
# det0zvd_dial                        0
# mag                                 1.818
# mag_dial                            1.818
# om                                  0.2499
# om_dial                             -0.610199
# phi                                 -0.0120535
# phi_dial                            0
# ry                                  0.599993
# ry_dial                             0.599993
# s1bot                               0.8
# s1bot_dial                          -1.66094
# s1hl                                0.8
# s1hl_dial                           -0.608437
# s1hr                                0.8
# s1hr_dial                           0.970938
# s1top                               0.8
# s1top_dial                          -0.461562
# s2bot                               0.45
# s2bot_dial                          1.36109
# s2hl                                0.45
# s2hl_dial                           -0.83375
# s2hr                                0.45
# s2hr_dial                           -0.118594
# s2top                               0.45
# s2top_dial                          1.44734
# w2theta                             32
# w2theta_dial                        32
# waxsch                              19.2605
# waxsch_dial                         -32.7355
# waxsh                               137.085
# waxsh_dial                          -43.5338
# waxsth                              26.0607
# waxsth_dial                         -19.4086
# waxsz                               67.0407
# waxsz_dial                          -23.7954
# wind                                65.9854
# wind_dial                           66.0041
# wpsi                                124
# wpsi_dial                           124
# wstod                               115
# wstod_dial                          115
# x                                   0
# x_dial                              1.00969
# z                                   0
# z_dial                              13.3172
# CountCutoff                         6807993
# DetectorModel                       Dectris EIGER2 Si 500K, S/N E-01-0554
# ThresholdSetting                    4023.88989258
# Saturation                          0
# FlatField                           Corrected
# BackgroundReductionExtra            0.02
# BackgroundCorrectionConstant        0.0026712
# Detector                            0
# Monitor                             0
# Pil_Roi0                            0
# SumForIntensity1                    3.06549e+08
# TransmittedFlux                     851526
# det                                 0
# mon                                 0
# pilai0                              3.06549e+08
# pilai1                              768179
# pilct0                              5.31413e+08
# pilct1                              768179
# pilroi0                             0
# pilroi1                             0
# sec                                 1
# title                               20251028_20perc_iodine_1.23mg_1_00223.edf
# usaxs0                              0
# Operation                           Azimuthal average I(q)
# Error_model                         ErrorModel.poisson
# Geometrical_correction              True
# Transmission_correction             True
# Thickness_correction                False
# Binning mode                        Uniform
# Binning factor                      1.0
# Psi                                 0.0
# Omega                               0.2499
# MaskInvalidPixels                   True
# DetectorEdge                        3
# MaskFiles                           ['WAXS_corrected.edf']
################################################################################
    q(A⁻¹)                Intensity(a.u.)            Sigma_I(a.u.)            
       0.693100             0.00829561297             0.00608470255           
       0.695741             0.00836188495             0.00498511206           
       0.698381           -2.38236221e-05                         0           
       0.701021             0.00885217758             0.00888204423           
       0.703662              0.0057185332              0.0041206873           
       0.706302             0.00872557581             0.00394077408           
       0.708942             0.00578856886              0.0041427731           
       0.711583             0.00442746789             0.00313739391           
       0.714223             0.00584993646             0.00416357923           
       0.716864             0.00628041415              0.0028226445           
       0.719504              0.0117856903             0.00417260632           
       0.722144             0.00760644341             0.00310432752           
       0.724785             0.00959169959             0.00278071132           
       0.727425             0.00593199851             0.00295834407           
       0.730065             0.00513263817             0.00194652376           
       0.732706             0.00729469373             0.00194868508           
       0.735346             0.00524177689             0.00215328496           
       0.737987             0.00611489332             0.00164343962           
       0.740627              0.0078352631             0.00277570039           
       0.743267             0.00735341606             0.00180107801           
       0.745908             0.00780531549             0.00201322312           
       0.748548             0.00792170209             0.00186947802           
       0.751189             0.00401320608             0.00179297144           
       0.753829             0.00746328975             0.00224759417           
       0.756469             0.00789360706             0.00186390531           
       0.759110              0.0068183843             0.00182556527           
       0.761750             0.00997777704             0.00195269399           
       0.764390             0.00962447601             0.00200729547           
       0.767031             0.00814716544              0.0015992825           
       0.769671             0.00932747559             0.00213461039           
       0.772312             0.00706788628             0.00141459685           
       0.774952             0.00618084063             0.00178636993           
       0.777592             0.00572788001             0.00125256933           
       0.780233               0.010728972             0.00206827196           
       0.782873             0.00799463928             0.00170753909           
       0.785513             0.00459080635             0.00138330989           
       0.788154              0.0075374417             0.00148275995           
       0.790794             0.00497281851             0.00143985648           
       0.793435             0.00503231222             0.00130122352           
       0.796075             0.00717953299             0.00149720882           
       0.798715             0.00738663844              0.0017946115           
       0.801356             0.00575434303             0.00136326666           
       0.803996             0.00734402451             0.00157015568           
       0.806637             0.00761500709             0.00127239816           
       0.809277             0.00773110197             0.00138768185           
       0.811917             0.00696342065             0.00123117042           
       0.814558             0.00749238197             0.00132729259           
       0.817198             0.00658450107             0.00118212442           
       0.819838             0.00739514953             0.00126790714           
       0.822479             0.00601272073             0.00134251325           
       0.825119             0.00695322729              0.0012287683           
       0.827760             0.00556771325             0.00111380216           
       0.830400             0.00683980447             0.00116189444           
       0.833040             0.00669755253             0.00120458251           
       0.835681             0.00728964852             0.00142865338           
       0.838321             0.00967103868             0.00138115957           
       0.840961             0.00722839768             0.00130099104           
       0.843602             0.00627251325             0.00111138047           
       0.846242             0.00823445474             0.00127319408           
       0.848883             0.00866408608             0.00133648885           
       0.851523             0.00843096757             0.00130200946           
       0.854163             0.00750485803             0.00130636893           
       0.856804             0.00662179139             0.00110333727           
       0.859444              0.0065108729             0.00107196497           
       0.862085             0.00690794463             0.00115082011           
       0.864725             0.00701026595               0.001186436           
       0.867365             0.00548825338            0.000973441917           
       0.870006             0.00826169801             0.00113811333           
       0.872646             0.00914502733             0.00125565146           
       0.875286             0.00779860948             0.00111554784           
       0.877927             0.00816314279             0.00110132282           
       0.880567             0.00767238519             0.00110616373           
       0.883208             0.00875786073             0.00117069131           
       0.885848             0.00655218109             0.00105137963           
       0.888488             0.00665234437            0.000993638093           
       0.891129             0.00763704556             0.00109316507           
       0.893769             0.00772699732             0.00105233054           
       0.896410             0.00609064605            0.000871079194           
       0.899050             0.00980351037             0.00121535206           
       0.901690             0.00805495367             0.00120001469           
       0.904331             0.00900174493             0.00112466739           
       0.906971             0.00889204696             0.00118914828           
       0.909611              0.0088082944             0.00107739552           
       0.912252             0.00813297456               0.001069326           
       0.914892             0.00703559514             0.00108685421           
       0.917533             0.00537389373             0.00089857611           
       0.920173             0.00775391394             0.00100144425           
       0.922813             0.00683435445            0.000986622152           
       0.925454             0.00705087247            0.000902389371           
       0.928094             0.00629121931            0.000910001567           
       0.930734             0.00790923843             0.00109850164           
       0.933375              0.0079185044             0.00108833963           
       0.936015              0.0104560138             0.00113583192           
       0.938656             0.00611965705            0.000932177489           
       0.941296             0.00958377032              0.0010572153           
       0.943936             0.00740883591            0.000911562558           
       0.946577             0.00784563575            0.000931847483           
       0.949217             0.00887579764            0.000911441985           
       0.951858             0.00758389402            0.000881932507           
       0.954498             0.00508328806            0.000835749177           
       0.957138             0.00763753383            0.000970502482           
       0.959779             0.00814891145            0.000988225946           
       0.962419             0.00827719927            0.000989349468           
       0.965059             0.00849288602             0.00105400671           
       0.967700             0.00822294403             0.00106221763           
       0.970340             0.00621444138            0.000817138342           
       0.972981             0.00710688284            0.000796156115           
       0.975621             0.00807624658            0.000902889768           
       0.978261             0.00819796676            0.000864344778           
       0.980902             0.00949351604             0.00111286396           
       0.983542             0.00746123485            0.000873684066           
       0.986182             0.00739973929             0.00085423543           
       0.988823             0.00857056493            0.000892676497           
       0.991463             0.00869241358            0.000959138927           
       0.994104             0.00714318572            0.000848186638           
       0.996744             0.00785674444            0.000907326376           
       0.999384             0.00728008878            0.000781107045           
       1.002025             0.00761309101            0.000891534864           
       1.004665             0.00837436243             0.00085451777           
       1.007306             0.00732229012            0.000794950378           
       1.009946              0.0073667702              0.0008131969           
       1.012586             0.00739687161             0.00079362235           
       1.015227             0.00764242683            0.000866635256           
       1.017867             0.00752823947            0.000826650741           
       1.020507             0.00784838007            0.000817571831           
       1.023148             0.00751812551            0.000863422064           
       1.025788             0.00799046472             0.00081618078           
       1.028429             0.00777308566            0.000843372205           
       1.031069             0.00843506116            0.000826749687           
       1.033709             0.00731904065            0.000818636816           
       1.036350             0.00825054519              0.0007806349           
       1.038990             0.00811646263            0.000788493932           
       1.041630             0.00759573591            0.000795588329           
       1.044271             0.00861697972            0.000796935252           
       1.046911             0.00750780601            0.000782463174           
       1.049552             0.00820222971            0.000859254582           
       1.052192             0.00962115796            0.000849768516           
       1.054832             0.00785438721            0.000774775662           
       1.057473             0.00833135403            0.000786613731           
       1.060113             0.00975713598              0.0008302151           
       1.062754             0.00757370294            0.000746795728           
       1.065394             0.00855182522            0.000838992899           
       1.068034             0.00892851043            0.000779999508           
       1.070675             0.00773653916            0.000757379683           
       1.073315             0.00809486637            0.000785825243           
       1.075955             0.00808278655            0.000741310212           
       1.078596              0.0088194751            0.000822987049           
       1.081236             0.00872587168             0.00078387069           
       1.083877              0.0083689807            0.000760786544           
       1.086517             0.00771575684            0.000783301817           
       1.089157             0.00812339991             0.00083395724           
       1.091798             0.00859881595            0.000752234701           
       1.094438             0.00869254051            0.000753882078           
       1.097078             0.00860599786            0.000719443673           
       1.099719              0.0084368329            0.000770502089           
       1.102359             0.00951052898            0.000766125224           
       1.105000             0.00811125719            0.000791150324           
       1.107640             0.00789787766            0.000746451994           
       1.110280             0.00950754187            0.000747269707           
       1.112921             0.00826551113            0.000748462108           
       1.115561             0.00828488978            0.000712183969           
       1.118202             0.00835764018             0.00071597802           
       1.120842             0.00872734407            0.000768960968           
       1.123482             0.00914141505            0.000783554073           
       1.126123             0.00901581208            0.000746378568           
       1.128763             0.00964925034             0.00077744741           
       1.131403             0.00881195019            0.000715897052           
       1.134044             0.00911416633            0.000749185624           
       1.136684             0.00883326427            0.000786356377           
       1.139325              0.0093349304             0.00074467666           
       1.141965             0.00840916481            0.000711459616           
       1.144605             0.00797908853            0.000660803764           
       1.147246              0.0097291232            0.000746764836           
       1.149886             0.00945904337            0.000733712894           
       1.152527               0.008829966            0.000719203993           
       1.155167             0.00857929116            0.000674292524           
       1.157807              0.0109104325            0.000815287123           
       1.160448             0.00843050184            0.000699841911           
       1.163088             0.00939909263            0.000704851419           
       1.165728             0.00842121625            0.000685004747           
       1.168369             0.00940301379            0.000730522429           
       1.171009             0.00864271405            0.000679686261           
       1.173650             0.00949726867            0.000731191368           
       1.176290               0.010585947            0.000754381137           
       1.178930              0.0100717756            0.000721182875           
       1.181571              0.0102488174            0.000741920206           
       1.184211              0.0102582892            0.000744894711           
       1.186851             0.00976542351            0.000710562325           
       1.189492             0.00975901895            0.000705550524           
       1.192132             0.00827797242             0.00064252006           
       1.194773              0.0107229937            0.000734473516           
       1.197413             0.00896601053            0.000643498331           
       1.200053              0.0102066472            0.000704022041           
       1.202694              0.0100417005            0.000664052967           
       1.205334             0.00866482797            0.000664770456           
       1.207975              0.0103972264            0.000695087141           
       1.210615             0.00876155504            0.000703904119           
       1.213255             0.00923289371            0.000647062534           
       1.215896             0.00926130144            0.000659799352           
       1.218536              0.0102320374            0.000666846004           
       1.221176             0.00929282892            0.000690923513           
       1.223817              0.0109066529            0.000702645738           
       1.226457             0.00936196594            0.000664104846           
       1.229098             0.00980812681            0.000679712096           
       1.231738             0.00926328859            0.000663814535           
       1.234378             0.00976649395            0.000640471425           
       1.237019              0.0106058189            0.000687775222           
       1.239659              0.0093337197            0.000639590614           
       1.242299              0.0104410429            0.000667872443           
       1.244940              0.0115487814            0.000683136156           
       1.247580             0.00946817524             0.00063746272           
       1.250221             0.00999509204            0.000650919063           
       1.252861             0.00979186477            0.000613345858           
       1.255501              0.0101491897            0.000678018901           
       1.258142              0.0100266787            0.000633263383           
       1.260782              0.0102615033            0.000654497579           
       1.263423             0.00970663147            0.000611658606           
       1.266063              0.0098862409            0.000632706266           
       1.268703              0.0104755205            0.000645885466           
       1.271344                0.01055536            0.000670314897           
       1.273984              0.0117934119            0.000684306252           
       1.276624              0.0102296473            0.000625352087           
       1.279265              0.0106653931            0.000649135884           
       1.281905             0.00959757155            0.000618516178           
       1.284546              0.0102328229            0.000617320527           
       1.287186              0.0106003582             0.00061643777           
       1.289826             0.00987180176            0.000626951658           
       1.292467              0.0102434963            0.000624578942           
       1.295107              0.0108430584            0.000636214336           
       1.297747             0.00968038895             0.00057523884           
       1.300388              0.0109918764            0.000668212369           
       1.303028              0.0111455783            0.000642360208           
       1.305669              0.0104321592            0.000636259364           
       1.308309              0.0113402952            0.000656842559           
       1.310949             0.00908804521            0.000587418572           
       1.313590              0.0113600053            0.000636223106           
       1.316230              0.0112561338            0.000675827297           
       1.318871              0.0106043258            0.000642440089           
       1.321511              0.0109858712            0.000641775372           
       1.324151              0.0107962118            0.000617350138           
       1.326792              0.0107082566            0.000618631391           
       1.329432              0.0110798702            0.000624833506           
       1.332072              0.0107671705            0.000606773688           
       1.334713              0.0112360608            0.000639741381           
       1.337353              0.0112386397            0.000613595148           
       1.339994                0.01115167            0.000641410721           
       1.342634              0.0124040735            0.000648692074           
       1.345274              0.0114012774            0.000643626768           
       1.347915              0.0112510693            0.000621716721           
       1.350555              0.0114578262             0.00063839149           
       1.353195                0.01050039            0.000614138755           
       1.355836              0.0104912668            0.000604299722           
       1.358476               0.010950707            0.000599579312           
       1.361117              0.0106985122            0.000593448402           
       1.363757              0.0105002537            0.000605875965           
       1.366397              0.0113408896             0.00061060753           
       1.369038               0.011401019            0.000618320166           
       1.371678              0.0109867499            0.000601631343           
       1.374319              0.0120406399            0.000624402707           
       1.376959              0.0100223498            0.000563942938           
       1.379599              0.0113529039            0.000643244308           
       1.382240              0.0115859835            0.000610727415           
       1.384880              0.0114003632             0.00064169616           
       1.387520              0.0101667931            0.000575522937           
       1.390161              0.0108210965            0.000563923316           
       1.392801              0.0115334637            0.000606584922           
       1.395442              0.0117702795            0.000621149942           
       1.398082              0.0123904467            0.000596807287           
       1.400722              0.0108091972            0.000583891117           
       1.403363              0.0103367002            0.000601033035           
       1.406003              0.0111311127            0.000583700674           
       1.408644              0.0117215516            0.000627472139           
       1.411284              0.0116885674            0.000593323877           
       1.413924              0.0107583757             0.00056711548           
       1.416565              0.0118206787            0.000592120417           
       1.419205              0.0114858491            0.000608865169           
       1.421845              0.0115329972            0.000609755301           
       1.424486              0.0115774323            0.000587243031           
       1.427126              0.0108565498            0.000590734544           
       1.429767              0.0104854086            0.000546226355           
       1.432407              0.0101172527            0.000561513494           
       1.435047              0.0112602388            0.000556346103           
       1.437688              0.0104287994            0.000543417732           
       1.440328              0.0110117896            0.000569910131           
       1.442968              0.0103086817            0.000563770303           
       1.445609              0.0109018096            0.000561370627           
       1.448249              0.0121894242            0.000608626879           
       1.450890              0.0109095173            0.000572029448           
       1.453530              0.0108157314            0.000595879919           
       1.456170              0.0105322446            0.000570686119           
       1.458811              0.0105855643            0.000547081774           
       1.461451              0.0106172884             0.00054933822           
       1.464092              0.0115151997            0.000575836041           
       1.466732              0.0107938182            0.000552716624           
       1.469372              0.0113317175            0.000553067579           
       1.472013              0.0104862007            0.000573809338           
       1.474653              0.0108990869            0.000575972609           
       1.477293              0.0112606143            0.000597786585           
       1.479934              0.0107486115             0.00055729452           
       1.482574              0.0115819209            0.000559602597           
       1.485215              0.0121129148            0.000582945809           
       1.487855              0.0104417681            0.000548381097           
       1.490495              0.0106582519            0.000551996118           
       1.493136              0.0108386181            0.000549017255           
       1.495776              0.0115673589            0.000564591245           
       1.498416              0.0102758506            0.000549550134           
       1.501057              0.0111444682            0.000559692971           
       1.503697              0.0106794245            0.000535650765           
       1.506338               0.010937338            0.000551986001           
       1.508978               0.010221262            0.000528362984           
       1.511618              0.0106221882            0.000573633807           
       1.514259             0.00993558374            0.000535618593           
       1.516899              0.0103836054            0.000533143553           
       1.519540              0.0107641209            0.000551577843           
       1.522180              0.0112037873            0.000567673148           
       1.524820              0.0105402917             0.00054751848           
       1.527461              0.0101109906             0.00053890462           
       1.530101               0.011320238             0.00056451769           
       1.532741              0.0103601202            0.000536913667           
       1.535382               0.010253635            0.000542746354           
       1.538022              0.0104909028            0.000517177628           
       1.540663              0.0109014617            0.000567036497           
       1.543303             0.00995765766            0.000503195539           
       1.545943              0.0110350823            0.000560668998           
       1.548584             0.00999788468            0.000543249739           
       1.551224              0.0120134904            0.000550593874           
       1.553864               0.011690587            0.000573933056           
       1.556505              0.0101962319            0.000517787661           
       1.559145              0.0103616261            0.000528364398           
       1.561786             0.00998427008            0.000519053466           
       1.564426              0.0102799416            0.000510300935           
       1.567066             0.00976760388            0.000521202835           
       1.569707              0.0108467563            0.000539374585           
       1.572347             0.00988048063            0.000531828888           
       1.574988              0.0109414381            0.000532697361           
       1.577628             0.00944471982            0.000516082947           
       1.580268             0.00952343266            0.000502108726           
       1.582909             0.00978373731            0.000539439787           
       1.585549             0.00990008903            0.000526884069           
       1.588189              0.0113159432            0.000551007217           
       1.590830             0.00882207975            0.000485905672           
       1.593470             0.00950999816            0.000524470719           
       1.596111             0.00920700015            0.000503823168           
       1.598751             0.00980946271            0.000503907038           
       1.601391             0.00893890899            0.000491640481           
       1.604032             0.00900998739            0.000503909876           
       1.606672              0.0104852554            0.000528160025           
       1.609312               0.010248725            0.000545083186           
       1.611953             0.00959893233             0.00051621168           
       1.614593             0.00963534085            0.000507322178           
       1.617234             0.00918238966            0.000513269931           
       1.619874             0.00925244313            0.000513188841           
       1.622514             0.00957380345            0.000514903744           
       1.625155             0.00927382852            0.000509766593           
       1.627795             0.00939589599            0.000500538417           
       1.630436              0.0104495183            0.000525100906           
       1.633076             0.00933491351            0.000502815548           
       1.635716             0.00908493093            0.000488319416           
       1.638357             0.00960411311            0.000503402116           
       1.640997             0.00848734949            0.000487565298           
       1.643637             0.00952283347            0.000502565862           
       1.646278              0.0091476027            0.000508041427           
       1.648918             0.00921475812            0.000511293846           
       1.651559             0.00858309491            0.000497288375           
       1.654199             0.00801950717            0.000467507975           
       1.656839             0.00877948527            0.000489329369           
       1.659480             0.00884097421            0.000509479407           
       1.662120             0.00922172016             0.00049006929           
       1.664761              0.0082862829            0.000482546356           
       1.667401             0.00867226108             0.00047183043           
       1.670041             0.00901656073             0.00048844117           
       1.672682             0.00805313306            0.000459711683           
       1.675322             0.00936284022            0.000492498791           
       1.677962             0.00899978056            0.000477529139           
       1.680603             0.00898581892            0.000478626928           
       1.683243             0.00930107595            0.000508042122           
       1.685884             0.00900123295            0.000503476786           
       1.688524             0.00893399849            0.000491897048           
       1.691164             0.00845644471            0.000478678309           
       1.693805             0.00856143064            0.000486931527           
       1.696445             0.00822840169             0.00048013615           
       1.699085             0.00898227711            0.000484839618           
       1.701726             0.00815532137             0.00044503938           
       1.704366             0.00885240861            0.000488463218           
       1.707007             0.00834750111            0.000463755379           
       1.709647             0.00876887485            0.000480684027           
       1.712287             0.00863100349            0.000481041173           
       1.714928              0.0088567696            0.000491220832           
       1.717568             0.00882518558            0.000461906165           
       1.720209             0.00818511915            0.000465939588           
       1.722849              0.0089612071            0.000485022465           
       1.725489              0.0084900203            0.000472495288           
       1.728130             0.00881111159            0.000511537209           
       1.730770             0.00859726266            0.000479891107           
       1.733410             0.00814860944             0.00045985768           
       1.736051              0.0089706519            0.000485854367           
       1.738691             0.00910903304            0.000479662845           
       1.741332             0.00912671053            0.000494167309           
       1.743972             0.00824345516            0.000484990239           
       1.746612             0.00849596748            0.000472793313           
       1.749253             0.00790269831            0.000464992163           
       1.751893             0.00906027289            0.000494229899           
       1.754533             0.00839711747            0.000475354622           
       1.757174             0.00884330347            0.000483252114           
       1.759814             0.00901010018            0.000480394297           
       1.762455             0.00825355343            0.000468226243           
       1.765095             0.00860134194            0.000457255089           
       1.767735              0.0082487788            0.000461599935           
       1.770376             0.00922040828             0.00048931598           
       1.773016             0.00811836384            0.000456068177           
       1.775657             0.00893470444            0.000471564727           
       1.778297             0.00845296719            0.000454726183           
       1.780937              0.0095923219            0.000511287682           
       1.783578             0.00872204381            0.000475351992           
       1.786218             0.00870427835            0.000495576332           
       1.788858             0.00908352204            0.000480822291           
       1.791499             0.00859593424              0.0004624863           
       1.794139             0.00880814577            0.000464362023           
       1.796780             0.00889673068            0.000464441387           
       1.799420             0.00907793585            0.000466549305           
       1.802060             0.00910958892            0.000471137004           
       1.804701             0.00951876377            0.000462167002           
       1.807341             0.00804585851            0.000446485833           
       1.809981             0.00922866736            0.000479773803           
       1.812622             0.00827558976            0.000446145549           
       1.815262             0.00967708058            0.000492694896           
       1.817903             0.00806121933            0.000443019883           
       1.820543             0.00920690996            0.000480833704           
       1.823183              0.0086271541            0.000465192724           
       1.825824             0.00968103227            0.000470789526           
       1.828464             0.00786038938            0.000442264482           
       1.831105             0.00794092118            0.000432234121           
       1.833745             0.00831892103             0.00045185039           
       1.836385              0.0086843984            0.000474844662           
       1.839026             0.00851355218            0.000468665288           
       1.841666             0.00787915991            0.000449267114           
       1.844306             0.00945440661            0.000478704165           
       1.846947             0.00911603283            0.000474180106           
       1.849587              0.0091134409            0.000523535344           
       1.852228             0.00936209813            0.000479820585           
       1.854868             0.00918618074             0.00050207486           
       1.857508             0.00874273854            0.000485002734           
       1.860149             0.00817059096            0.000477382906           
       1.862789             0.00831535772            0.000464849081           
       1.865429             0.00880418038            0.000499289947           
       1.868070             0.00857399459            0.000486152647           
       1.870710             0.00833681176            0.000468329322           
       1.873351             0.00794473212            0.000462835793           
       1.875991             0.00841280051            0.000484047704           
       1.878631             0.00790546427            0.000460238746           
       1.881272             0.00823862148            0.000466688474           
       1.883912             0.00901730741            0.000508121545           
       1.886553              0.0087912266             0.00049610219           
       1.889193             0.00901524928            0.000501524992           
       1.891833             0.00935127318            0.000530471298           
       1.894474             0.00783507754            0.000481337096           
       1.897114             0.00949567287            0.000512769198           
       1.899754             0.00800116826            0.000472660262           
       1.902395             0.00841352641            0.000475210842           
       1.905035             0.00859487252            0.000508723404           
       1.907676             0.00815682518            0.000467095078           
       1.910316              0.0083132056            0.000484071823           
       1.912956             0.00835900432            0.000474724471           
       1.915597             0.00904158873            0.000496486191           
       1.918237             0.00767500951            0.000472413471           
       1.920878             0.00780460352            0.000474435019           
       1.923518             0.00825414965            0.000488114506           
       1.926158             0.00862370363            0.000492447523           
       1.928799             0.00784533887            0.000464261318           
       1.931439             0.00807825143            0.000483458949           
       1.934079             0.00829927921            0.000510842383           
       1.936720             0.00785772599            0.000460547272           
       1.939360             0.00844690571            0.000509427347           
       1.942001             0.00739243694            0.000436801372           
       1.944641              0.0082803845            0.000471397088           
       1.947281             0.00823181466             0.00046568019           
       1.949922             0.00791565367             0.00047167895           
       1.952562             0.00863991788            0.000508232156           
       1.955202              0.0078325068            0.000483312481           
       1.957843             0.00751420551            0.000461113713           
       1.960483             0.00778335633             0.00049065185           
       1.963124             0.00794572748            0.000485572875           
       1.965764             0.00767307045             0.00044998369           
       1.968404             0.00797245363            0.000454344515           
       1.971045             0.00767040916            0.000454368466           
       1.973685              0.0079412372            0.000484939525           
       1.976326              0.0080305932            0.000480957929           
       1.978966             0.00803392383            0.000485279346           
       1.981606             0.00723333055            0.000470068817           
       1.984247             0.00856227483            0.000508068378           
       1.986887             0.00720187752            0.000460380264           
       1.989527             0.00791800483            0.000477528462           
       1.992168             0.00814651289            0.000502574947           
       1.994808             0.00768356826            0.000485993878           
       1.997449             0.00810986945            0.000489040129           
       2.000089             0.00724693011            0.000460457281           
       2.002729             0.00825454797             0.00049172156           
       2.005370             0.00707047522             0.00045019297           
       2.008010             0.00711541939            0.000471331825           
       2.010650             0.00846927074             0.00051805769           
       2.013291             0.00904098805            0.000513550303           
       2.015931             0.00775428046            0.000472242327           
       2.018572             0.00700156931            0.000479966628           
       2.021212              0.0074800249            0.000487181817           
       2.023852             0.00842859637            0.000489458846           
       2.026493             0.00760095434            0.000485573557           
       2.029133             0.00814885901            0.000492652253           
       2.031774             0.00728323611            0.000488795853           
       2.034414             0.00834670499            0.000481477781           
       2.037054             0.00793890129            0.000481470479           
       2.039695             0.00796283842            0.000478553977           
       2.042335             0.00697311506            0.000465390693           
       2.044975             0.00838992966             0.00050429474           
       2.047616             0.00778453692            0.000484553252           
       2.050256             0.00678315048            0.000456595361           
       2.052897             0.00780524771            0.000498818644           
       2.055537             0.00819488831            0.000493975747           
       2.058177             0.00753559919            0.000463868944           
       2.060818             0.00761303311            0.000488428958           
       2.063458             0.00809120663            0.000524732917           
       2.066098             0.00769175124             0.00048262545           
       2.068739             0.00708428209            0.000470375038           
       2.071379             0.00770838451            0.000503453526           
       2.074020             0.00738279234            0.000481998325           
       2.076660             0.00808526202            0.000508485945           
       2.079300             0.00767636659            0.000507601119           
       2.081941             0.00686522174            0.000439525816           
       2.084581              0.0070475081            0.000470042524           
       2.087222             0.00824767328            0.000490393016           
       2.089862              0.0075012871            0.000509372123           
       2.092502             0.00849436108            0.000525431974           
       2.095143             0.00741788151            0.000507042134           
       2.097783             0.00723894176            0.000484945029           
       2.100423             0.00766127573            0.000480727232           
       2.103064             0.00723057195            0.000484594922           
       2.105704             0.00755567465            0.000492915686           
       2.108345             0.00775561484            0.000479784993           
       2.110985             0.00758272075            0.000506700989           
       2.113625             0.00740962529            0.000505255155           
       2.116266             0.00781077854            0.000526111877           
       2.118906             0.00806424342            0.000498198669           
       2.121546             0.00764253311             0.00047573731           
       2.124187             0.00747248805            0.000493790467           
       2.126827             0.00777482056            0.000509302109           
       2.129468             0.00788886418            0.000514334251           
       2.132108             0.00685832357            0.000466579942           
       2.134748             0.00700988905            0.000469877237           
       2.137389             0.00839578777            0.000536472277           
       2.140029             0.00775795557            0.000461678748           
       2.142670             0.00860633356            0.000519684654           
       2.145310             0.00719346246            0.000462439063           
       2.147950             0.00766097364             0.00049119946           
       2.150591             0.00843321777            0.000510153909           
       2.153231             0.00670275265            0.000468157427           
       2.155871             0.00725173968            0.000470428308           
       2.158512             0.00720683587            0.000489336488           
       2.161152             0.00676929097            0.000459387648           
       2.163793             0.00738442394            0.000477646358           
       2.166433             0.00707000709            0.000479936717           
       2.169073             0.00766735881            0.000488673535           
       2.171714             0.00702395557            0.000464224492           
       2.174354             0.00727080361            0.000493521729           
       2.176995             0.00794268736            0.000513650297           
       2.179635              0.0070294209            0.000510624361           
       2.182275             0.00754907492            0.000499612865           
       2.184916             0.00771952762            0.000487978669           
       2.187556             0.00719666878            0.000466440663           
       2.190196             0.00772901918            0.000505130428           
       2.192837              0.0074494793            0.000493213469           
       2.195477             0.00736976153            0.000467697752           
       2.198118             0.00740514772             0.00048083205           
       2.200758             0.00755858568            0.000498389038           
       2.203398             0.00685427104            0.000477637409           
       2.206039             0.00852709185             0.00050419663           
       2.208679             0.00734228643            0.000478747536           
       2.211319             0.00715334244            0.000475272126           
       2.213960             0.00763183682            0.000497487942           
       2.216600              0.0081689781            0.000532442875           
       2.219241             0.00688848568            0.000467289642           
       2.221881             0.00760814913            0.000492102761           
       2.224521             0.00763242077            0.000498926856           
       2.227162             0.00731037869            0.000478510911           
       2.229802             0.00642428028            0.000462616202           
       2.232443             0.00759302825            0.000495007094           
       2.235083             0.00863386455            0.000543415133           
       2.237723             0.00693249702             0.00046728802           
       2.240364             0.00701109564            0.000481506606           
       2.243004             0.00797765568            0.000509525916           
       2.245644             0.00741506563            0.000496148363           
       2.248285             0.00772224575            0.000496177814           
       2.250925             0.00730498682            0.000485518112           
       2.253566             0.00707325508            0.000510756829           
       2.256206             0.00754796043            0.000517067914           
       2.258846             0.00786196263            0.000502001587           
       2.261487             0.00728074515             0.00050704715           
       2.264127             0.00765005427            0.000501964233           
       2.266767             0.00739800706            0.000506777385           
       2.269408             0.00760947637            0.000516074091           
       2.272048             0.00786032924            0.000521380654           
       2.274689             0.00735174689            0.000510875236           
       2.277329              0.0077387817            0.000493521329           
       2.279969              0.0074954466            0.000517000171           
       2.282610              0.0077112816            0.000509806236           
       2.285250             0.00685279662            0.000459991052           
       2.287891              0.0069737409            0.000497512866           
       2.290531              0.0066722667              0.0004931821           
       2.293171             0.00786276852            0.000521503979           
       2.295812             0.00745152528            0.000505642112           
       2.298452             0.00724191381            0.000521277111           
       2.301092             0.00800600607             0.00050924068           
       2.303733             0.00852045614            0.000546544776           
       2.306373             0.00721815399            0.000510967865           
       2.309014             0.00744294192            0.000508741306           
       2.311654             0.00811168385            0.000554233022           
       2.314294             0.00756389202            0.000493074293           
       2.316935             0.00713460977            0.000480856366           
       2.319575             0.00793967698            0.000531492368           
       2.322215             0.00772391347            0.000546326654           
       2.324856              0.0065011186             0.00046081911           
       2.327496             0.00741515622            0.000523308908           
       2.330137             0.00660002147             0.00047244215           
       2.332777             0.00717915111            0.000508061262           
       2.335417             0.00772683552             0.00051135092           
       2.338058             0.00700096193            0.000501280021           
       2.340698             0.00741884004            0.000511968449           
       2.343339             0.00808321663            0.000546161044           
       2.345979              0.0065087207            0.000463664748           
       2.348619             0.00638857635            0.000476156877           
       2.351260             0.00767634394            0.000518904603           
       2.353900              0.0074026418            0.000507955585           
       2.356540             0.00826576299            0.000535990284           
       2.359181             0.00712775254            0.000490749738           
       2.361821             0.00684909734            0.000464692415           
       2.364462             0.00786606559            0.000520843715           
       2.367102             0.00746983547            0.000521595217           
       2.369742             0.00678693218            0.000523317719           
       2.372383             0.00751669207            0.000498688482           
       2.375023             0.00629737381            0.000479830602           
       2.377663             0.00579886855            0.000440255135           
       2.380304             0.00788982549             0.00052209331           
       2.382944               0.007159493             0.00047370298           
       2.385585             0.00738147015             0.00051298456           
       2.388225             0.00663832798            0.000484190956           
       2.390865             0.00713752179            0.000496908927           
       2.393506             0.00722736677            0.000490593029           
       2.396146             0.00677546653            0.000513600087           
       2.398787              0.0075731378            0.000500409248           
       2.401427             0.00686436497             0.00045985259           
       2.404067             0.00640908469            0.000454252365           
       2.406708             0.00760854425            0.000489001962           
       2.409348             0.00632338843             0.00047285232           
       2.411988             0.00706130513            0.000489577121           
       2.414629             0.00671337619            0.000492230328           
       2.417269             0.00741540222            0.000523367039           
       2.419910             0.00735662438            0.000522498315           
       2.422550             0.00665632018            0.000475505872           
       2.425190             0.00774306971            0.000540603687           
       2.427831             0.00675413575            0.000502064024           
       2.430471             0.00780209666            0.000514082621           
       2.433112             0.00668065285            0.000463222206           
       2.435752             0.00709925831            0.000505359243           
       2.438392             0.00656101222            0.000468919633           
       2.441033             0.00790370088            0.000545445979           
       2.443673             0.00719778632            0.000520918426           
       2.446313             0.00713418193            0.000519068986           
       2.448954             0.00769491004            0.000513281341           
       2.451594             0.00609097776            0.000491021001           
       2.454235             0.00703432969            0.000495095472           
       2.456875             0.00639532911            0.000493957422           
       2.459515             0.00786449291             0.00056194408           
       2.462156             0.00819190595             0.00054148481           
       2.464796             0.00725158516            0.000502887337           
       2.467436             0.00711403573            0.000515088806           
       2.470077             0.00787037819             0.00051350783           
       2.472717             0.00753355169            0.000504575738           
       2.475358             0.00753823991            0.000509995596           
       2.477998             0.00723327738            0.000491150969           
       2.480638              0.0068964526            0.000488100859           
       2.483279             0.00834932589            0.000561312789           
       2.485919             0.00727517625            0.000504958577           
       2.488560             0.00660507573            0.000479797201           
       2.491200             0.00673194951            0.000498786871           
       2.493840             0.00670562143            0.000526748762           
       2.496481             0.00688113055            0.000524869155           
       2.499121             0.00711854941            0.000519251585           
       2.501761             0.00645040676            0.000500831953           
       2.504402             0.00663558047            0.000500548441           
       2.507042             0.00788900561            0.000541737113           
       2.509683             0.00735061595            0.000514932778           
       2.512323             0.00703465596            0.000529056612           
       2.514963             0.00743348634            0.000537128371           
       2.517604             0.00790349913            0.000574703709           
       2.520244             0.00830654275            0.000552352814           
       2.522884             0.00672387704            0.000504061039           
       2.525525             0.00803163977            0.000557156143           
       2.528165             0.00684044945            0.000506167395           
       2.530806             0.00643118986            0.000499346664           
       2.533446             0.00756434073             0.00052999521           
       2.536086             0.00725564044            0.000514422171           
       2.538727              0.0069246875            0.000482123238           
       2.541367             0.00668887484            0.000478510623           
       2.544008             0.00751299458            0.000523744251           
       2.546648             0.00645297419             0.00049371787           
       2.549288             0.00681279907            0.000517632859           
       2.551929             0.00688953815            0.000512242503           
       2.554569              0.0073923276            0.000511193295           
       2.557209             0.00719291636             0.00050888226           
       2.559850             0.00687383886            0.000499064705           
       2.562490             0.00706931919            0.000523093137           
       2.565131             0.00702473748            0.000540653633           
       2.567771             0.00708222218            0.000523399761           
       2.570411             0.00688594743            0.000510512033           
       2.573052             0.00713681067            0.000526273377           
       2.575692             0.00647551597               0.000498263           
       2.578332             0.00715165081            0.000525795441           
       2.580973             0.00766810053            0.000539269193           
       2.583613             0.00647022175            0.000483565414           
       2.586254             0.00753551864            0.000521132595           
       2.588894             0.00684341919             0.00051572095           
       2.591534             0.00678908718            0.000531744463           
       2.594175             0.00732232715            0.000541811429           
       2.596815             0.00779392324            0.000562282863           
       2.599456             0.00748232707            0.000522442805           
       2.602096             0.00699492225            0.000508984388           
       2.604736             0.00601220093            0.000483067292           
       2.607377             0.00710007014            0.000511120877           
       2.610017             0.00744887879            0.000514363889           
       2.612657             0.00675796654            0.000521113234           
       2.615298              0.0060108797             0.00047982501           
       2.617938             0.00631364011            0.000526058221           
       2.620579             0.00734442253            0.000544677431           
       2.623219             0.00676249935            0.000521908841           
       2.625859             0.00711476874            0.000520490733           
       2.628500             0.00709951615             0.00051652457           
       2.631140             0.00678730368            0.000512821184           
       2.633780              0.0067776962            0.000512012614           
       2.636421             0.00722280848            0.000541556266           
       2.639061             0.00650251223             0.00048372488           
       2.641702             0.00797791854            0.000548204008           
       2.644342             0.00679109006            0.000507941547           
       2.646982             0.00766761518            0.000531658209           
       2.649623             0.00812629185            0.000573578971           
       2.652263               0.006496275            0.000507690539           
       2.654904             0.00687515762            0.000522811214           
       2.657544             0.00633892658            0.000472840322           
       2.660184             0.00778207917            0.000554446506           
       2.662825             0.00640030748            0.000514484992           
       2.665465             0.00688389076            0.000516047546           
       2.668105             0.00691493352            0.000545158946           
       2.670746             0.00853426265            0.000559479102           
       2.673386              0.0085210648            0.000576142061           
       2.676027             0.00815308325            0.000554519638           
       2.678667              0.0100782544             0.00060157145           
       2.681307              0.0108762836            0.000614034142           
       2.683948              0.0140097584            0.000716027695           
       2.686588              0.0123678031            0.000661604158           
       2.689229              0.0102168697            0.000587592104           
       2.691869              0.0091586899            0.000587987146           
       2.694509             0.00941924845            0.000596620064           
       2.697150             0.00750248226            0.000523827675           
       2.699790             0.00823254344            0.000575256974           
       2.702430             0.00815451924            0.000547264576           
       2.705071             0.00692743846            0.000521213508           
       2.707711             0.00569222399              0.0004585634           
       2.710352             0.00721464476            0.000545490036           
       2.712992             0.00765507436            0.000572282983           
       2.715632             0.00603620703            0.000471490892           
       2.718273              0.0073410988            0.000538870849           
       2.720913             0.00589043874            0.000481327314           
       2.723553             0.00705498461            0.000530296661           
       2.726194             0.00696259457            0.000550693141           
       2.728834             0.00693638879            0.000549913697           
       2.731475             0.00802027568            0.000545736389           
       2.734115             0.00802439873            0.000562818163           
       2.736755             0.00726615872            0.000539975748           
       2.739396             0.00621286334            0.000496414161           
       2.742036             0.00607332663            0.000513661673           
       2.744677             0.00661114831            0.000519992922           
       2.747317             0.00842756864             0.00058291093           
       2.749957              0.0069826651            0.000534316783           
       2.752598             0.00659391274            0.000524865007           
       2.755238              0.0072609095            0.000560714264           
       2.757878             0.00753478058            0.000566196993           
       2.760519             0.00710451555            0.000543963771           
       2.763159             0.00794954376            0.000569655117           
       2.765800             0.00767607232            0.000533453074           
       2.768440             0.00729325387            0.000523811501           
       2.771080              0.0088509034            0.000581859621           
       2.773721             0.00684262657            0.000524803751           
       2.776361             0.00611500748            0.000502961307           
       2.779001             0.00738748125             0.00057250182           
       2.781642             0.00646660078            0.000531684883           
       2.784282             0.00680700214            0.000554469502           
       2.786923             0.00781688353            0.000599409573           
       2.789563             0.00676653208            0.000537117348           
       2.792203             0.00684434612              0.0005160423           
       2.794844             0.00761259202            0.000596471475           
       2.797484              0.0072750763            0.000550303043           
       2.800125             0.00597497494            0.000524397491           
       2.802765             0.00678423194            0.000549169688           
       2.805405             0.00630235137            0.000531098356           
       2.808046             0.00799947181            0.000608867321           
       2.810686             0.00738849776             0.00053768836           
       2.813326             0.00679165248            0.000535476557           
       2.815967             0.00775879533            0.000588607562           
       2.818607             0.00734032374            0.000546335538           
       2.821248             0.00712490973            0.000527084513           
       2.823888             0.00791806328            0.000576777108           
       2.826528             0.00663835223            0.000511453488           
       2.829169             0.00776792205            0.000579507713           
       2.831809             0.00657714754             0.00054049679           
       2.834449             0.00670353705             0.00054911374           
       2.837090             0.00683397765            0.000535491891           
       2.839730             0.00744723263            0.000556272989           
       2.842371             0.00699872485             0.00054004048           
       2.845011             0.00696718863            0.000543117344           
       2.847651             0.00637326708            0.000520090593           
       2.850292             0.00687444108            0.000545453939           
       2.852932             0.00700475874            0.000562599115           
       2.855573             0.00616242607            0.000511873531           
       2.858213             0.00637048801            0.000546528258           
       2.860853             0.00534348505            0.000465616957           
       2.863494             0.00707249892             0.00055461871           
       2.866134             0.00723257344            0.000582944488           
       2.868774             0.00670898481            0.000551787841           
       2.871415             0.00709974685            0.000576471416           
       2.874055             0.00757524787            0.000569188569           
       2.876696             0.00690051807            0.000557942685           
       2.879336             0.00755519059            0.000562680494           
       2.881976             0.00734746838            0.000572332247           
       2.884617             0.00842384951              0.0006038222           
       2.887257             0.00752698526            0.000573720253           
       2.889897             0.00776598611            0.000570763884           
       2.892538             0.00630330779            0.000563321419           
       2.895178             0.00756456153            0.000557519438           
       2.897819              0.0068770733            0.000542264057           
       2.900459             0.00730805623            0.000548123316           
       2.903099             0.00781114628            0.000560875303           
       2.905740             0.00694770431            0.000542653818           
       2.908380             0.00719812529            0.000558622815           
       2.911021              0.0070769772            0.000562907465           
       2.913661             0.00679727976            0.000551506392           
       2.916301             0.00677647927            0.000551187042           
       2.918942             0.00758769421            0.000557889248           
       2.921582             0.00677210853            0.000551450228           
       2.924222             0.00762879285            0.000567034975           
       2.926863             0.00809777222             0.00060851616           
       2.929503             0.00725766557              0.0005829118           
       2.932144             0.00707292347            0.000552392046           
       2.934784             0.00814826533            0.000583176887           
       2.937424              0.0060866609             0.00050920582           
       2.940065             0.00698540374             0.00052036122           
       2.942705             0.00738550249            0.000534384668           
       2.945346             0.00847083791            0.000607359898           
       2.947986             0.00639249471             0.00053798593           
       2.950626             0.00679790832            0.000551659674           
       2.953267              0.0069711002            0.000549616681           
       2.955907             0.00652251598            0.000551502381           
       2.958547             0.00705854335            0.000541617833           
       2.961188             0.00737937504            0.000577757719           
       2.963828             0.00749437378            0.000569540453           
       2.966469             0.00771353863            0.000566827883           
       2.969109             0.00746778792            0.000565988877           
       2.971749              0.0073760363            0.000558992096           
       2.974390             0.00775579328            0.000563275289           
       2.977030             0.00775809043            0.000575948764           
       2.979670             0.00844775321            0.000584591677           
       2.982311             0.00937772384            0.000638379543           
       2.984951             0.00763373549            0.000547796796           
       2.987592             0.00737421057            0.000549188322           
       2.990232             0.00827874282             0.00060516606           
       2.992872             0.00955463972            0.000612384758           
       2.995513             0.00917300841            0.000587027038           
       2.998153              0.0117200168            0.000674687103           
       3.000794              0.0116329413            0.000651071593           
       3.003434              0.0101236139            0.000608284855           
       3.006074              0.0237181578            0.000918014612           
       3.008715               0.081872448             0.00164644193           
       3.011355               0.246628676             0.00275563603           
       3.013995               0.185031757             0.00239333343           
       3.016636              0.0970766838             0.00169756073           
       3.019276               0.143345704             0.00202770477           
       3.021917               0.509884304             0.00367721814           
       3.024557                1.22886605             0.00561262238           
       3.027197                1.09827413             0.00517309075           
       3.029838               0.652700249             0.00404453509           
       3.032478               0.275328865             0.00262953495           
       3.035118              0.0730506927             0.00137262856           
       3.037759              0.0708364578             0.00134992171           
       3.040399              0.0924898693             0.00159113491           
       3.043040               0.341660838             0.00309562586           
       3.045680                0.38713361             0.00310031242           
       3.048320               0.131524128             0.00184639623           
       3.050961               0.141648207             0.00194990505           
       3.053601               0.103418917             0.00160468161           
       3.056242              0.0952816579             0.00163762172           
       3.058882              0.0970548999             0.00177295288           
       3.061522               0.070976882             0.00148754016           
       3.064163              0.0931257394             0.00168244771           
       3.066803               0.164134372             0.00235150567           
       3.069443               0.102032407             0.00193978394           
       3.072084              0.0395519127             0.00117600175           
       3.074724              0.0457904019             0.00141310955           
       3.077365              0.0388319476              0.0013470905           
       3.080005              0.0111529605            0.000726024453           
       3.082645              0.0150346674             0.00088554125           
       3.085286              0.0146058503            0.000879707499           
       3.087926               0.013196091            0.000829731123           
       3.090566              0.0108978208            0.000738796953           
       3.093207              0.0140703422            0.000873560264           
       3.095847             0.00836923004            0.000645756019           
       3.098488             0.00886685086            0.000737012628           
       3.101128             0.00968197618            0.000775097386           
       3.103768              0.0109247673            0.000807852193           
       3.106409               0.010338819            0.000836397422           
       3.109049             0.00816673031            0.000713369291           
       3.111690             0.00943324073            0.000753530009           
       3.114330             0.00876105458            0.000741635076           
       3.116970             0.00860510203            0.000740647367           
       3.119611             0.00935440004            0.000821978002           
       3.122251              0.0152796787             0.00109889187           
       3.124891              0.0320515825             0.00160638334           
       3.127532              0.0256325342             0.00140536238           
       3.130172              0.0185525032             0.00121628137           
       3.132813              0.0103709267            0.000895245374           
       3.135453              0.0071819325            0.000738859361           
       3.138093             0.00524072214            0.000683879814           
       3.140734             0.00553156093            0.000648202476           
       3.143374             0.00763547252            0.000805384244           
       3.146014             0.00677057741            0.000816451618           
       3.148655             0.00551794548            0.000685170979           
       3.151295             0.00705384166            0.000825544088           
       3.153936             0.00693232275            0.000790551876           
       3.156576             0.00727069851            0.000798603522           
       3.159216             0.00727030008            0.000802575985           
       3.161857             0.00673435013            0.000769284086           
       3.164497             0.00695921912            0.000821680141           
       3.167138             0.00661287082             0.00082759998           
       3.169778             0.00680361312            0.000825607161           
       3.172418             0.00636960454            0.000790714646           
       3.175059              0.0060144143            0.000681176563           
       3.177699             0.00613258492            0.000728376562           
       3.180339             0.00774815278            0.000877190683           
       3.182980             0.00551655157            0.000765255785           
       3.185620             0.00473283716            0.000721868838           
       3.188261             0.00627790577            0.000846226686           
       3.190901             0.00616340241            0.000771152698           
       3.193541             0.00508444236            0.000735961055           
       3.196182             0.00695227033            0.000896858644           
       3.198822             0.00658618602            0.000873219066           
       3.201463             0.00513243599            0.000757566037           
       3.204103             0.00451871616            0.000706506052           
       3.206743             0.00541806699            0.000773552467           
       3.209384             0.00567369533             0.00085524599           
       3.212024             0.00605464652            0.000823691289           
       3.214664             0.00448880914            0.000806492865           
       3.217305             0.00601090646             0.00088713277           
       3.219945             0.00510809424            0.000841729186           
       3.222586              0.0056641036            0.000844240026           
       3.225226             0.00541426981            0.000915665016           
       3.227866             0.00542812066            0.000837978436           
       3.230507             0.00626207618            0.000933001479           
       3.233147             0.00637016145            0.000948617563           
       3.235787             0.00605672785            0.000946607183           
       3.238428             0.00669896393             0.00107430343           
       3.241068             0.00556189605            0.000915312233           
       3.243709             0.00626903565              0.0010039806           
       3.246349              0.0046674269            0.000789704851           
       3.248989             0.00633403583             0.00108626129           
       3.251630             0.00638941157             0.00105060258           
       3.254270             0.00482332354            0.000815806197           
       3.256911             0.00574760643            0.000971686655           
       3.259551             0.00589785515             0.00105969233           
       3.262191             0.00655177817             0.00114085242           
       3.264832             0.00694359435             0.00122714553           
       3.267472             0.00666697126             0.00112803041           
       3.270112             0.00670613539             0.00125027353           
       3.272753              0.0058535181             0.00106918325           
       3.275393             0.00467978595            0.000975450267           
       3.278034             0.00631083208             0.00113339134           
       3.280674             0.00698313943             0.00129374072           
       3.283314             0.00478356178            0.000957650848           
       3.285955             0.00550211487             0.00105970166           
       3.288595             0.00480885211             0.00110218409           
       3.291235             0.00667039547             0.00133443898           
       3.293876             0.00492761328             0.00116342287           
       3.296516             0.00456546895             0.00107508639           
       3.299157             0.00470068383             0.00107718338           
       3.301797             0.00864794391             0.00166659936           
       3.304437             0.00668423795             0.00126943249           
       3.307078             0.00553984137             0.00127303725           
       3.309718             0.00464093239             0.00120268077           
       3.312359              0.0071946542             0.00149780702           
       3.314999             0.00633705846             0.00138403343           
       3.317639             0.00414548225             0.00107058075           
       3.320280             0.00593105446             0.00136149304           
       3.322920             0.00838232187             0.00164581267           
       3.325560             0.00605482732             0.00139972934           
       3.328201             0.00625372325             0.00128116291           
       3.330841             0.00542142386             0.00145179266           
       3.333482             0.00590930358             0.00143269375           
       3.336122             0.00450130759              0.0012509909           
       3.338762             0.00784424357             0.00190765817           
       3.341403             0.00503648524             0.00146062147           
       3.344043             0.00384928002              0.0012259484           
       3.346683             0.00566632893             0.00151853356           
       3.349324             0.00564732197             0.00170446544           
       3.351964             0.00685500839             0.00198580216           
       3.354605             0.00601564325             0.00212748855           
       3.357245             0.00730076294             0.00211430714           
       3.359885             0.00787957096             0.00175800786           
       3.362526             0.00611695334             0.00193702552           
       3.365166             0.00653644799             0.00188859787           
       3.367807             0.00713394843             0.00252507671           
       3.370447             0.00862001651             0.00230243441           
       3.373087             0.00493836501             0.00186359728           
       3.375728             0.00621014961             0.00235858067           
       3.378368             0.00403009891              0.0028198594           
       3.381008             0.00328242349             0.00189733948           
       3.383649             0.00561263969             0.00199028733           
       3.386289             0.00988636247             0.00312630254           
       3.388930             0.00247600982             0.00247475514           
       3.391570             0.00491175953             0.00246568214           
       3.394210             0.00398853623             0.00281187027           
       3.396851             0.00484050729             0.00346503596           
       3.399491             0.00475728967             0.00343608735           
       3.402131             0.00483287434             0.00489985962           
       3.404772           -2.65526425e-05                         0           
       3.407412                       nan                       nan           
       3.410053             0.00930123468             0.00962731413           
       3.412693                       nan                       nan           
       3.415333             0.00903619269              0.0094982184           
