################################################################################
# EDF_DataBlockID                     0.Image.Psd
# EDF_BinarySize                      2105344
# EDF_HeaderSize                      2560
# ByteOrder                           LowByteFirst
# DataType                            FloatValue
# Dim_1                               512
# Dim_2                               1028
# Image                               0
# HeaderID                            EH:000000:000000:000000
# Size                                2105344
# Center_1                            304.9000
# Center_2                            588.7000
# Comment                             Xenocs_Cell_Window - 20251028_20perc_iodine_1.23mg
# DDummy                              0.6
# Date                                2025-10-29T14:41:34
# Delta                               21.910000
# Dummy                               -1.5
# ExposureTime                        360
# Gamma                               15.360000
# Intensity1                          8.52347e-10
# PSize_1                             7.5e-05
# PSize_2                             7.5e-05
# Pressure                            0.0327787
# SampleDistance                      0.115750
# SampleEnvKind                       large
# SampleEnvPN                         ElectroChemical cell
# SampleEnvSN                         1141
# Thickness                           0
# Wavelength                          1.541891e-10
# Wavelength                          1.54189e-10
# aux                                 0
# aux_dial                            0.002375
# beamx                               588.434
# beamx_dial                          588.434
# beamz                               657.808
# beamz_dial                          657.808
# det0x                               0
# det0x_dial                          6.36945
# det0xvd                             0
# det0xvd_dial                        0
# det0y                               450.002
# det0y_dial                          481.635
# det0z                               0
# det0z_dial                          1.23302
# det0zvd                             0
# det0zvd_dial                        0
# mag                                 1.818
# mag_dial                            1.818
# om                                  0.2499
# om_dial                             -0.610199
# phi                                 -0.0120535
# phi_dial                            0
# ry                                  0.599993
# ry_dial                             0.599993
# s1bot                               0.8
# s1bot_dial                          -1.66094
# s1hl                                0.8
# s1hl_dial                           -0.608437
# s1hr                                0.8
# s1hr_dial                           0.970938
# s1top                               0.8
# s1top_dial                          -0.461562
# s2bot                               0.45
# s2bot_dial                          1.36109
# s2hl                                0.45
# s2hl_dial                           -0.83375
# s2hr                                0.45
# s2hr_dial                           -0.118594
# s2top                               0.45
# s2top_dial                          1.44734
# w2theta                             32
# w2theta_dial                        32
# waxsch                              19.2605
# waxsch_dial                         -32.7355
# waxsh                               137.085
# waxsh_dial                          -43.5338
# waxsth                              26.0607
# waxsth_dial                         -19.4086
# waxsz                               67.0407
# waxsz_dial                          -23.7954
# wind                                65.9854
# wind_dial                           66.0041
# wpsi                                124
# wpsi_dial                           124
# wstod                               115
# wstod_dial                          115
# x                                   0
# x_dial                              1.00969
# z                                   0
# z_dial                              13.3172
# CountCutoff                         6807993
# DetectorModel                       Dectris EIGER2 Si 500K, S/N E-01-0554
# ThresholdSetting                    4023.88989258
# Saturation                          0
# FlatField                           Corrected
# BackgroundReductionExtra            0.02
# BackgroundCorrectionConstant        0.0026712
# Detector                            0
# Monitor                             0
# Pil_Roi0                            0
# SumForIntensity1                    3.06845e+08
# TransmittedFlux                     852347
# det                                 0
# mon                                 0
# pilai0                              3.06845e+08
# pilai1                              767688
# pilct0                              5.31719e+08
# pilct1                              767688
# pilroi0                             0
# pilroi1                             0
# sec                                 1
# title                               20251028_20perc_iodine_1.23mg_1_00221.edf
# usaxs0                              0
# Operation                           Azimuthal average I(q)
# Error_model                         ErrorModel.poisson
# Geometrical_correction              True
# Transmission_correction             True
# Thickness_correction                False
# Binning mode                        Uniform
# Binning factor                      1.0
# Psi                                 0.0
# Omega                               0.2499
# MaskInvalidPixels                   True
# DetectorEdge                        3
# MaskFiles                           ['WAXS_corrected.edf']
################################################################################
    q(A⁻¹)                Intensity(a.u.)            Sigma_I(a.u.)            
       0.693100           -2.38203487e-05                         0           
       0.695741              0.0141144413             0.00647359335           
       0.698381              0.0169118373             0.00868004192           
       0.701021             0.00884365096             0.00887348884           
       0.703662              0.0170854066             0.00711919245           
       0.706302              0.0051681066             0.00303138404           
       0.708942             0.00285524317              0.0029081569           
       0.711583             0.00440431273             0.00312767163           
       0.714223              0.0117955841             0.00590937735           
       0.716864             0.00626604631             0.00281805575           
       0.719504             0.00737416428             0.00329895993           
       0.722144              0.0100635484             0.00356897104           
       0.724785             0.00398140105             0.00179067521           
       0.727425              0.0073598188             0.00329361223           
       0.730065              0.0109990486             0.00284811606           
       0.732706             0.00413291757             0.00146607854           
       0.735346             0.00349877727             0.00175837348           
       0.737987             0.00879102081             0.00196956221           
       0.740627             0.00686866418             0.00259760239           
       0.743267               0.010155908             0.00211562198           
       0.745908             0.00572779331             0.00172377702           
       0.748548             0.00750976339             0.00181934464           
       0.751189              0.0064122949             0.00226529685           
       0.753829             0.00606271258             0.00202477595           
       0.756469             0.00565641199             0.00157705685           
       0.759110             0.00680148877             0.00182242372           
       0.761750             0.00647183532             0.00157188858           
       0.764390             0.00540396117              0.0015033829           
       0.767031             0.00686373434             0.00146721207           
       0.769671             0.00831477689             0.00201443193           
       0.772312             0.00760553727             0.00146670779           
       0.774952              0.0103232746             0.00230752866           
       0.777592             0.00628011029             0.00131092906           
       0.780233             0.00633178604              0.0015881168           
       0.782873             0.00436575786              0.0012612227           
       0.785513             0.00659520146             0.00165721847           
       0.788154                0.01047218             0.00174690043           
       0.790794             0.00747175539             0.00176408684           
       0.793435             0.00740110279             0.00157727374           
       0.796075             0.00906409188             0.00168146243           
       0.798715             0.00608362761             0.00162786758           
       0.801356             0.00610877396             0.00140394697           
       0.803996             0.00602699591             0.00142172906           
       0.806637             0.00806294008             0.00130865548           
       0.809277             0.00921614594             0.00151437914           
       0.811917             0.00826955635             0.00134103064           
       0.814558              0.0065262997             0.00123817195           
       0.817198             0.00613291497             0.00114031795           
       0.819838             0.00627784764             0.00116764303           
       0.822479             0.00809293959             0.00155677896           
       0.825119             0.00650923569             0.00118831758           
       0.827760             0.00735423253             0.00127946686           
       0.830400             0.00609864917             0.00109661048           
       0.833040             0.00800288393              0.0013161109           
       0.835681             0.00725691946             0.00142475591           
       0.838321              0.0054996978             0.00104104007           
       0.840961             0.00723691579             0.00130113028           
       0.843602             0.00919177308             0.00134472151           
       0.846242             0.00567790349             0.00105672487           
       0.848883              0.0080165391              0.0012849557           
       0.851523              0.0064051826             0.00113431043           
       0.854163             0.00862753512             0.00140000217           
       0.856804             0.00586173157             0.00103758633           
       0.859444             0.00865351304             0.00123523033           
       0.862085             0.00822917131              0.0012554569           
       0.864725             0.00724474154             0.00120553342           
       0.867365             0.00829954214             0.00119649468           
       0.870006             0.00730943922             0.00106999961           
       0.872646             0.00792866835             0.00116860427           
       0.875286             0.00571714643            0.000954684798           
       0.877927             0.00812996466             0.00109855298           
       0.880567             0.00526195348            0.000915626711           
       0.883208             0.00699789171             0.00104596637           
       0.885848             0.00771997127             0.00114068358           
       0.888488             0.00680248924             0.00100430481           
       0.891129             0.00606263512            0.000973519171           
       0.893769             0.00684840357            0.000990221167           
       0.896410             0.00720636817            0.000947054388           
       0.899050             0.00632345381            0.000975616658           
       0.901690             0.00836959057             0.00122263798           
       0.904331               0.008144296             0.00106924755           
       0.906971             0.00429082186            0.000825650255           
       0.909611             0.00724162655            0.000976423121           
       0.912252             0.00854868349             0.00109578607           
       0.914892             0.00921760116             0.00124342778           
       0.917533             0.00704454247             0.00102831806           
       0.920173             0.00619545745            0.000894733537           
       0.922813             0.00509007714            0.000851049915           
       0.925454             0.00771834402            0.000943681292           
       0.928094             0.00970917686             0.00112994335           
       0.930734             0.00687204408             0.00102345106           
       0.933375             0.00746248533             0.00105602779           
       0.936015             0.00763073567            0.000969850821           
       0.938656               0.010514907             0.00122131734           
       0.941296             0.00770151163            0.000947270402           
       0.943936             0.00761134393            0.000923491498           
       0.946577             0.00662425498            0.000855834963           
       0.949217             0.00663337033            0.000787559172           
       0.951858             0.00717259715            0.000857271095           
       0.954498             0.00699899922            0.000980194604           
       0.957138             0.00738627012            0.000953945158           
       0.959779             0.00801194482             0.00097941368           
       0.962419              0.0075437571            0.000944044802           
       0.965059             0.00706004513            0.000960528392           
       0.967700             0.00779768644             0.00103388792           
       0.970340             0.00652828415            0.000837114383           
       0.972981             0.00649344196            0.000760653516           
       0.975621             0.00706843266            0.000844271729           
       0.978261             0.00827627964            0.000868045025           
       0.980902             0.00504411894            0.000810796621           
       0.983542             0.00653146779            0.000817043526           
       0.986182             0.00790661523            0.000882582702           
       0.988823             0.00764507816            0.000842696284           
       0.991463             0.00696328574            0.000858043237           
       0.994104             0.00825357707            0.000911291457           
       0.996744             0.00669861295            0.000837385436           
       0.999384             0.00743411279            0.000788946452           
       1.002025             0.00834436022            0.000932921455           
       1.004665              0.0075820874            0.000812700175           
       1.007306             0.00809406753            0.000835392754           
       1.009946             0.00690381538            0.000786850954           
       1.012586             0.00655007079             0.00074645492           
       1.015227             0.00794567348            0.000883236083           
       1.017867             0.00743707513            0.000821234469           
       1.020507             0.00748535956            0.000798055285           
       1.023148              0.0078175585              0.0008800243           
       1.025788             0.00764518589            0.000797967323           
       1.028429               0.007949984            0.000852503994           
       1.031069             0.00793302962            0.000801383133           
       1.033709             0.00912518835            0.000913641565           
       1.036350             0.00891557843            0.000811095777           
       1.038990             0.00749488898            0.000757335473           
       1.041630             0.00824828619            0.000828659424           
       1.044271             0.00652801768            0.000693309102           
       1.046911             0.00855195777             0.00083470093           
       1.049552             0.00871922797             0.00088549405           
       1.052192             0.00810514872            0.000779575526           
       1.054832             0.00794748612            0.000778978449           
       1.057473             0.00810457724            0.000775460443           
       1.060113             0.00776262394            0.000740158039           
       1.062754             0.00713154375            0.000724319546           
       1.065394             0.00821021373            0.000821668895           
       1.068034             0.00741334539            0.000710399552           
       1.070675             0.00845853974            0.000791550672           
       1.073315             0.00794365493            0.000778076067           
       1.075955             0.00827690726            0.000749797884           
       1.078596             0.00790084937            0.000778572861           
       1.081236             0.00716736325            0.000710085199           
       1.083877             0.00905623748            0.000791026766           
       1.086517             0.00722448396            0.000757589629           
       1.089157             0.00830314811            0.000842727172           
       1.091798             0.00916414227            0.000776194724           
       1.094438             0.00921768117            0.000775946246           
       1.097078              0.0080041358            0.000693496291           
       1.099719               0.008563954            0.000775911158           
       1.102359             0.00882960546            0.000737834251           
       1.105000             0.00925731549            0.000844788892           
       1.107640             0.00760188667            0.000731978146           
       1.110280             0.00920734623            0.000735023508           
       1.112921             0.00893599745            0.000777852438           
       1.115561             0.00789785632            0.000695015001           
       1.118202             0.00859597953            0.000725765433           
       1.120842             0.00832492054            0.000750661312           
       1.123482             0.00843868237            0.000752471953           
       1.126123             0.00906041687            0.000747862166           
       1.128763             0.00787131654             0.00070184088           
       1.131403             0.00906074087            0.000725583086           
       1.134044             0.00793562404            0.000698734586           
       1.136684             0.00924030684            0.000803882799           
       1.139325             0.00877610408            0.000721695206           
       1.141965             0.00834832962            0.000708539969           
       1.144605             0.00862542852            0.000686715649           
       1.147246             0.00982428292            0.000750046478           
       1.149886             0.00790235441            0.000670303571           
       1.152527             0.00858628085            0.000708868793           
       1.155167             0.00883299751            0.000683860364           
       1.157807             0.00851737742            0.000720001305           
       1.160448              0.0098262876            0.000755194307           
       1.163088             0.00838229852            0.000665314384           
       1.165728             0.00878692364            0.000699383425           
       1.168369             0.00928795365            0.000725689394           
       1.171009             0.00869153447            0.000681274895           
       1.173650             0.00870069623            0.000699518871           
       1.176290             0.00913094875            0.000700284726           
       1.178930              0.0103266404              0.0007298988           
       1.181571             0.00890216562            0.000691128645           
       1.184211              0.0092210697            0.000705892898           
       1.186851             0.00908420959            0.000685000591           
       1.189492             0.00928716504            0.000687950765           
       1.192132              0.0097115497            0.000695600219           
       1.194773             0.00838750326            0.000649269803           
       1.197413             0.00848537721            0.000625711472           
       1.200053              0.0100945527             0.00069980813           
       1.202694             0.00886385383            0.000623592839           
       1.205334             0.00927910108            0.000687599305           
       1.207975             0.00926948783            0.000655992856           
       1.210615              0.0100449534            0.000753334074           
       1.213255             0.00855315927             0.00062248853           
       1.215896             0.00900763928             0.00065038738           
       1.218536               0.008581397            0.000610399583           
       1.221176             0.00897944771            0.000678846453           
       1.223817              0.0105578851            0.000690986995           
       1.226457              0.0103040409            0.000696382176           
       1.229098             0.00978085619            0.000678439519           
       1.231738               0.010025982            0.000690268981           
       1.234378              0.0105928666            0.000666696084           
       1.237019               0.010651413            0.000688919969           
       1.239659              0.0111962828            0.000700168186           
       1.242299             0.00877217929            0.000611879738           
       1.244940              0.0101716698            0.000640805244           
       1.247580              0.0110222838            0.000687461183           
       1.250221             0.00909455551            0.000620604713           
       1.252861              0.0102386672            0.000626881112           
       1.255501              0.0107183029            0.000696433843           
       1.258142              0.0100949062            0.000635108185           
       1.260782             0.00963010123             0.00063373649           
       1.263423             0.00973508103            0.000612259234           
       1.266063              0.0101852752            0.000641894514           
       1.268703               0.010253598            0.000638699518           
       1.271344              0.0112617971            0.000692049142           
       1.273984               0.010543717            0.000646723113           
       1.276624              0.0106142078            0.000636691139           
       1.279265               0.010934102            0.000656945711           
       1.281905              0.0114297914            0.000674652718           
       1.284546              0.0102674168            0.000618065247           
       1.287186              0.0100270265            0.000599246892           
       1.289826              0.0107552735            0.000654089699           
       1.292467              0.0100849949            0.000619429393           
       1.295107             0.00990760357            0.000607858651           
       1.297747              0.0111663876            0.000617516954           
       1.300388              0.0104144212            0.000650110077           
       1.303028              0.0115325178            0.000653100672           
       1.305669             0.00937225206            0.000602781342           
       1.308309             0.00968309191            0.000606662108           
       1.310949              0.0113265313            0.000655468216           
       1.313590              0.0100596948            0.000598416157           
       1.316230             0.00999628986            0.000636577469           
       1.318871              0.0114594233            0.000667518368           
       1.321511              0.0110926292            0.000644575482           
       1.324151             0.00950471679             0.00057897016           
       1.326792              0.0109668842            0.000625755874           
       1.329432              0.0101974285            0.000599146527           
       1.332072              0.0112524203            0.000619997094           
       1.334713              0.0113595552             0.00064293757           
       1.337353              0.0111195978             0.00061004282           
       1.339994              0.0107297026            0.000628855467           
       1.342634              0.0104968853            0.000596454595           
       1.345274              0.0107616199            0.000625009909           
       1.347915              0.0107734697            0.000608084849           
       1.350555              0.0119015861            0.000650323028           
       1.353195              0.0116038961             0.00064529224           
       1.355836              0.0112345102            0.000625037734           
       1.358476              0.0114102882            0.000611736796           
       1.361117              0.0104775668            0.000587005577           
       1.363757              0.0116281173            0.000637278503           
       1.366397              0.0111246769            0.000604467612           
       1.369038              0.0119326528            0.000632267439           
       1.371678               0.011514795            0.000615622776           
       1.374319              0.0108904698            0.000593545531           
       1.376959              0.0113464737            0.000599751825           
       1.379599               0.011240324              0.0006397387           
       1.382240              0.0103446418            0.000576805551           
       1.384880               0.010593171             0.00061826381           
       1.387520              0.0116881272            0.000616785063           
       1.390161              0.0111618355            0.000572457123           
       1.392801              0.0121341984            0.000621882044           
       1.395442              0.0109805789            0.000599661847           
       1.398082              0.0102088395            0.000541463967           
       1.400722              0.0114619809            0.000600974058           
       1.403363               0.010967184            0.000618793419           
       1.406003              0.0111523334            0.000583975351           
       1.408644               0.010587418            0.000596056823           
       1.411284              0.0121879286            0.000605573514           
       1.413924              0.0114345646            0.000584384518           
       1.416565              0.0117081618            0.000589011705           
       1.419205              0.0110483286            0.000596868425           
       1.421845              0.0116163108            0.000611658959           
       1.424486              0.0110916565            0.000574514098           
       1.427126              0.0105225832            0.000581297392           
       1.429767              0.0107927584            0.000553907106           
       1.432407              0.0114720647            0.000597641065           
       1.435047              0.0107247781            0.000542695406           
       1.437688              0.0108668515            0.000554445997           
       1.440328              0.0115177062            0.000582574082           
       1.442968               0.011037551            0.000583079443           
       1.445609              0.0111679831            0.000567908673           
       1.448249              0.0109568289            0.000576756783           
       1.450890              0.0106502162            0.000564918204           
       1.453530              0.0107748508            0.000594466211           
       1.456170              0.0113176621            0.000591297362           
       1.458811               0.010768704            0.000551528166           
       1.461451              0.0110884106            0.000561123422           
       1.464092               0.011737279            0.000581082182           
       1.466732              0.0114556125            0.000569134448           
       1.469372              0.0107511273            0.000538453336           
       1.472013              0.0108846877            0.000584328747           
       1.474653              0.0109905139            0.000578104714           
       1.477293             0.00992295188            0.000560888201           
       1.479934              0.0113270515            0.000571817924           
       1.482574              0.0112086558            0.000550246045           
       1.485215              0.0115442102            0.000568822417           
       1.487855              0.0106993323            0.000554835871           
       1.490495              0.0106389732            0.000551230996           
       1.493136              0.0110363888            0.000553736652           
       1.495776              0.0114399112            0.000561201856           
       1.498416              0.0108228513            0.000563715545           
       1.501057              0.0110584526            0.000557260289           
       1.503697              0.0111420261            0.000546865629           
       1.506338              0.0110450367            0.000554429801           
       1.508978              0.0102499613             0.00052884935           
       1.511618             0.00955056465            0.000543667042           
       1.514259              0.0113896245            0.000573197637           
       1.516899              0.0105156898            0.000536265297           
       1.519540              0.0114018045            0.000567407487           
       1.522180             0.00990159304            0.000533407599           
       1.524820              0.0111029653            0.000561671898           
       1.527461              0.0111645339            0.000566012587           
       1.530101              0.0101776688            0.000535013417           
       1.532741               0.011119942            0.000555986262           
       1.535382              0.0111380407            0.000565396516           
       1.538022              0.0108132356            0.000524809718           
       1.540663              0.0111041613            0.000572008216           
       1.543303              0.0102803397            0.000511037368           
       1.545943              0.0121402485             0.00058779147           
       1.548584              0.0107800588            0.000563828165           
       1.551224             0.00982999582            0.000497810642           
       1.553864              0.0102382383            0.000536841935           
       1.556505              0.0111852483             0.00054205755           
       1.559145               0.010715068            0.000537041433           
       1.561786              0.0104843616            0.000531637575           
       1.564426              0.0101764373             0.00050748085           
       1.567066              0.0103959968            0.000537448132           
       1.569707              0.0101931717            0.000522619903           
       1.572347              0.0101799995            0.000539569641           
       1.574988             0.00981519514            0.000504293708           
       1.577628              0.0103563095            0.000540154773           
       1.580268              0.0103803593            0.000523959769           
       1.582909              0.0100673724            0.000546939625           
       1.585549             0.00943659272             0.00051415476           
       1.588189             0.00999275778            0.000517541673           
       1.590830             0.00865337003            0.000481005292           
       1.593470             0.00987242319            0.000534113617           
       1.596111             0.00977468202            0.000518873052           
       1.598751             0.00827062039            0.000462474292           
       1.601391             0.00988284726            0.000516698448           
       1.604032              0.0101878012             0.00053557679           
       1.606672             0.00983780269            0.000511347118           
       1.609312              0.0101027314            0.000540926187           
       1.611953             0.00992663574            0.000524696471           
       1.614593             0.00969442878            0.000508630217           
       1.617234             0.00914931173            0.000512097805           
       1.619874             0.00901538651            0.000506327954           
       1.622514              0.0103117958            0.000534123499           
       1.625155             0.00898118378            0.000501417365           
       1.627795             0.00941624626             0.00050083879           
       1.630436             0.00934303237            0.000496282884           
       1.633076             0.00912164775            0.000496799255           
       1.635716              0.0089201272            0.000483636911           
       1.638357             0.00982196507            0.000508834248           
       1.640997             0.00842159849            0.000485439093           
       1.643637             0.00910823584            0.000491267192           
       1.646278             0.00975702002            0.000524438802           
       1.648918             0.00844657426            0.000489282447           
       1.651559             0.00956568494            0.000524729068           
       1.654199             0.00962249604             0.00051185835           
       1.656839             0.00885240046            0.000491120451           
       1.659480             0.00857346186            0.000501470536           
       1.662120             0.00931625443            0.000492337513           
       1.664761             0.00948771617            0.000516096296           
       1.667401             0.00915073574            0.000484438353           
       1.670041             0.00869729359            0.000479484541           
       1.672682             0.00853967992            0.000473167207           
       1.675322             0.00938177774             0.00049275912           
       1.677962             0.00867257272            0.000468542111           
       1.680603             0.00818211166            0.000456501003           
       1.683243             0.00898100399            0.000498983642           
       1.685884             0.00844020567            0.000487299206           
       1.688524             0.00887812588            0.000490120273           
       1.691164             0.00838518073            0.000476427469           
       1.693805             0.00949545222             0.00051255832           
       1.696445             0.00942717429            0.000513674693           
       1.699085             0.00923873885            0.000491475597           
       1.701726             0.00751724685            0.000427068997           
       1.704366             0.00822549229            0.000470622653           
       1.707007             0.00939363107            0.000491720376           
       1.709647             0.00852425282            0.000473703566           
       1.712287             0.00784587459            0.000458419436           
       1.714928             0.00905069006            0.000496330184           
       1.717568             0.00927548716             0.00047331573           
       1.720209             0.00768370432            0.000451225016           
       1.722849             0.00887073561            0.000482335417           
       1.725489             0.00800748296            0.000458650495           
       1.728130             0.00837170818            0.000498378912           
       1.730770             0.00906614803            0.000492566357           
       1.733410             0.00918444483            0.000487976475           
       1.736051             0.00890822185            0.000483927563           
       1.738691             0.00780054117            0.000443662831           
       1.741332             0.00828100095            0.000470488517           
       1.743972             0.00992753755            0.000531973337           
       1.746612             0.00946868216            0.000498884961           
       1.749253             0.00859655837            0.000484742366           
       1.751893             0.00815103727             0.00046854958           
       1.754533             0.00873671792            0.000484638042           
       1.757174             0.00788154125            0.000455997869           
       1.759814             0.00854263429            0.000467540975           
       1.762455             0.00865178459            0.000479158123           
       1.765095             0.00885701323            0.000463777661           
       1.767735               0.008130386             0.00045805458           
       1.770376             0.00875977368            0.000476706972           
       1.773016             0.00882677837            0.000475321396           
       1.775657             0.00931915114            0.000481371232           
       1.778297             0.00852003236            0.000456306578           
       1.780937             0.00884795146             0.00049081244           
       1.783578             0.00820006322            0.000460686541           
       1.786218             0.00895723723            0.000502483665           
       1.788858              0.0085406023            0.000466007004           
       1.791499             0.00947288512             0.00048527085           
       1.794139             0.00808654923            0.000444720146           
       1.796780             0.00907125899            0.000468748848           
       1.799420             0.00907531843            0.000466257323           
       1.802060             0.00922802278            0.000473961312           
       1.804701             0.00851134094            0.000436815853           
       1.807341             0.00921145057            0.000477503147           
       1.809981              0.0093975641            0.000483910918           
       1.812622             0.00865143759            0.000455944484           
       1.815262             0.00879318014            0.000469428667           
       1.817903             0.00888195602            0.000464801903           
       1.820543             0.00859160517            0.000464264896           
       1.823183             0.00937016705            0.000484577829           
       1.825824             0.00886893014            0.000450393707           
       1.828464             0.00931985351            0.000481343724           
       1.831105               0.008525219            0.000447638173           
       1.833745             0.00876708891             0.00046363862           
       1.836385             0.00851800839             0.00047004719           
       1.839026             0.00798958341            0.000453795508           
       1.841666             0.00822579064            0.000458822003           
       1.844306              0.0080338723            0.000441065682           
       1.846947             0.00859793598            0.000460286493           
       1.849587             0.00910196991            0.000522953714           
       1.852228             0.00822933176            0.000449640379           
       1.854868             0.00701412748            0.000438509038           
       1.857508             0.00811417496            0.000467017725           
       1.860149             0.00883845584            0.000496271191           
       1.862789             0.00770697009            0.000447305341           
       1.865429             0.00847222096            0.000489550762           
       1.868070             0.00836630441            0.000479997109           
       1.870710             0.00794125702            0.000456863767           
       1.873351             0.00888148165             0.00048912601           
       1.875991             0.00800403266            0.000471914186           
       1.878631             0.00873986729            0.000483685028           
       1.881272             0.00822470076            0.000466069401           
       1.883912             0.00794934171            0.000476854069           
       1.886553             0.00810761613            0.000476193798           
       1.889193             0.00819722752             0.00047800005           
       1.891833             0.00794856419            0.000488834219           
       1.894474             0.00806442023            0.000488095718           
       1.897114             0.00793655087            0.000468560525           
       1.899754             0.00801856969            0.000472946027           
       1.902395             0.00736553518            0.000444416528           
       1.905035             0.00937932958            0.000531176233           
       1.907676             0.00913211657            0.000493993433           
       1.910316             0.00861144036            0.000492440973           
       1.912956             0.00845614646            0.000477244938           
       1.915597             0.00848531679            0.000480739235           
       1.918237             0.00868394242            0.000502263962           
       1.920878             0.00945409548            0.000521917724           
       1.923518             0.00792704787             0.00047811462           
       1.926158             0.00802493479             0.00047481512           
       1.928799             0.00773365743            0.000460722953           
       1.931439             0.00738662121            0.000462077235           
       1.934079             0.00846834175            0.000515770692           
       1.936720             0.00802942295            0.000465327458           
       1.939360             0.00803005934            0.000496459182           
       1.942001             0.00844353926            0.000466598331           
       1.944641             0.00698720905             0.00043281694           
       1.947281             0.00879008737            0.000480980318           
       1.949922             0.00933764148            0.000512050081           
       1.952562             0.00716991388            0.000462759177           
       1.955202             0.00836508027            0.000499233148           
       1.957843             0.00815742462            0.000480212849           
       1.960483             0.00811373823             0.00050071571           
       1.963124             0.00787841091            0.000483278681           
       1.965764             0.00740236951            0.000441761941           
       1.968404             0.00774258823            0.000447530984           
       1.971045             0.00733457858            0.000444096386           
       1.973685             0.00805115497             0.00048804889           
       1.976326             0.00824684342            0.000487155812           
       1.978966             0.00761251783            0.000472153107           
       1.981606             0.00832647433            0.000504096402           
       1.984247             0.00770676663            0.000481786278           
       1.986887             0.00776285691            0.000477744131           
       1.989527             0.00776499283            0.000472664133           
       1.992168             0.00827104487            0.000506157746           
       1.994808              0.0074262334            0.000477556056           
       1.997449             0.00756191792            0.000472002483           
       2.000089             0.00757407046            0.000470508764           
       2.002729             0.00830937269            0.000493114145           
       2.005370             0.00803913414            0.000479810538           
       2.008010             0.00811138077            0.000502996133           
       2.010650             0.00838194786            0.000515131766           
       2.013291             0.00863160015            0.000501546769           
       2.015931              0.0079749423            0.000478683735           
       2.018572             0.00692215187            0.000477006883           
       2.021212             0.00807682743            0.000506000201           
       2.023852             0.00715056461            0.000450608582           
       2.026493             0.00730635539            0.000475841265           
       2.029133             0.00784482925            0.000483141738           
       2.031774             0.00777068648            0.000504644739           
       2.034414             0.00786173195            0.000467055588           
       2.037054             0.00796174464            0.000481930401           
       2.039695             0.00839402977            0.000491103431           
       2.042335             0.00763425278            0.000486718982           
       2.044975             0.00723330322            0.000468019935           
       2.047616             0.00656920201            0.000444910001           
       2.050256             0.00772276522             0.00048695959           
       2.052897             0.00773496729            0.000496328611           
       2.055537             0.00754267222            0.000473682633           
       2.058177             0.00712921397            0.000450970324           
       2.060818             0.00807133328            0.000502673422           
       2.063458             0.00780821629             0.00051522665           
       2.066098             0.00756165442            0.000478296007           
       2.068739             0.00839198541            0.000511704742           
       2.071379             0.00844653525            0.000526753875           
       2.074020             0.00713172458            0.000473503531           
       2.076660             0.00686777545            0.000468414883           
       2.079300             0.00733808454             0.00049605155           
       2.081941             0.00796350789            0.000473151313           
       2.084581              0.0073815939             0.00048082293           
       2.087222             0.00733929264             0.00046237718           
       2.089862             0.00659235797            0.000477285684           
       2.092502             0.00648959702            0.000459040222           
       2.095143             0.00789737977            0.000522921325           
       2.097783             0.00723129695            0.000484455406           
       2.100423             0.00825311028            0.000498709613           
       2.103064             0.00707215582            0.000479026105           
       2.105704              0.0068655456            0.000469639136           
       2.108345             0.00732521747            0.000466057544           
       2.110985             0.00716912028            0.000492450851           
       2.113625             0.00775331774            0.000516591385           
       2.116266             0.00743640162            0.000513101283           
       2.118906             0.00858374861            0.000513747808           
       2.121546             0.00726300857            0.000463551045           
       2.124187             0.00716240148            0.000483203593           
       2.126827             0.00736147722            0.000495340128           
       2.129468              0.0078344763            0.000512311294           
       2.132108             0.00743001004            0.000485403069           
       2.134748             0.00758004841            0.000488377403           
       2.137389             0.00643270123            0.000469357743           
       2.140029             0.00753005012            0.000454627719           
       2.142670             0.00811748598            0.000504466483           
       2.145310             0.00718508477            0.000461947061           
       2.147950              0.0067638881            0.000461322718           
       2.150591             0.00737563193            0.000476864417           
       2.153231             0.00712644754            0.000482494765           
       2.155871             0.00709784505            0.000465185683           
       2.158512             0.00713199398            0.000486554515           
       2.161152             0.00710401856            0.000470381795           
       2.163793             0.00762173537            0.000485026905           
       2.166433              0.0078459389            0.000505344159           
       2.169073             0.00775590933            0.000491250523           
       2.171714             0.00741273482            0.000476669256           
       2.174354             0.00702857556            0.000484997465           
       2.176995             0.00727128202            0.000491224526           
       2.179635             0.00708844789            0.000512516757           
       2.182275             0.00784971617            0.000509218836           
       2.184916             0.00716292951            0.000469830874           
       2.187556             0.00761779786            0.000479662875           
       2.190196             0.00751980601             0.00049800694           
       2.192837             0.00802565918            0.000511685445           
       2.195477             0.00625316526            0.000430605186           
       2.198118             0.00686958475            0.000462895038           
       2.200758             0.00784822071            0.000507603436           
       2.203398             0.00708950102            0.000485530224           
       2.206039             0.00752514163             0.00047342103           
       2.208679             0.00679548494            0.000460353931           
       2.211319             0.00807826696            0.000504821305           
       2.213960             0.00762053124            0.000496879847           
       2.216600             0.00738973821            0.000506167689           
       2.219241             0.00719399538            0.000477309513           
       2.221881             0.00749995696            0.000488355875           
       2.224521             0.00759487118            0.000497458291           
       2.227162             0.00763809845            0.000488883378           
       2.229802             0.00729788498            0.000492830803           
       2.232443             0.00638772209             0.00045380331           
       2.235083             0.00755104439            0.000507952805           
       2.237723             0.00692813452            0.000466915934           
       2.240364             0.00797426152            0.000513269289           
       2.243004             0.00721597145            0.000484358332           
       2.245644              0.0070499211            0.000483545036           
       2.248285             0.00698344833            0.000471618934           
       2.250925             0.00625487253             0.00044905102           
       2.253566             0.00744437307            0.000523732258           
       2.256206             0.00825662955            0.000540536368           
       2.258846             0.00737246661            0.000485888643           
       2.261487             0.00783689323             0.00052580309           
       2.264127              0.0072550292            0.000488597044           
       2.266767             0.00797445644            0.000525897539           
       2.269408             0.00729289423             0.00050498138           
       2.272048             0.00697533181              0.0004909166           
       2.274689             0.00834616288            0.000544068703           
       2.277329             0.00692052562            0.000466476647           
       2.279969             0.00706976996            0.000501863151           
       2.282610             0.00750737683            0.000502778511           
       2.285250             0.00619621133            0.000437189086           
       2.287891             0.00741568045            0.000512787765           
       2.290531             0.00729070422             0.00051528332           
       2.293171             0.00721894547            0.000499456305           
       2.295812             0.00747207805            0.000506095044           
       2.298452             0.00621711243            0.000482755332           
       2.301092             0.00683130748            0.000470173109           
       2.303733             0.00756738193            0.000514822939           
       2.306373             0.00644050356            0.000482426513           
       2.309014             0.00840854799            0.000540475394           
       2.311654             0.00784292722            0.000544711721           
       2.314294             0.00684675708            0.000468892081           
       2.316935              0.0074234783            0.000490258032           
       2.319575             0.00696855482            0.000497688624           
       2.322215             0.00767527204            0.000544341338           
       2.324856             0.00698505196            0.000477432518           
       2.327496             0.00696571848             0.00050695764           
       2.330137             0.00683388254            0.000480507815           
       2.332777             0.00721181878            0.000508970576           
       2.335417             0.00686392845            0.000481720712           
       2.338058             0.00640980209            0.000479418276           
       2.340698             0.00721203152            0.000504538997           
       2.343339             0.00704592426            0.000509669135           
       2.345979             0.00643210531            0.000460705685           
       2.348619             0.00866025195            0.000554120245           
       2.351260             0.00707781439            0.000498024414           
       2.353900             0.00613030638            0.000462023643           
       2.356540             0.00694056714            0.000490912014           
       2.359181             0.00668098322             0.00047489183           
       2.361821             0.00765896994            0.000491162086           
       2.364462             0.00606605716            0.000457164641           
       2.367102             0.00764692464            0.000527487565           
       2.369742             0.00767169134            0.000556115479           
       2.372383             0.00694673742            0.000479178294           
       2.375023             0.00664938935            0.000492821704           
       2.377663             0.00771520661            0.000507571602           
       2.380304             0.00776616303            0.000517736066           
       2.382944             0.00745236276            0.000483061821           
       2.385585             0.00730311628            0.000510008843           
       2.388225             0.00660379997             0.00048269746           
       2.390865             0.00802065045            0.000526500282           
       2.393506             0.00678277467            0.000475035163           
       2.396146             0.00782403423            0.000551647425           
       2.398787             0.00723280453            0.000488800341           
       2.401427             0.00756608228            0.000482552669           
       2.404067             0.00692122739            0.000471825587           
       2.406708             0.00826032625            0.000509271245           
       2.409348             0.00751677644            0.000515296448           
       2.411988             0.00725702137            0.000496076397           
       2.414629             0.00638333125            0.000479747042           
       2.417269             0.00671707236            0.000497874362           
       2.419910             0.00674202076            0.000499955539           
       2.422550             0.00675820955            0.000478900563           
       2.425190             0.00732494511            0.000525551577           
       2.427831             0.00738151903            0.000524611516           
       2.430471              0.0073185324            0.000497656863           
       2.433112             0.00766594499            0.000495967827           
       2.435752             0.00679959556            0.000494340284           
       2.438392             0.00776647185            0.000509935935           
       2.441033             0.00635981195            0.000489045618           
       2.443673             0.00707571718            0.000516233538           
       2.446313             0.00674345897            0.000504411627           
       2.448954             0.00666651704            0.000477522608           
       2.451594             0.00750008583            0.000544603484           
       2.454235             0.00776631177            0.000519966954           
       2.456875             0.00753846566            0.000536031467           
       2.459515             0.00697400065            0.000528919364           
       2.462156             0.00724674799            0.000509044931           
       2.464796             0.00854571712            0.000545656357           
       2.467436              0.0083457611            0.000557632147           
       2.470077             0.00721260941             0.00049134463           
       2.472717             0.00830172352            0.000529421225           
       2.475358             0.00747063096            0.000507458846           
       2.477998              0.0076587832            0.000505147341           
       2.480638             0.00810159508            0.000528777174           
       2.483279             0.00794627323            0.000547333104           
       2.485919             0.00716745375            0.000500964766           
       2.488560             0.00699424861            0.000493491958           
       2.491200             0.00717232166            0.000514594577           
       2.493840             0.00631457091            0.000510912665           
       2.496481             0.00670858345            0.000517997071           
       2.499121             0.00665493374            0.000501816208           
       2.501761             0.00757046956            0.000542313761           
       2.504402             0.00734862065             0.00052650234           
       2.507042             0.00750611143            0.000528172394           
       2.509683             0.00659274633            0.000487430378           
       2.512323              0.0069458394            0.000525452935           
       2.514963              0.0066530066            0.000507903884           
       2.517604             0.00772039793            0.000567733964           
       2.520244             0.00740112678            0.000521130004           
       2.522884             0.00754964574            0.000533859867           
       2.525525             0.00775250555            0.000547125042           
       2.528165             0.00744274199              0.0005277267           
       2.530806             0.00761978235            0.000543273484           
       2.533446             0.00699539607            0.000509428567           
       2.536086             0.00677617378            0.000496895207           
       2.538727             0.00738523104            0.000497657732           
       2.541367             0.00720042322            0.000496232037           
       2.544008              0.0075340459            0.000524224845           
       2.546648             0.00644147457            0.000493040129           
       2.549288             0.00777258214             0.00055262744           
       2.551929             0.00729899368            0.000526990502           
       2.554569             0.00699763992            0.000497119822           
       2.557209             0.00687027885            0.000497098814           
       2.559850             0.00726161258            0.000512701347           
       2.562490              0.0070397244            0.000521745598           
       2.565131             0.00648643633            0.000519275574           
       2.567771             0.00757596692            0.000541076309           
       2.570411             0.00623841654            0.000485682052           
       2.573052             0.00721361266            0.000528842635           
       2.575692             0.00784731138            0.000548242412           
       2.578332              0.0066799273            0.000507914102           
       2.580973             0.00721155291            0.000522717268           
       2.583613             0.00664633717            0.000489866309           
       2.586254             0.00738597744            0.000515687245           
       2.588894             0.00729554387            0.000532228072           
       2.591534             0.00665988948            0.000526406851           
       2.594175             0.00696275901            0.000528086442           
       2.596815              0.0080672827            0.000571782898           
       2.599456             0.00718655088            0.000511765964           
       2.602096             0.00639514727            0.000486439719           
       2.604736             0.00710030502            0.000524710954           
       2.607377             0.00627739593            0.000480366596           
       2.610017             0.00685341584            0.000493138941           
       2.612657             0.00694469501            0.000528009104           
       2.615298             0.00642252353            0.000495743984           
       2.617938             0.00696081482            0.000552096099           
       2.620579             0.00770035723            0.000557451037           
       2.623219             0.00768531674            0.000556112503           
       2.625859             0.00639118538            0.000493076215           
       2.628500             0.00652985842            0.000495129987           
       2.631140             0.00688313223            0.000516179926           
       2.633780             0.00715090025            0.000525666994           
       2.636421              0.0064042641            0.000509701474           
       2.639061             0.00776178956            0.000528237838           
       2.641702             0.00793191173            0.000546357717           
       2.644342             0.00670651417            0.000504525538           
       2.646982             0.00747722325            0.000524763091           
       2.649623             0.00780107687            0.000561713717           
       2.652263             0.00776308865            0.000554721349           
       2.654904             0.00747244483            0.000544785652           
       2.657544             0.00671277464            0.000486349435           
       2.660184             0.00734233069            0.000538293998           
       2.662825             0.00685550395            0.000532209622           
       2.665465             0.00683835572            0.000514090187           
       2.668105             0.00626192523            0.000518529914           
       2.670746             0.00780557372            0.000534803228           
       2.673386             0.00850786022            0.000575418153           
       2.676027             0.00913216022            0.000586588429           
       2.678667              0.0107480236            0.000620939949           
       2.681307              0.0110129445             0.00061758213           
       2.683948              0.0133833167            0.000699499025           
       2.686588              0.0117579073            0.000644774271           
       2.689229              0.0100737603            0.000583181274           
       2.691869             0.00884256224            0.000577472032           
       2.694509             0.00921192244            0.000589733234           
       2.697150             0.00805092743            0.000542374977           
       2.699790             0.00721782396            0.000538379802           
       2.702430              0.0072234945            0.000514828485           
       2.705071             0.00633164797            0.000498056306           
       2.707711             0.00671875771            0.000497959046           
       2.710352             0.00683204948            0.000530573537           
       2.712992             0.00696191202            0.000545495446           
       2.715632             0.00721889376            0.000515367832           
       2.718273             0.00718325914            0.000532789505           
       2.720913             0.00722033527            0.000532642855           
       2.723553             0.00761110804            0.000550535767           
       2.726194              0.0073039776            0.000563760402           
       2.728834             0.00771623257            0.000579723914           
       2.731475              0.0075896211             0.00053062664           
       2.734115             0.00723949805            0.000534326631           
       2.736755             0.00738273901            0.000544028073           
       2.739396             0.00716720752            0.000532922418           
       2.742036             0.00668285368            0.000538561814           
       2.744677             0.00673178139             0.00052446284           
       2.747317             0.00792945435            0.000565149619           
       2.749957             0.00721446321            0.000542851396           
       2.752598             0.00800511226            0.000578030124           
       2.755238             0.00703454066             0.00055163867           
       2.757878             0.00810748526            0.000587037812           
       2.760519             0.00867758637            0.000600887199           
       2.763159             0.00931989293            0.000616505706           
       2.765800             0.00724500222            0.000518008269           
       2.768440             0.00728806661            0.000523372945           
       2.771080             0.00794173949            0.000550900258           
       2.773721              0.0079574512            0.000565670123           
       2.776361             0.00631333728            0.000510806381           
       2.779001             0.00707097077            0.000559833568           
       2.781642             0.00611422728            0.000516746822           
       2.784282             0.00707010415            0.000564811282           
       2.786923             0.00739832934            0.000582860229           
       2.789563             0.00667240695             0.00053311157           
       2.792203             0.00590206342             0.00047897406           
       2.794844             0.00676735931            0.000562113166           
       2.797484             0.00743280355            0.000555968522           
       2.800125             0.00684136762            0.000560860381           
       2.802765               0.006430557            0.000534405905           
       2.805405             0.00759943172            0.000582914619           
       2.808046             0.00675331116            0.000559166478           
       2.810686             0.00663803517            0.000509404849           
       2.813326             0.00760021197            0.000566182348           
       2.815967             0.00620001212            0.000525915168           
       2.818607             0.00653863912            0.000515390331           
       2.821248             0.00677037447            0.000513555821           
       2.823888             0.00690932341            0.000538526438           
       2.826528             0.00648158251            0.000505134771           
       2.829169             0.00685997999            0.000544325843           
       2.831809               0.007464059            0.000575509632           
       2.834449             0.00628040883            0.000531245176           
       2.837090              0.0066135928            0.000526532988           
       2.839730             0.00618079221            0.000506527842           
       2.842371             0.00656876699            0.000522937181           
       2.845011             0.00755787013            0.000565399392           
       2.847651             0.00669930159            0.000532970832           
       2.850292             0.00729806324            0.000561738169           
       2.852932             0.00694317685            0.000559850803           
       2.855573             0.00670438379            0.000533650577           
       2.858213             0.00673812422            0.000561806184           
       2.860853             0.00703784985            0.000534105715           
       2.863494             0.00654071765            0.000533103471           
       2.866134             0.00632842742            0.000545028753           
       2.868774              0.0067060581            0.000551401719           
       2.871415             0.00626158416            0.000541114529           
       2.874055             0.00653528395            0.000528421786           
       2.876696             0.00812508738            0.000605136706           
       2.879336             0.00871457286            0.000604022252           
       2.881976              0.0069003436            0.000554377313           
       2.884617             0.00701985758            0.000550945532           
       2.887257             0.00860126522            0.000613001527           
       2.889897             0.00665907311            0.000528269831           
       2.892538             0.00824223667            0.000643850868           
       2.895178             0.00677762735            0.000527469941           
       2.897819             0.00669570412            0.000534807953           
       2.900459             0.00710605331            0.000540234487           
       2.903099             0.00744268079             0.00054722303           
       2.905740             0.00613475731            0.000509673004           
       2.908380             0.00715184825            0.000556555978           
       2.911021             0.00729705852            0.000571317809           
       2.913661             0.00738658852            0.000574639757           
       2.916301              0.0065463748            0.000541487098           
       2.918942             0.00782767194            0.000566369852           
       2.921582             0.00700262938            0.000560487168           
       2.924222             0.00580521556            0.000494403856           
       2.926863             0.00783351738            0.000598216629           
       2.929503             0.00860748425            0.000634502339           
       2.932144             0.00762051006            0.000573100378           
       2.934784             0.00729898624            0.000551683166           
       2.937424             0.00617759554            0.000512748358           
       2.940065             0.00724711016            0.000529763871           
       2.942705             0.00737625005            0.000533792562           
       2.945346             0.00622661446            0.000520474737           
       2.947986               0.006647149            0.000548332735           
       2.950626             0.00635818195              0.0005332622           
       2.953267             0.00691161994            0.000547003248           
       2.955907                0.00750037            0.000591114889           
       2.958547              0.0072661556            0.000549260663           
       2.961188             0.00687660212            0.000557459925           
       2.963828             0.00613956822            0.000515248285           
       2.966469             0.00723404524            0.000548663064           
       2.969109             0.00711564001             0.00055221682           
       2.971749             0.00736000486            0.000558115306           
       2.974390             0.00691502793            0.000531612634           
       2.977030             0.00795032826            0.000582759953           
       2.979670              0.0083986173            0.000582608281           
       2.982311             0.00946636399            0.000641080519           
       2.984951             0.00821764429            0.000568087641           
       2.987592             0.00743284276            0.000551101683           
       2.990232              0.0066798505            0.000543333493           
       2.992872             0.00779009234            0.000552687008           
       2.995513             0.00860216976            0.000568194404           
       2.998153               0.012441054            0.000694796492           
       3.000794               0.011675158            0.000651937708           
       3.003434             0.00946129994            0.000587767217           
       3.006074              0.0219819304             0.00088334991           
       3.008715              0.0760704166             0.00158626654           
       3.011355               0.252225184              0.0027853837           
       3.013995               0.183647528              0.0023832157           
       3.016636               0.102769434             0.00174578426           
       3.019276               0.137618846             0.00198583004           
       3.021917               0.507975478             0.00366856049           
       3.024557                1.21367345             0.00557513277           
       3.027197                 1.1037634             0.00518350416           
       3.029838               0.662862678             0.00407393635           
       3.032478               0.272216313             0.00261336992           
       3.035118              0.0723217483               0.001365105           
       3.037759              0.0712560103             0.00135326127           
       3.040399              0.0955473837             0.00161644175           
       3.043040               0.330453791             0.00304296511           
       3.045680               0.386374068             0.00309577754           
       3.048320               0.136191341             0.00187796578           
       3.050961               0.139943231             0.00193720066           
       3.053601                0.10925952             0.00164857711           
       3.056242              0.0929331493              0.0016165346           
       3.058882              0.0983355252             0.00178375178           
       3.061522              0.0732940551             0.00151089872           
       3.064163              0.0930988846             0.00168139474           
       3.066803               0.165376089             0.00235924671           
       3.069443               0.105824885             0.00197455364           
       3.072084              0.0380796403             0.00115335069           
       3.074724              0.0455669123             0.00140897777           
       3.077365               0.041410411             0.00139042541           
       3.080005               0.010801637            0.000714153706           
       3.082645              0.0147609411            0.000877020299           
       3.085286              0.0134308191            0.000843173329           
       3.087926              0.0120392456            0.000792145765           
       3.090566               0.010641642            0.000729710046           
       3.093207              0.0115621577             0.00079149964           
       3.095847             0.00900209745               0.000669404           
       3.098488             0.00917203411            0.000749227648           
       3.101128              0.0115417513            0.000845864622           
       3.103768             0.00836364565            0.000706503572           
       3.106409               0.010479556            0.000841665252           
       3.109049             0.00927474152            0.000759857139           
       3.111690             0.00895219858            0.000733712107           
       3.114330             0.00832041649            0.000722396012           
       3.116970             0.00706061211            0.000670571955           
       3.119611             0.00984734442            0.000842951383           
       3.122251              0.0158840393             0.00111987375           
       3.124891              0.0343148558             0.00166133143           
       3.127532              0.0276198174             0.00145812142           
       3.130172              0.0179115285             0.00119451019           
       3.132813               0.010144665            0.000884999238           
       3.135453             0.00603882725            0.000677186297           
       3.138093              0.0080234232            0.000845774926           
       3.140734             0.00651914538            0.000703352291           
       3.143374             0.00789610368            0.000818619958           
       3.146014              0.0069726672            0.000828147713           
       3.148655             0.00670204513            0.000754752689           
       3.151295             0.00724158512            0.000836055246           
       3.153936              0.0081023078            0.000854252176           
       3.156576             0.00611614366            0.000732103916           
       3.159216             0.00564500078            0.000706858905           
       3.161857             0.00638480178            0.000748692271           
       3.164497             0.00687160282            0.000816097971           
       3.167138             0.00899267958            0.000964629968           
       3.169778             0.00577394511            0.000760204979           
       3.172418             0.00724949293            0.000843156323           
       3.175059             0.00723454352            0.000746722661           
       3.177699             0.00552602169            0.000691084588           
       3.180339              0.0059339501            0.000767286586           
       3.182980             0.00485883126            0.000717842929           
       3.185620              0.0048291001            0.000728821801           
       3.188261             0.00603863457            0.000829544012           
       3.190901             0.00549289062             0.00072764799           
       3.193541              0.0068933368            0.000856522264           
       3.196182             0.00496637764            0.000757654629           
       3.198822             0.00711386075            0.000907088438           
       3.201463             0.00614041396            0.000828224911           
       3.204103             0.00648595735            0.000846030729           
       3.206743              0.0054017946            0.000772017884           
       3.209384              0.0052573365            0.000822870829           
       3.212024             0.00639493455            0.000846113972           
       3.214664             0.00548467285            0.000891047921           
       3.217305             0.00623807803            0.000903305755           
       3.219945             0.00582636448            0.000898529827           
       3.222586             0.00616056866            0.000880038118           
       3.225226             0.00447841622            0.000832376174           
       3.227866             0.00529694786            0.000827392697           
       3.230507              0.0047109873             0.00080885349           
       3.233147             0.00577596232            0.000902856762           
       3.235787              0.0048555772            0.000847153161           
       3.238428             0.00479759074             0.00090871036           
       3.241068             0.00540440998            0.000901825922           
       3.243709             0.00561114441            0.000949382912           
       3.246349             0.00588205776            0.000886097323           
       3.248989             0.00465626099            0.000930900879           
       3.251630             0.00688660936             0.00109018824           
       3.254270             0.00509535189            0.000838091878           
       3.256911             0.00489802776            0.000896569759           
       3.259551             0.00572072364             0.00104315528           
       3.262191             0.00594926871             0.00108660677           
       3.264832             0.00691551583             0.00122407189           
       3.267472             0.00569845364             0.00104237927           
       3.270112             0.00647387863             0.00122784032           
       3.272753             0.00487534404            0.000975297326           
       3.275393             0.00425962768            0.000930183638           
       3.278034              0.0068896849             0.00118366007           
       3.280674             0.00551086358             0.00114874189           
       3.283314             0.00612396314             0.00108302511           
       3.285955              0.0053026826             0.00103981803           
       3.288595             0.00607177457              0.0012378898           
       3.291235             0.00531273208             0.00119034437           
       3.293876             0.00738719537             0.00142380272           
       3.296516             0.00378801383            0.000978807265           
       3.299157             0.00640314871             0.00125659884           
       3.301797             0.00573670935             0.00135674097           
       3.304437             0.00748533521              0.0013427032           
       3.307078             0.00493364238             0.00120078988           
       3.309718             0.00590692162             0.00135618547           
       3.312359             0.00559604539             0.00132032927           
       3.314999              0.0057272433             0.00131512271           
       3.317639             0.00639414627             0.00132896616           
       3.320280             0.00499983795             0.00124944796           
       3.322920             0.00518313308             0.00129355576           
       3.325560             0.00703939319             0.00150852161           
       3.328201              0.0047108411             0.00111141177           
       3.330841             0.00464723853             0.00134349525           
       3.333482             0.00588214638             0.00142870928           
       3.336122             0.00936199064             0.00180326538           
       3.338762               0.006477695              0.0017327105           
       3.341403                0.00714363             0.00173869783           
       3.344043             0.00545512234             0.00145873171           
       3.346683             0.00730273383              0.0017230861           
       3.349324             0.00408145448             0.00144832205           
       3.351964             0.00515921821             0.00172192674           
       3.354605             0.00601101692             0.00212564585           
       3.357245             0.00487942727             0.00172766333           
       3.359885              0.0043327476             0.00130299263           
       3.362526             0.00299951156             0.00135576296           
       3.365166              0.0038138669             0.00144192308           
       3.367807             0.00354127983             0.00177819938           
       3.370447             0.00430117158             0.00162561366           
       3.373087             0.00693382675             0.00220717976           
       3.375728             0.00352997421             0.00177736329           
       3.378368             0.00197685903             0.00197400473           
       3.381008             0.00549093602             0.00245279735           
       3.383649             0.00494825313             0.00186787964           
       3.386289             0.00493967679             0.00220878144           
       3.388930              0.0049055014             0.00348167712           
       3.391570             0.00864377206             0.00326934636           
       3.394210             0.00398941844             0.00281082653           
       3.396851             0.00983227749             0.00493605634           
       3.399491             0.00987398471             0.00494790509           
       3.402131             0.00490113163             0.00493196297           
       3.404772           -2.65270664e-05                         0           
       3.407412                       nan                       nan           
       3.410053           -2.65924027e-05                         0           
       3.412693                       nan                       nan           
       3.415333              0.0180816201              0.0134294683           
