################################################################################
# EDF_DataBlockID                     0.Image.Psd
# EDF_BinarySize                      2105344
# EDF_HeaderSize                      2560
# ByteOrder                           LowByteFirst
# DataType                            FloatValue
# Dim_1                               512
# Dim_2                               1028
# Image                               0
# HeaderID                            EH:000000:000000:000000
# Size                                2105344
# Center_1                            304.9000
# Center_2                            588.7000
# Comment                             Xenocs_Cell_Window - 20251028_20perc_iodine_1.23mg
# DDummy                              0.6
# Date                                2025-10-29T02:42:52
# Delta                               21.910000
# Dummy                               -1.5
# ExposureTime                        360
# Gamma                               15.360000
# Intensity1                          8.47714e-10
# PSize_1                             7.5e-05
# PSize_2                             7.5e-05
# Pressure                            0.0336008
# SampleDistance                      0.115750
# SampleEnvKind                       large
# SampleEnvPN                         ElectroChemical cell
# SampleEnvSN                         1141
# Thickness                           0
# Wavelength                          1.541891e-10
# Wavelength                          1.54189e-10
# aux                                 0
# aux_dial                            0.002375
# beamx                               588.434
# beamx_dial                          588.434
# beamz                               657.808
# beamz_dial                          657.808
# det0x                               0
# det0x_dial                          6.36945
# det0xvd                             0
# det0xvd_dial                        0
# det0y                               450.002
# det0y_dial                          481.635
# det0z                               0
# det0z_dial                          1.23302
# det0zvd                             0
# det0zvd_dial                        0
# mag                                 1.818
# mag_dial                            1.818
# om                                  0.2499
# om_dial                             -0.610199
# phi                                 -0.0120535
# phi_dial                            0
# ry                                  0.599993
# ry_dial                             0.599993
# s1bot                               0.8
# s1bot_dial                          -1.66094
# s1hl                                0.8
# s1hl_dial                           -0.608437
# s1hr                                0.8
# s1hr_dial                           0.970938
# s1top                               0.8
# s1top_dial                          -0.461562
# s2bot                               0.45
# s2bot_dial                          1.36109
# s2hl                                0.45
# s2hl_dial                           -0.83375
# s2hr                                0.45
# s2hr_dial                           -0.118594
# s2top                               0.45
# s2top_dial                          1.44734
# w2theta                             32
# w2theta_dial                        32
# waxsch                              19.2605
# waxsch_dial                         -32.7355
# waxsh                               137.085
# waxsh_dial                          -43.5338
# waxsth                              26.0607
# waxsth_dial                         -19.4086
# waxsz                               67.0407
# waxsz_dial                          -23.7954
# wind                                65.9854
# wind_dial                           66.0041
# wpsi                                124
# wpsi_dial                           124
# wstod                               115
# wstod_dial                          115
# x                                   0
# x_dial                              1.00969
# z                                   0
# z_dial                              13.3172
# CountCutoff                         6807993
# DetectorModel                       Dectris EIGER2 Si 500K, S/N E-01-0554
# ThresholdSetting                    4023.88989258
# Saturation                          0
# FlatField                           Corrected
# BackgroundReductionExtra            0.02
# BackgroundCorrectionConstant        0.0026712
# Detector                            0
# Monitor                             0
# Pil_Roi0                            0
# SumForIntensity1                    3.05177e+08
# TransmittedFlux                     847714
# det                                 0
# mon                                 0
# pilai0                              3.05177e+08
# pilai1                              771634
# pilct0                              5.29063e+08
# pilct1                              771634
# pilroi0                             0
# pilroi1                             0
# sec                                 1
# title                               20251028_20perc_iodine_1.23mg_1_00112.edf
# usaxs0                              0
# Operation                           Azimuthal average I(q)
# Error_model                         ErrorModel.poisson
# Geometrical_correction              True
# Transmission_correction             True
# Thickness_correction                False
# Binning mode                        Uniform
# Binning factor                      1.0
# Psi                                 0.0
# Omega                               0.2499
# MaskInvalidPixels                   True
# DetectorEdge                        3
# MaskFiles                           ['WAXS_corrected.edf']
################################################################################
    q(A⁻¹)                Intensity(a.u.)            Sigma_I(a.u.)            
       0.693100             0.00416184739             0.00431948993           
       0.695741             0.00277067702             0.00287600781           
       0.698381             0.00430812849             0.00439293008           
       0.701021            -2.3912816e-05                         0           
       0.703662              0.0114906862             0.00585429493           
       0.706302             0.00506464223             0.00300907599           
       0.708942              0.0229926368             0.00827511835           
       0.711583              0.0110815388             0.00497468577           
       0.714223              0.0029052663             0.00294075274           
       0.716864             0.00509275576             0.00254749151           
       0.719504              0.0103845422             0.00392552597           
       0.722144             0.00378567487             0.00219493999           
       0.724785             0.00640111345             0.00227672282           
       0.727425              0.0148270581             0.00468759347           
       0.730065              0.0103709151              0.0027731426           
       0.732706             0.00515882616             0.00164243372           
       0.735346             0.00442348091             0.00198252466           
       0.737987             0.00877674146             0.00197333238           
       0.740627             0.00590587648              0.0024152509           
       0.743267               0.005276386             0.00152908107           
       0.745908             0.00629404491             0.00181190689           
       0.748548             0.00884950586             0.00198036344           
       0.751189             0.00887620263             0.00267248652           
       0.753829             0.00339162249             0.00151855588           
       0.756469             0.00657343449             0.00170473368           
       0.759110             0.00735870421              0.0019007788           
       0.761750             0.00764536976             0.00171313196           
       0.764390             0.00544062875             0.00151259125           
       0.767031              0.0100462444              0.0017799101           
       0.769671             0.00686470239             0.00183536183           
       0.772312              0.0028156019            0.000894844995           
       0.774952             0.00830427843             0.00207526163           
       0.777592             0.00711609552             0.00139926503           
       0.780233             0.00838511764             0.00183255681           
       0.782873             0.00690812284             0.00159083641           
       0.785513             0.00668235009             0.00167268393           
       0.788154             0.00554209786             0.00127429576           
       0.790794             0.00713170008             0.00172817896           
       0.793435              0.0101690555             0.00185388463           
       0.796075             0.00753235617             0.00153700041           
       0.798715               0.010484127             0.00214282862           
       0.801356             0.00805025439             0.00161607689           
       0.803996             0.00463781689             0.00125056633           
       0.806637              0.0074492399             0.00126129924           
       0.809277             0.00625261416             0.00125076092           
       0.811917             0.00655986959             0.00119764674           
       0.814558             0.00799747944             0.00137438232           
       0.817198             0.00577967723             0.00111001238           
       0.819838             0.00874203156             0.00138163851           
       0.822479             0.00754570727             0.00150732645           
       0.825119             0.00784090737              0.0013077786           
       0.827760             0.00829576639             0.00136261184           
       0.830400             0.00692043244             0.00117134742           
       0.833040             0.00824766042             0.00133973269           
       0.835681             0.00898498684             0.00158966854           
       0.838321             0.00634407506             0.00112115519           
       0.840961              0.0074822702             0.00132661303           
       0.843602             0.00649369488             0.00113334514           
       0.846242                0.00905174             0.00133788104           
       0.848883             0.00640674862             0.00115185306           
       0.851523              0.0058703965             0.00108888854           
       0.854163             0.00638094597             0.00120728948           
       0.856804             0.00758634674             0.00118361692           
       0.859444             0.00812865722             0.00120045163           
       0.862085              0.0105983248             0.00142865021           
       0.864725             0.00665072384             0.00115820598           
       0.867365             0.00693162213             0.00109643953           
       0.870006             0.00675790636             0.00103164722           
       0.872646             0.00518933475            0.000947996483           
       0.875286             0.00752333463             0.00109814346           
       0.877927             0.00567207556            0.000920091935           
       0.880567             0.00592172882             0.00097398608           
       0.883208             0.00863453623             0.00116503014           
       0.885848             0.00827762845             0.00118438761           
       0.888488             0.00773142027             0.00107360566           
       0.891129             0.00799835157             0.00112123741           
       0.893769             0.00677117849            0.000987309248           
       0.896410             0.00710518902            0.000942948679           
       0.899050             0.00681293588             0.00101543639           
       0.901690             0.00682477606             0.00110706602           
       0.904331             0.00748780382             0.00102804531           
       0.906971             0.00928657676             0.00121797183           
       0.909611             0.00765021664             0.00100632995           
       0.912252             0.00647647915            0.000956377134           
       0.914892             0.00621524961             0.00102382196           
       0.917533              0.0075028202             0.00106413537           
       0.920173             0.00713729404            0.000962958037           
       0.922813             0.00758007349             0.00104138927           
       0.925454             0.00774526069            0.000947905057           
       0.928094              0.0083003177             0.00104760211           
       0.930734             0.00825751916               0.001124948           
       0.933375             0.00749235618             0.00106102679           
       0.936015             0.00704360452            0.000934335296           
       0.938656             0.00756870517             0.00103901099           
       0.941296             0.00737767453            0.000929670964           
       0.943936              0.0083358017            0.000969079611           
       0.946577             0.00788383764            0.000936211304           
       0.949217              0.0077969181            0.000856172154           
       0.951858             0.00739967795            0.000873111907           
       0.954498             0.00606633753             0.00091504228           
       0.957138             0.00705771363             0.00093503178           
       0.959779             0.00710108788            0.000924577191           
       0.962419             0.00769777789            0.000956235771           
       0.965059             0.00708816131            0.000965065532           
       0.967700              0.0081106929             0.00105731184           
       0.970340             0.00711177295            0.000876108233           
       0.972981             0.00786103695             0.00083921426           
       0.975621             0.00811962945            0.000907344749           
       0.978261             0.00841034457            0.000877435314           
       0.980902             0.00808745615             0.00102945835           
       0.983542             0.00698002116            0.000846938174           
       0.986182             0.00743853013            0.000858395067           
       0.988823             0.00774490913            0.000850495104           
       0.991463             0.00861575765            0.000957044964           
       0.994104             0.00695958349            0.000839095436           
       0.996744             0.00812311349            0.000924650826           
       0.999384             0.00882694585            0.000862028703           
       1.002025             0.00892145048            0.000967274712           
       1.004665             0.00719832886            0.000794027132           
       1.007306             0.00769988368            0.000817020428           
       1.009946              0.0085802481            0.000879592169           
       1.012586             0.00785997061             0.00081992587           
       1.015227             0.00768584404            0.000871045358           
       1.017867             0.00812031746            0.000860470785           
       1.020507             0.00797523855            0.000826003764           
       1.023148             0.00725542371            0.000850107847           
       1.025788             0.00954766223            0.000894176283           
       1.028429             0.00781251232            0.000847407285           
       1.031069             0.00838640132            0.000826212993           
       1.033709             0.00898539455            0.000909090348           
       1.036350             0.00666731177            0.000703325397           
       1.038990             0.00790580024            0.000779941727           
       1.041630             0.00786387325            0.000811327145           
       1.044271             0.00812594676            0.000775633874           
       1.046911             0.00778764725            0.000798702052           
       1.049552             0.00922979472            0.000913537107           
       1.052192             0.00830123896            0.000791102398           
       1.054832              0.0070557313            0.000735978472           
       1.057473             0.00813988465            0.000779268519           
       1.060113             0.00845158009            0.000774413087           
       1.062754             0.00760078468            0.000749809925           
       1.065394             0.00833945103            0.000830370453           
       1.068034             0.00724495397            0.000704201454           
       1.070675              0.0085827943            0.000799519236           
       1.073315             0.00790060179            0.000778082234           
       1.075955             0.00818503512            0.000747659714           
       1.078596             0.00786712994            0.000779029803           
       1.081236              0.0100442994            0.000842896243           
       1.083877             0.00875231629            0.000779762454           
       1.086517             0.00807042472            0.000802901634           
       1.089157             0.00722739797            0.000788388226           
       1.091798             0.00917147813            0.000778624354           
       1.094438              0.0080783945            0.000728394847           
       1.097078             0.00960968238            0.000761947373           
       1.099719             0.00826034284            0.000764112689           
       1.102359             0.00800456295            0.000704434335           
       1.105000             0.00969507797            0.000866891722           
       1.107640             0.00827903424            0.000765968305           
       1.110280             0.00753739026            0.000666849812           
       1.112921             0.00796063415            0.000736178403           
       1.115561             0.00825145766            0.000712341821           
       1.118202             0.00869109244              0.0007317611           
       1.120842              0.0102093754            0.000833560472           
       1.123482             0.00694567768             0.00068453215           
       1.126123             0.00903609188            0.000748895693           
       1.128763             0.00836339706            0.000725420578           
       1.131403             0.00870426877            0.000713107464           
       1.134044             0.00884837703            0.000739838706           
       1.136684              0.0092872794            0.000808122754           
       1.139325             0.00871782955            0.000721258037           
       1.141965             0.00874434368            0.000727129408           
       1.144605              0.0086245413            0.000688554226           
       1.147246             0.00995280102            0.000756996632           
       1.149886             0.00812376354            0.000681483678           
       1.152527             0.00905868252            0.000730094998           
       1.155167             0.00942556153            0.000708354303           
       1.157807              0.0099162898             0.00077900184           
       1.160448             0.00758103127            0.000665137841           
       1.163088             0.00938339623            0.000705844313           
       1.165728             0.00868470432            0.000697200947           
       1.168369             0.00963133614            0.000740998906           
       1.171009             0.00996224496            0.000731368592           
       1.173650             0.00959989305            0.000736782276           
       1.176290             0.00944739363            0.000714259865           
       1.178930             0.00840484738            0.000660285224           
       1.181571             0.00845425514            0.000675355241           
       1.184211               0.007700168            0.000646817559           
       1.186851             0.00977053738            0.000712344605           
       1.189492             0.00933092971            0.000691451584           
       1.192132             0.00924664673              0.0006805987           
       1.194773             0.00873304277            0.000664316727           
       1.197413             0.00876904136            0.000637820011           
       1.200053             0.00936190272            0.000675773326           
       1.202694             0.00851725536            0.000612947392           
       1.205334             0.00915407444            0.000684814956           
       1.207975              0.0103969615            0.000696639346           
       1.210615             0.00942193458            0.000731589107           
       1.213255             0.00978367552            0.000667578952           
       1.215896              0.0106684677            0.000709743095           
       1.218536              0.0103204696            0.000671225585           
       1.221176              0.0103274158            0.000730005467           
       1.223817             0.00976764265             0.00066643812           
       1.226457             0.00963755155            0.000675321781           
       1.229098             0.00940717085            0.000667168844           
       1.231738              0.0103121343            0.000701960571           
       1.234378              0.0102322854              0.0006570388           
       1.237019             0.00926567324            0.000644298605           
       1.239659             0.00999019302            0.000663186876           
       1.242299              0.0100583127              0.0006569895           
       1.244940             0.00892281355              0.0006018169           
       1.247580              0.0105571493            0.000674635606           
       1.250221              0.0107150022            0.000675466792           
       1.252861              0.0104035771            0.000633633831           
       1.255501             0.00991739243            0.000671736804           
       1.258142             0.00974403608            0.000625676076           
       1.260782              0.0100112816            0.000647920419           
       1.263423              0.0106155375            0.000641091609           
       1.266063              0.0104008054            0.000650420628           
       1.268703              0.0105521222            0.000649698539           
       1.271344              0.0110214966            0.000686494261           
       1.273984              0.0105633168            0.000649090429           
       1.276624              0.0105840481            0.000637520941           
       1.279265              0.0110027606            0.000660803438           
       1.281905               0.010756646             0.00065627083           
       1.284546              0.0106506954            0.000631213459           
       1.287186               0.010868073            0.000625575198           
       1.289826             0.00948592574            0.000615956413           
       1.292467              0.0110904151            0.000651345489           
       1.295107              0.0103795602            0.000623865987           
       1.297747              0.0107770219            0.000608310706           
       1.300388              0.0103803477            0.000650816899           
       1.303028              0.0109709259            0.000638738723           
       1.305669              0.0113725329            0.000665809461           
       1.308309              0.0104279914            0.000631282451           
       1.310949              0.0108246151             0.00064252931           
       1.313590              0.0106895763            0.000618549836           
       1.316230             0.00968189891            0.000628196707           
       1.318871              0.0116358407            0.000674472526           
       1.321511              0.0110860791            0.000646143622           
       1.324151              0.0123713744            0.000662337137           
       1.326792              0.0106570237            0.000618535762           
       1.329432             0.00999635686            0.000594828992           
       1.332072              0.0109338639            0.000612825819           
       1.334713              0.0104479831            0.000618283865           
       1.337353              0.0106542689            0.000598771538           
       1.339994              0.0107973784            0.000632557048           
       1.342634              0.0113035247            0.000620636979           
       1.345274              0.0111538601            0.000638034579           
       1.347915              0.0104701474            0.000601099442           
       1.350555              0.0104195883            0.000610148479           
       1.353195              0.0119914563            0.000657769955           
       1.355836              0.0105816691            0.000608260752           
       1.358476              0.0114279162            0.000613879824           
       1.361117              0.0117074413            0.000622195038           
       1.363757              0.0117495743             0.00064234622           
       1.366397              0.0117110109            0.000621884979           
       1.369038              0.0110762642             0.00061081896           
       1.371678              0.0121257184            0.000633466792           
       1.374319              0.0110165778            0.000598601258           
       1.376959               0.010637974            0.000582309833           
       1.379599              0.0124370155            0.000674768555           
       1.382240              0.0113493184            0.000605815153           
       1.384880              0.0107252563            0.000623804086           
       1.387520              0.0109368806            0.000598262331           
       1.390161              0.0108240219            0.000565266211           
       1.392801              0.0108073289            0.000588498279           
       1.395442              0.0117919927            0.000623118924           
       1.398082              0.0114201355             0.00057424939           
       1.400722              0.0106225003            0.000580126631           
       1.403363              0.0100644654             0.00059439756           
       1.406003              0.0104418143            0.000566608606           
       1.408644              0.0113655325            0.000619257204           
       1.411284              0.0108104063            0.000571882056           
       1.413924              0.0113608601            0.000584087663           
       1.416565              0.0111406961            0.000576128385           
       1.419205                0.01167821            0.000615321366           
       1.421845              0.0110584106            0.000598418658           
       1.424486              0.0122243492            0.000604782058           
       1.427126              0.0110669706            0.000597771368           
       1.429767              0.0112131526            0.000566132538           
       1.432407               0.010290605            0.000567575487           
       1.435047              0.0112857797            0.000558227611           
       1.437688               0.011263529            0.000566015297           
       1.440328              0.0119617634            0.000595318401           
       1.442968              0.0100156607            0.000556948079           
       1.445609              0.0109661846            0.000564290115           
       1.448249              0.0106223765            0.000569435654           
       1.450890              0.0113260349            0.000584156006           
       1.453530              0.0103031056            0.000582893428           
       1.456170              0.0107678062            0.000578328688           
       1.458811              0.0111023207            0.000561534444           
       1.461451              0.0107989195            0.000555261343           
       1.464092              0.0103720606            0.000547734262           
       1.466732              0.0111802164            0.000563786095           
       1.469372              0.0107014692            0.000538674372           
       1.472013             0.00958607896            0.000549861495           
       1.474653              0.0105837472            0.000568853952           
       1.477293                0.01102138            0.000592730657           
       1.479934              0.0107303662            0.000558071879           
       1.482574             0.00987989998            0.000518012187           
       1.485215              0.0115785752            0.000571223007           
       1.487855              0.0109362429            0.000562475755           
       1.490495              0.0105198384            0.000549631794           
       1.493136              0.0107936368            0.000549107298           
       1.495776              0.0103217402            0.000534524696           
       1.498416              0.0105822137            0.000558934567           
       1.501057              0.0111223789            0.000560393769           
       1.503697              0.0105299321            0.000533083043           
       1.506338              0.0107281198            0.000547908871           
       1.508978              0.0107399302            0.000542819114           
       1.511618              0.0110968089            0.000587626097           
       1.514259             0.00997949314            0.000538006436           
       1.516899              0.0104049134            0.000534888902           
       1.519540              0.0105066214            0.000546164349           
       1.522180              0.0104251084            0.000548820711           
       1.524820              0.0108381091            0.000556446616           
       1.527461             0.00995561583            0.000535948915           
       1.530101              0.0115950833            0.000572612722           
       1.532741              0.0100556506             0.00053015325           
       1.535382              0.0105639176            0.000552134355           
       1.538022              0.0101035995            0.000508681143           
       1.540663              0.0108614848            0.000567267007           
       1.543303             0.00938977685            0.000489733825           
       1.545943              0.0105938474            0.000550579312           
       1.548584              0.0111643092            0.000575354708           
       1.551224             0.00922046033            0.000483445311           
       1.553864              0.0100681504             0.00053381676           
       1.556505              0.0102352286            0.000519941997           
       1.559145              0.0103442415            0.000529106617           
       1.561786              0.0098885584            0.000517719717           
       1.564426              0.0100013322            0.000504468725           
       1.567066              0.0103460665            0.000537619064           
       1.569707              0.0090156254            0.000492847713           
       1.572347              0.0100110675             0.00053653414           
       1.574988             0.00973869782            0.000503695494           
       1.577628              0.0093335505            0.000514188891           
       1.580268             0.00974185089            0.000508974506           
       1.582909             0.00910037139            0.000521428086           
       1.585549             0.00952236901            0.000517895693           
       1.588189             0.00858970795            0.000481144344           
       1.590830             0.00910036879            0.000494618383           
       1.593470              0.0089089574            0.000508766784           
       1.596111             0.00912529126            0.000502709052           
       1.598751             0.00984392525            0.000505925123           
       1.601391             0.00972328332            0.000513908885           
       1.604032             0.00935572288            0.000514640229           
       1.606672             0.00895200393             0.00048911438           
       1.609312             0.00939349434            0.000523016913           
       1.611953              0.0100050025            0.000528201028           
       1.614593             0.00957093276            0.000506759289           
       1.617234              0.0099603907            0.000535772514           
       1.619874             0.00969258052            0.000526432847           
       1.622514             0.00867187562            0.000491150505           
       1.625155             0.00903499241            0.000504289604           
       1.627795             0.00828647315            0.000471115571           
       1.630436             0.00857652726            0.000476787266           
       1.633076             0.00888622215             0.00049168438           
       1.635716             0.00974777189            0.000506955845           
       1.638357             0.00898789858            0.000488078598           
       1.640997             0.00887826538            0.000499787148           
       1.643637              0.0098467918            0.000512190533           
       1.646278             0.00930443277            0.000513528688           
       1.648918             0.00898149155            0.000505914477           
       1.651559              0.0091785508            0.000515403883           
       1.654199             0.00921131046            0.000502169316           
       1.656839             0.00911994334            0.000499847016           
       1.659480             0.00952733781            0.000530074159           
       1.662120              0.0090488721             0.00048654501           
       1.664761             0.00896403634            0.000503019991           
       1.667401             0.00824644323            0.000461134261           
       1.670041              0.0090338166            0.000490006363           
       1.672682             0.00864725581            0.000477437509           
       1.675322             0.00793082153            0.000454291624           
       1.677962             0.00824497857            0.000458092268           
       1.680603             0.00873864055            0.000473058134           
       1.683243             0.00970087342             0.00052001135           
       1.685884             0.00791656983            0.000473228893           
       1.688524             0.00923372939            0.000501203539           
       1.691164             0.00852880286            0.000481801512           
       1.693805             0.00923864409             0.00050695933           
       1.696445             0.00858256976            0.000491461627           
       1.699085             0.00871014198             0.00047851083           
       1.701726             0.00892379005            0.000466580788           
       1.704366             0.00859815946            0.000482478723           
       1.707007             0.00903436222            0.000483541492           
       1.709647             0.00909065107            0.000490523172           
       1.712287             0.00807179705            0.000466241577           
       1.714928             0.00840967949            0.000479736877           
       1.717568              0.0087829147            0.000461833515           
       1.720209             0.00865235603            0.000480129707           
       1.722849             0.00883419816            0.000482654594           
       1.725489             0.00870905359            0.000479626176           
       1.728130             0.00963595481            0.000536146573           
       1.730770             0.00838536572            0.000475004679           
       1.733410             0.00899108098            0.000484129923           
       1.736051              0.0085660068            0.000475836327           
       1.738691              0.0087109796            0.000470118907           
       1.741332             0.00919883422            0.000497230257           
       1.743972             0.00911152141            0.000511031989           
       1.746612             0.00847934868            0.000473391473           
       1.749253             0.00839943695            0.000480460068           
       1.751893             0.00928292879            0.000501389418           
       1.754533             0.00860989755            0.000482420636           
       1.757174             0.00806684947            0.000462586286           
       1.759814             0.00909858497            0.000483831611           
       1.762455              0.0088457248            0.000485820972           
       1.765095             0.00839071122            0.000452636016           
       1.767735             0.00835336975            0.000465560409           
       1.770376             0.00839890534            0.000468058293           
       1.773016             0.00874182723            0.000474319416           
       1.775657              0.0085497571            0.000462330329           
       1.778297             0.00859193998            0.000459478575           
       1.780937              0.0101305032            0.000526615024           
       1.783578             0.00814508433            0.000460392519           
       1.786218             0.00857566752            0.000493006242           
       1.788858             0.00932581933            0.000488287081           
       1.791499             0.00942888499            0.000485463719           
       1.794139             0.00875845148            0.000464090192           
       1.796780             0.00932678287            0.000476602048           
       1.799420              0.0098052807            0.000485968686           
       1.802060             0.00917567191             0.00047390473           
       1.804701             0.00905928155            0.000451886968           
       1.807341             0.00958353314             0.00048838081           
       1.809981             0.00923775425             0.00048108799           
       1.812622             0.00925650365            0.000472906034           
       1.815262              0.0088180042            0.000471373663           
       1.817903             0.00896223807            0.000468171925           
       1.820543             0.00917738637            0.000481140307           
       1.823183             0.00919421835            0.000481316578           
       1.825824             0.00984980182            0.000475941948           
       1.828464             0.00946830224            0.000486486023           
       1.831105             0.00929777499            0.000468756604           
       1.833745             0.00939899967            0.000481366937           
       1.836385             0.00909034948             0.00048690727           
       1.839026             0.00844627565            0.000467858249           
       1.841666             0.00819656014            0.000459255923           
       1.844306             0.00911244243              0.0004710226           
       1.846947             0.00916943772              0.0004766351           
       1.849587             0.00864757039            0.000511123851           
       1.852228             0.00853874444            0.000459265231           
       1.854868              0.0092364482            0.000504577361           
       1.857508             0.00877069907            0.000486868667           
       1.860149             0.00865611866            0.000492465723           
       1.862789             0.00957908559            0.000500043532           
       1.865429             0.00983050923            0.000528774669           
       1.868070             0.00911106307            0.000502273028           
       1.870710             0.00839788331            0.000471097228           
       1.873351             0.00847478314            0.000479099683           
       1.875991             0.00969916862            0.000520906051           
       1.878631             0.00807180652            0.000466100037           
       1.881272             0.00912512251            0.000492258734           
       1.883912             0.00888206686            0.000505429364           
       1.886553             0.00832583891            0.000483876675           
       1.889193             0.00890791636            0.000499650186           
       1.891833               0.010119547            0.000553071567           
       1.894474             0.00810122193            0.000490543164           
       1.897114             0.00825306769            0.000479116403           
       1.899754             0.00939604412             0.00051335665           
       1.902395             0.00810900014            0.000467579263           
       1.905035             0.00851814906            0.000507585135           
       1.907676             0.00851649604            0.000478354063           
       1.910316             0.00937231669            0.000515137659           
       1.912956               0.008904249            0.000491063066           
       1.915597             0.00962895565            0.000513509723           
       1.918237             0.00806055171            0.000485220874           
       1.920878               0.008568676             0.00049823296           
       1.923518             0.00872713884            0.000503032178           
       1.926158             0.00870005506            0.000495733566           
       1.928799             0.00870991048            0.000490272767           
       1.931439             0.00850611728            0.000497211176           
       1.934079             0.00890888269             0.00053045999           
       1.936720             0.00946984234            0.000506723945           
       1.939360              0.0081659703            0.000502009122           
       1.942001             0.00879833828            0.000477600515           
       1.944641             0.00856300593            0.000480450936           
       1.947281             0.00825786978            0.000467464101           
       1.949922             0.00975165556            0.000524706638           
       1.952562             0.00868104464            0.000510584476           
       1.955202             0.00873332197            0.000511495284           
       1.957843             0.00791857437            0.000474421413           
       1.960483             0.00915613326            0.000533359844           
       1.963124             0.00825174602            0.000495946455           
       1.965764             0.00938682248            0.000498822185           
       1.968404             0.00884050352            0.000479514857           
       1.971045             0.00797394853            0.000464312002           
       1.973685             0.00791106182            0.000485104347           
       1.976326             0.00798178451            0.000480570994           
       1.978966             0.00777097277            0.000478343553           
       1.981606             0.00838207465            0.000507156887           
       1.984247             0.00838477998            0.000503903875           
       1.986887              0.0075938572            0.000473804655           
       1.989527             0.00846652642            0.000494900956           
       1.992168             0.00867893427            0.000519903139           
       1.994808             0.00842209527            0.000509957138           
       1.997449             0.00766333803            0.000476453845           
       2.000089             0.00847083865            0.000498941688           
       2.002729             0.00734826325            0.000464985312           
       2.005370             0.00869616437            0.000500394532           
       2.008010             0.00828511295            0.000509741519           
       2.010650             0.00886872959            0.000531324818           
       2.013291             0.00787262635            0.000480296189           
       2.015931             0.00787834719             0.00047707427           
       2.018572             0.00915342199            0.000550021121           
       2.021212             0.00840662321            0.000517636175           
       2.023852             0.00773145657            0.000469832973           
       2.026493             0.00806536364            0.000501310985           
       2.029133             0.00815805526            0.000494037223           
       2.031774             0.00828644364            0.000522544989           
       2.034414              0.0073313346            0.000452256188           
       2.037054             0.00768828775            0.000474874179           
       2.039695             0.00837940084            0.000492014316           
       2.042335             0.00773035444            0.000491109415           
       2.044975             0.00788726792            0.000490052776           
       2.047616             0.00763349582            0.000480907042           
       2.050256              0.0082093108             0.00050343499           
       2.052897             0.00803354984            0.000507197795           
       2.055537             0.00825674543            0.000496950158           
       2.058177             0.00770831355            0.000470208382           
       2.060818             0.00810902521            0.000505220715           
       2.063458             0.00854007779            0.000540302348           
       2.066098             0.00765715493            0.000482620317           
       2.068739              0.0075271081            0.000485942293           
       2.071379             0.00792602446            0.000511657901           
       2.074020             0.00742574051            0.000484483918           
       2.076660             0.00715881181            0.000479542006           
       2.079300             0.00775120934            0.000511215166           
       2.081941             0.00773920865            0.000467713236           
       2.084581             0.00862906484             0.00052128533           
       2.087222             0.00783972033             0.00047918489           
       2.089862              0.0077374162            0.000518488988           
       2.092502             0.00724326945            0.000486287087           
       2.095143             0.00724642558            0.000502273541           
       2.097783             0.00756550695            0.000496876282           
       2.100423             0.00711770756            0.000464400338           
       2.103064             0.00765725572            0.000499808211           
       2.105704             0.00686979603            0.000471066494           
       2.108345             0.00647133168            0.000439247857           
       2.110985             0.00718262034             0.00049425942           
       2.113625             0.00768139873             0.00051559306           
       2.116266             0.00672376358            0.000489228152           
       2.118906             0.00785364945            0.000492754709           
       2.121546             0.00736189815            0.000467969694           
       2.124187              0.0069167184             0.00047613972           
       2.126827             0.00702692558            0.000485274245           
       2.129468              0.0084365366            0.000533082693           
       2.132108              0.0080145731              0.0005055121           
       2.134748             0.00762008349            0.000491001679           
       2.137389             0.00791674914            0.000522112726           
       2.140029             0.00809989851            0.000472803091           
       2.142670             0.00766959923            0.000491690049           
       2.145310              0.0076785463            0.000478849794           
       2.147950             0.00775108109            0.000495189373           
       2.150591             0.00698300614            0.000465264644           
       2.153231             0.00760040819            0.000499640988           
       2.155871             0.00716866937            0.000468776572           
       2.158512             0.00825040851            0.000524743769           
       2.161152             0.00808729868            0.000503249953           
       2.163793             0.00760091961            0.000485685914           
       2.166433             0.00729736621            0.000488687692           
       2.169073             0.00767794132            0.000490108911           
       2.171714             0.00777076101            0.000489376631           
       2.174354             0.00739933465            0.000498982926           
       2.176995             0.00730877967            0.000493833472           
       2.179635             0.00641779715             0.00048900019           
       2.182275             0.00661749827            0.000468821956           
       2.184916             0.00772888656             0.00048937099           
       2.187556              0.0067757966            0.000453612595           
       2.190196             0.00782216613            0.000509306401           
       2.192837             0.00754303662            0.000497415547           
       2.195477             0.00819294667            0.000494234329           
       2.198118              0.0073137645            0.000478929192           
       2.200758             0.00788640102            0.000510225216           
       2.203398             0.00762348703            0.000504857496           
       2.206039             0.00747365166            0.000473086084           
       2.208679              0.0072970039            0.000478340836           
       2.211319             0.00800223412            0.000503811112           
       2.213960             0.00741401022            0.000491438175           
       2.216600             0.00760986267            0.000515052906           
       2.219241             0.00724046642            0.000480155409           
       2.221881             0.00719790395            0.000479726374           
       2.224521             0.00809480251            0.000514971432           
       2.227162             0.00736284861            0.000481303613           
       2.229802             0.00648145548            0.000465713845           
       2.232443             0.00765559007            0.000498158481           
       2.235083              0.0080408041            0.000525597308           
       2.237723             0.00718028491             0.00047663389           
       2.240364             0.00782327102            0.000509774105           
       2.243004             0.00687289941            0.000473994068           
       2.245644             0.00686974012            0.000478628435           
       2.248285             0.00720779718            0.000480442137           
       2.250925              0.0075633437            0.000495138748           
       2.253566             0.00730380348            0.000520179628           
       2.256206             0.00821761382            0.000540729327           
       2.258846             0.00725230758            0.000483227886           
       2.261487             0.00702771835            0.000499277372           
       2.264127             0.00817955186            0.000520211021           
       2.266767             0.00719052113            0.000500742343           
       2.269408             0.00831725869            0.000540753144           
       2.272048             0.00652857387            0.000476231353           
       2.274689             0.00774122174            0.000525410334           
       2.277329             0.00727030357            0.000479424451           
       2.279969             0.00691681312            0.000497759124           
       2.282610              0.0069702176             0.00048577964           
       2.285250             0.00703692095            0.000467176596           
       2.287891             0.00705585988            0.000501557427           
       2.290531             0.00809747753            0.000544527429           
       2.293171             0.00779123153             0.00052029208           
       2.295812             0.00737950456            0.000504322713           
       2.298452             0.00795253975            0.000547481166           
       2.301092             0.00790690152            0.000507215569           
       2.303733             0.00724748157            0.000505198629           
       2.306373             0.00793439502            0.000536922625           
       2.309014             0.00751451276            0.000512329516           
       2.311654             0.00792192227            0.000548941996           
       2.314294              0.0074976446            0.000492012803           
       2.316935             0.00664367426            0.000465059694           
       2.319575             0.00729746044            0.000510688136           
       2.322215             0.00795952189            0.000555842128           
       2.324856             0.00679545624            0.000472193523           
       2.327496             0.00716597301            0.000515596354           
       2.330137             0.00703548889            0.000488874497           
       2.332777             0.00723499855             0.00051117904           
       2.335417              0.0067869544            0.000480319206           
       2.338058             0.00658920204            0.000487407524           
       2.340698             0.00701973925            0.000499125735           
       2.343339             0.00737527865            0.000522868052           
       2.345979             0.00696495905            0.000480717379           
       2.348619             0.00666132258            0.000487306863           
       2.351260             0.00724795028            0.000505349909           
       2.353900             0.00694495824            0.000493107344           
       2.356540              0.0069170153            0.000491415771           
       2.359181             0.00746716404            0.000503426293           
       2.361821              0.0068753685            0.000466628417           
       2.364462              0.0072510317            0.000501190496           
       2.367102              0.0079085786            0.000537900043           
       2.369742             0.00661287069             0.00051772362           
       2.372383             0.00714545145            0.000487309718           
       2.375023              0.0075732455            0.000527379814           
       2.377663             0.00718741304             0.00049123961           
       2.380304             0.00739328351            0.000506532585           
       2.382944             0.00709116855            0.000472496032           
       2.385585              0.0071639974            0.000506506297           
       2.388225             0.00649455114            0.000479994399           
       2.390865             0.00705326998            0.000495076838           
       2.393506             0.00795411716            0.000515824061           
       2.396146             0.00739711231            0.000537849627           
       2.398787             0.00694810928            0.000480391149           
       2.401427             0.00699678921            0.000465309723           
       2.404067             0.00644286856            0.000456470911           
       2.406708             0.00675856312            0.000461914167           
       2.409348             0.00656914108             0.00048303563           
       2.411988             0.00749711671             0.00050559182           
       2.414629             0.00732627357            0.000515363576           
       2.417269             0.00719964985            0.000516855304           
       2.419910             0.00761660662            0.000532844694           
       2.422550             0.00607081047             0.00045513098           
       2.425190             0.00857976545            0.000570340753           
       2.427831             0.00719261255            0.000519268313           
       2.430471             0.00684829869            0.000482717324           
       2.433112             0.00709381793            0.000478403354           
       2.435752             0.00726378082            0.000512329506           
       2.438392             0.00693069095            0.000483031595           
       2.441033             0.00778093769            0.000542408821           
       2.443673             0.00723112914            0.000523296202           
       2.446313             0.00716440262            0.000521335455           
       2.448954               0.007628334            0.000512203842           
       2.451594             0.00611028001            0.000492902925           
       2.454235             0.00735108592            0.000507256502           
       2.456875             0.00772700069            0.000544174041           
       2.459515             0.00807152775            0.000570571255           
       2.462156             0.00752080392             0.00051999625           
       2.464796             0.00817825445            0.000535252633           
       2.467436             0.00741745842            0.000527139948           
       2.470077              0.0075297412            0.000503400419           
       2.472717             0.00740013979            0.000501211144           
       2.475358             0.00781918502            0.000520578792           
       2.477998             0.00791259933            0.000514850704           
       2.480638             0.00733988575            0.000504679452           
       2.483279             0.00715340612            0.000520726825           
       2.485919              0.0075621488             0.00051597764           
       2.488560              0.0074133104            0.000509447201           
       2.491200             0.00702252318             0.00051058195           
       2.493840             0.00598951247            0.000498946549           
       2.496481              0.0068375484            0.000524379419           
       2.499121             0.00645777119            0.000495675763           
       2.501761             0.00682557908             0.00051634801           
       2.504402             0.00705354512            0.000517231131           
       2.507042             0.00729101966            0.000521970393           
       2.509683             0.00651337528            0.000485809497           
       2.512323             0.00726860339            0.000538989718           
       2.514963             0.00684921051            0.000516745085           
       2.517604             0.00755831133            0.000563275631           
       2.520244             0.00590180382            0.000466630457           
       2.522884             0.00685838903            0.000510221301           
       2.525525              0.0153375182            0.000771661151           
       2.528165             0.00849248051            0.000565253689           
       2.530806             0.00724329959            0.000531127747           
       2.533446             0.00815830055            0.000551646074           
       2.536086             0.00602484595            0.000469817353           
       2.538727             0.00697971386            0.000485122104           
       2.541367             0.00662515318            0.000477295445           
       2.544008             0.00663321652             0.00049322956           
       2.546648             0.00652678128             0.00049764849           
       2.549288               0.005598044            0.000470274553           
       2.551929             0.00765426918             0.00054113634           
       2.554569             0.00701129036            0.000498962379           
       2.557209             0.00748027916            0.000520113334           
       2.559850             0.00704092959             0.00050622835           
       2.562490             0.00817238133            0.000563688036           
       2.565131             0.00639028215            0.000516818882           
       2.567771             0.00620722278            0.000491101987           
       2.570411             0.00691474746            0.000512727454           
       2.573052             0.00760346121            0.000544426503           
       2.575692             0.00743001047            0.000534921976           
       2.578332             0.00569684866             0.00047033282           
       2.580973             0.00683147608            0.000510144568           
       2.583613             0.00631398907             0.00047876439           
       2.586254             0.00676346241            0.000494823688           
       2.588894             0.00667132921            0.000510338893           
       2.591534             0.00829500782             0.00058908771           
       2.594175             0.00720715282            0.000538740644           
       2.596815             0.00700856551            0.000534398995           
       2.599456             0.00729167266            0.000516902068           
       2.602096             0.00605930594            0.000474786908           
       2.604736             0.00654798757            0.000505264856           
       2.607377             0.00750548765            0.000526691169           
       2.610017             0.00681412564            0.000493065215           
       2.612657             0.00725284505            0.000541068888           
       2.615298             0.00765941747            0.000542857712           
       2.617938             0.00686665524            0.000549845659           
       2.620579             0.00686031191              0.0005276024           
       2.623219             0.00618665773            0.000500314811           
       2.625859             0.00684711074            0.000511753195           
       2.628500             0.00701285018            0.000514515151           
       2.631140             0.00687419919            0.000517252563           
       2.633780             0.00765695084            0.000545433514           
       2.636421             0.00656822648            0.000517593571           
       2.639061             0.00805909028             0.00053972822           
       2.641702             0.00741589786            0.000529728764           
       2.644342             0.00735715793            0.000529874855           
       2.646982             0.00670474605            0.000498273528           
       2.649623             0.00776015339            0.000561767285           
       2.652263             0.00729039128            0.000539034506           
       2.654904             0.00682697908            0.000522146209           
       2.657544             0.00711590482            0.000502106667           
       2.660184             0.00749480155            0.000545338522           
       2.662825             0.00655686615            0.000521908931           
       2.665465             0.00675607242            0.000512382347           
       2.668105             0.00617460142            0.000516306844           
       2.670746             0.00717848325            0.000514270356           
       2.673386             0.00925592705            0.000601820376           
       2.676027               0.010814791            0.000640087486           
       2.678667              0.0100470743            0.000601989123           
       2.681307             0.00998929271            0.000589785249           
       2.683948              0.0110801256            0.000638206344           
       2.686588              0.0109380986            0.000623587125           
       2.689229              0.0113861224            0.000621697654           
       2.691869             0.00825248104            0.000559393868           
       2.694509               0.009491997            0.000600264698           
       2.697150             0.00638934903            0.000484494148           
       2.699790             0.00794939766            0.000566547421           
       2.702430             0.00657480469            0.000492508651           
       2.705071             0.00660635064            0.000510134169           
       2.707711             0.00679911205            0.000502294909           
       2.710352             0.00687441083             0.00053366825           
       2.712992              0.0068193377            0.000541354191           
       2.715632             0.00676271817            0.000500179822           
       2.718273             0.00675348051             0.00051801491           
       2.720913             0.00603473353            0.000488281211           
       2.723553              0.0065266914            0.000511200977           
       2.726194              0.0064782583            0.000532387098           
       2.728834             0.00743468759            0.000570602229           
       2.731475             0.00871765294            0.000570246109           
       2.734115             0.00720605612            0.000534545838           
       2.736755              0.0069367532            0.000528779019           
       2.739396             0.00792113882            0.000561780102           
       2.742036             0.00758637675            0.000575380746           
       2.744677             0.00751790099            0.000555752675           
       2.747317             0.00789142928            0.000565331471           
       2.749957             0.00692162703             0.00053317108           
       2.752598             0.00779642128            0.000572002529           
       2.755238             0.00781254353            0.000582930255           
       2.757878             0.00752036829            0.000566925625           
       2.760519             0.00794324325            0.000576468992           
       2.763159             0.00785962875            0.000567696473           
       2.765800             0.00759433459            0.000531796942           
       2.768440             0.00765888429            0.000537986524           
       2.771080             0.00836249491            0.000566848016           
       2.773721             0.00625121471            0.000502738329           
       2.776361             0.00738644146            0.000554023248           
       2.779001             0.00652740193            0.000539353042           
       2.781642             0.00715593747            0.000560562233           
       2.784282              0.0065635376             0.00054568622           
       2.786923             0.00789378747            0.000603703714           
       2.789563             0.00641422685            0.000524122186           
       2.792203             0.00651861302            0.000504744039           
       2.794844              0.0067310206            0.000562131782           
       2.797484              0.0075513856            0.000561915149           
       2.800125             0.00683143878            0.000561982679           
       2.802765             0.00660020946            0.000542886888           
       2.805405             0.00606715477            0.000522264451           
       2.808046             0.00609089335            0.000532484274           
       2.810686             0.00651622082            0.000506086482           
       2.813326             0.00579451125            0.000495718832           
       2.815967             0.00713260786            0.000565623105           
       2.818607             0.00750435504            0.000553646819           
       2.821248             0.00711876136              0.0005280403           
       2.823888             0.00704855661             0.00054540976           
       2.826528             0.00632366845            0.000500304977           
       2.829169             0.00620699391            0.000519184513           
       2.831809             0.00619818657            0.000525873066           
       2.834449              0.0059577683            0.000518831562           
       2.837090             0.00724747015            0.000552692559           
       2.839730              0.0068016331            0.000532808803           
       2.842371             0.00669025817            0.000529191149           
       2.845011             0.00714332797            0.000551174937           
       2.847651             0.00717453626            0.000553056035           
       2.850292             0.00704087083            0.000553256917           
       2.852932             0.00662125341            0.000548209853           
       2.855573             0.00601596126            0.000506889863           
       2.858213              0.0067361304            0.000563255955           
       2.860853             0.00774582882            0.000561855602           
       2.863494             0.00688804582            0.000548567866           
       2.866134             0.00739665273            0.000590843779           
       2.868774             0.00715410529            0.000571078308           
       2.871415             0.00689986486            0.000569574997           
       2.874055              0.0066566848            0.000534762594           
       2.876696             0.00683109709            0.000556375819           
       2.879336              0.0068377281            0.000536499523           
       2.881976             0.00694517298            0.000557692964           
       2.884617             0.00755782291              0.0005732267           
       2.887257             0.00782264046            0.000586192979           
       2.889897             0.00685098527             0.00053729027           
       2.892538             0.00727875053             0.00060670099           
       2.895178             0.00756398296             0.00055875019           
       2.897819             0.00648167098            0.000527626697           
       2.900459             0.00775905111            0.000566051468           
       2.903099             0.00708022175            0.000535188337           
       2.905740             0.00769976945            0.000572552531           
       2.908380             0.00671355613             0.00054070397           
       2.911021             0.00643374428            0.000537921975           
       2.913661             0.00596426258            0.000517768511           
       2.916301             0.00720709067            0.000569706551           
       2.918942              0.0078331084             0.00056811261           
       2.921582             0.00618297202            0.000528101359           
       2.924222             0.00715903102            0.000550532975           
       2.926863              0.0070378491            0.000568569543           
       2.929503             0.00780968324            0.000606031725           
       2.932144             0.00641055621            0.000527072153           
       2.934784             0.00763789365             0.00056588581           
       2.937424             0.00633550994            0.000520677574           
       2.940065             0.00696696501            0.000520841116           
       2.942705             0.00766149364            0.000545500265           
       2.945346             0.00647190026             0.00053207532           
       2.947986             0.00727607083            0.000575252436           
       2.950626             0.00701306188            0.000561580088           
       2.953267             0.00675302376            0.000542166476           
       2.955907             0.00683149617            0.000565681544           
       2.958547             0.00734797754            0.000553851838           
       2.961188             0.00736512956            0.000578496105           
       2.963828             0.00603799265            0.000512362659           
       2.966469             0.00803866795            0.000579950197           
       2.969109             0.00693977835            0.000546838378           
       2.971749             0.00718595557            0.000552981608           
       2.974390              0.0080135073            0.000573843126           
       2.977030             0.00790876061            0.000582820642           
       2.979670             0.00824979834              0.0005789992           
       2.982311             0.00908098033            0.000629608943           
       2.984951             0.00790764361            0.000558790169           
       2.987592             0.00748318428            0.000554473795           
       2.990232             0.00676225786            0.000548166524           
       2.992872             0.00806856414            0.000564013659           
       2.995513             0.00969584659            0.000604880182           
       2.998153              0.0136001723            0.000728424886           
       3.000794              0.0118196329            0.000657749085           
       3.003434             0.00950729562             0.00059080205           
       3.006074              0.0243283586            0.000931836675           
       3.008715              0.0854562269             0.00168586838           
       3.011355               0.250611242             0.00278403455           
       3.013995               0.180129715             0.00236672081           
       3.016636              0.0967631589             0.00169862359           
       3.019276               0.141462595             0.00201886589           
       3.021917               0.519700964             0.00372078531           
       3.024557                 1.2314395             0.00563111464           
       3.027197                1.09959475             0.00518782511           
       3.029838               0.642721616             0.00402251294           
       3.032478                0.26264566             0.00257402327           
       3.035118              0.0702875423              0.0013494423           
       3.037759              0.0739090374             0.00138198464           
       3.040399               0.100262296              0.0016603629           
       3.043040               0.370846636             0.00323237929           
       3.045680               0.382927592             0.00309034973           
       3.048320               0.120715443             0.00177287405           
       3.050961               0.142483076             0.00196003507           
       3.053601               0.110712505             0.00166403134           
       3.056242               0.102745982              0.0017043769           
       3.058882               0.121224021             0.00198589865           
       3.061522               0.098425271             0.00175564955           
       3.064163               0.115248969             0.00187585606           
       3.066803               0.176325587             0.00244274543           
       3.069443              0.0964537603             0.00189024525           
       3.072084              0.0434221225             0.00123496323           
       3.074724              0.0408361224             0.00133747333           
       3.077365              0.0296770869             0.00118028558           
       3.080005             0.00979911672            0.000682062089           
       3.082645              0.0144248939            0.000869345632           
       3.085286              0.0133916852            0.000844241636           
       3.087926              0.0115775719            0.000778928782           
       3.090566              0.0107009336            0.000733736929           
       3.093207              0.0143229502            0.000883346434           
       3.095847             0.00986021163            0.000702494789           
       3.098488             0.00744321061            0.000676775548           
       3.101128              0.0101051909            0.000793634992           
       3.103768             0.00906720347            0.000737626942           
       3.106409              0.0107927189             0.00085647942           
       3.109049              0.0081186909             0.00071286548           
       3.111690             0.00809151092            0.000699454043           
       3.114330             0.00855804408            0.000734638369           
       3.116970             0.00679104513            0.000659441171           
       3.119611              0.0104880567            0.000872316361           
       3.122251               0.015110435             0.00109524332           
       3.124891              0.0350909917             0.00168459905           
       3.127532               0.023763372             0.00135619101           
       3.130172              0.0178742191              0.0011965218           
       3.132813               0.010604737            0.000907313834           
       3.135453             0.00738593518            0.000750962318           
       3.138093             0.00672057949            0.000776178946           
       3.140734             0.00816228226            0.000789163369           
       3.143374             0.00878545377            0.000865847779           
       3.146014             0.00582298866            0.000758865574           
       3.148655             0.00648506661            0.000744460665           
       3.151295             0.00648965817            0.000793620008           
       3.153936             0.00560611561            0.000712518739           
       3.156576             0.00537249842            0.000688027157           
       3.159216             0.00522555453            0.000681946748           
       3.161857             0.00562999213             0.00070496422           
       3.164497             0.00575041154            0.000748593889           
       3.167138             0.00529792678            0.000742425204           
       3.169778             0.00610912265            0.000784092585           
       3.172418             0.00680832479            0.000819328306           
       3.175059             0.00627819425            0.000697516811           
       3.177699             0.00633410045            0.000741909495           
       3.180339             0.00518120819            0.000718926882           
       3.182980             0.00638371132            0.000825056478           
       3.185620             0.00631281893            0.000835571193           
       3.188261             0.00584754851            0.000818541147           
       3.190901              0.0066804219            0.000804648757           
       3.193541             0.00596948864            0.000799237795           
       3.196182             0.00500086012            0.000762355091           
       3.198822             0.00672945562            0.000884647916           
       3.201463             0.00560646001            0.000793555614           
       3.204103             0.00644446402            0.000845621537           
       3.206743             0.00588752023            0.000808179956           
       3.209384             0.00684327862            0.000941378838           
       3.212024             0.00493790975            0.000745531383           
       3.214664             0.00508689144            0.000860469483           
       3.217305             0.00654877163            0.000928053129           
       3.219945             0.00529333773            0.000858780187           
       3.222586             0.00581527113            0.000857352872           
       3.225226             0.00623315144            0.000984679265           
       3.227866             0.00453944674            0.000768039998           
       3.230507             0.00656262173            0.000957273692           
       3.233147             0.00625565279             0.00094216407           
       3.235787             0.00727486652             0.00103977066           
       3.238428              0.0060573314             0.00102385413           
       3.241068             0.00707813415              0.0010348836           
       3.243709             0.00419240025            0.000822868803           
       3.246349             0.00643821518             0.00092957207           
       3.248989             0.00785620113              0.0012124801           
       3.251630             0.00502173743            0.000933489226           
       3.254270              0.0065043802            0.000949491412           
       3.256911             0.00743386251             0.00110755236           
       3.259551             0.00726957468             0.00117912954           
       3.262191             0.00613941612             0.00110684725           
       3.264832             0.00654271172             0.00119387008           
       3.267472             0.00381229363            0.000854917028           
       3.270112             0.00509771177             0.00109252352           
       3.272753             0.00549549566             0.00103829646           
       3.275393             0.00528965458             0.00103939368           
       3.278034             0.00694574186             0.00119170888           
       3.280674             0.00332755158            0.000895073226           
       3.283314             0.00480670656            0.000962120765           
       3.285955             0.00697010925             0.00119539893           
       3.288595             0.00637414261             0.00127179933           
       3.291235             0.00726544843             0.00139581679           
       3.293876             0.00574746048             0.00125930685           
       3.296516             0.00584713824             0.00121940123           
       3.299157             0.00719917716             0.00133605652           
       3.301797             0.00581101504             0.00136922574           
       3.304437             0.00608606632             0.00121402122           
       3.307078             0.00672802903             0.00140608202           
       3.309718             0.00753100381             0.00153549518           
       3.312359             0.00534545485             0.00129395005           
       3.314999             0.00635219265              0.0013887972           
       3.317639             0.00557614846             0.00124443822           
       3.320280             0.00500298177             0.00125325143           
       3.322920             0.00419952684             0.00116754249           
       3.325560             0.00743175518             0.00155422239           
       3.328201             0.00418613071             0.00105054751           
       3.330841             0.00544220046             0.00145783865           
       3.333482             0.00661948376             0.00151974791           
       3.336122             0.00557841236             0.00139577171           
       3.338762             0.00647135654             0.00173658867           
       3.341403              0.0025409552              0.0010397925           
       3.344043             0.00585545644             0.00151543424           
       3.346683               0.004053336             0.00128722387           
       3.349324             0.00414947816             0.00146432658           
       3.351964             0.00400958888             0.00152214556           
       3.354605             0.00376682903             0.00168728493           
       3.357245             0.00424637206             0.00161609636           
       3.359885             0.00435000979             0.00130914853           
       3.362526             0.00601784284             0.00192558395           
       3.365166             0.00546762675             0.00173118029           
       3.367807             0.00537343188             0.00219639146           
       3.370447             0.00864597026             0.00231107673           
       3.373087             0.00555275341              0.0019805643           
       3.375728             0.00898259924             0.00284298778           
       3.378368              0.0018654549             0.00192280949           
       3.381008             0.00330479129             0.00190806882           
       3.383649             0.00422244332             0.00173016846           
       3.386289             0.00297064974             0.00171756326           
       3.388930             0.00493829383             0.00350282786           
       3.391570             0.00744107665              0.0030416603           
       3.394210             0.00196603855             0.00197860364           
       3.396851              0.0122897971             0.00553361502           
       3.399491             0.00742816268             0.00430327776           
       3.402131           -2.66591774e-05                         0           
       3.404772           -2.66720444e-05                         0           
       3.407412                       nan                       nan           
       3.410053           -2.67377378e-05                         0           
       3.412693                       nan                       nan           
       3.415333             0.00907682663             0.00954092999           
