################################################################################
# EDF_DataBlockID                     0.Image.Psd
# EDF_BinarySize                      2105344
# EDF_HeaderSize                      2560
# ByteOrder                           LowByteFirst
# DataType                            FloatValue
# Dim_1                               512
# Dim_2                               1028
# Image                               0
# HeaderID                            EH:000000:000000:000000
# Size                                2105344
# Center_1                            304.9000
# Center_2                            588.7000
# Comment                             Xenocs_Cell_Window - 20251028_20perc_iodine_1.23mg
# DDummy                              0.6
# Date                                2025-10-28T17:03:04
# Delta                               21.910000
# Dummy                               -1.5
# ExposureTime                        360
# Gamma                               15.360000
# Intensity1                          8.5021e-10
# PSize_1                             7.5e-05
# PSize_2                             7.5e-05
# Pressure                            0.0365381
# SampleDistance                      0.115750
# SampleEnvKind                       large
# SampleEnvPN                         ElectroChemical cell
# SampleEnvSN                         1141
# Thickness                           0
# Wavelength                          1.541891e-10
# Wavelength                          1.54189e-10
# aux                                 0
# aux_dial                            0.002375
# beamx                               588.434
# beamx_dial                          588.434
# beamz                               657.808
# beamz_dial                          657.808
# det0x                               0
# det0x_dial                          6.36945
# det0xvd                             0
# det0xvd_dial                        0
# det0y                               450.002
# det0y_dial                          481.635
# det0z                               0
# det0z_dial                          1.23302
# det0zvd                             0
# det0zvd_dial                        0
# mag                                 1.818
# mag_dial                            1.818
# om                                  0.2499
# om_dial                             -0.610199
# phi                                 -0.0120535
# phi_dial                            0
# ry                                  0.599993
# ry_dial                             0.599993
# s1bot                               0.8
# s1bot_dial                          -1.66094
# s1hl                                0.8
# s1hl_dial                           -0.608437
# s1hr                                0.8
# s1hr_dial                           0.970938
# s1top                               0.8
# s1top_dial                          -0.461562
# s2bot                               0.45
# s2bot_dial                          1.36109
# s2hl                                0.45
# s2hl_dial                           -0.83375
# s2hr                                0.45
# s2hr_dial                           -0.118594
# s2top                               0.45
# s2top_dial                          1.44734
# w2theta                             32
# w2theta_dial                        32
# waxsch                              19.2605
# waxsch_dial                         -32.7355
# waxsh                               137.085
# waxsh_dial                          -43.5338
# waxsth                              26.0607
# waxsth_dial                         -19.4086
# waxsz                               67.0407
# waxsz_dial                          -23.7954
# wind                                65.9854
# wind_dial                           66.0041
# wpsi                                124
# wpsi_dial                           124
# wstod                               115
# wstod_dial                          115
# x                                   0
# x_dial                              1.00969
# z                                   0
# z_dial                              13.3172
# CountCutoff                         6807993
# DetectorModel                       Dectris EIGER2 Si 500K, S/N E-01-0554
# ThresholdSetting                    4023.88989258
# Saturation                          0
# FlatField                           Corrected
# BackgroundReductionExtra            0.02
# BackgroundCorrectionConstant        0.0026712
# Detector                            0
# Monitor                             0
# Pil_Roi0                            0
# SumForIntensity1                    3.06076e+08
# TransmittedFlux                     850210
# det                                 0
# mon                                 0
# pilai0                              3.06076e+08
# pilai1                              807701
# pilct0                              5.30716e+08
# pilct1                              807701
# pilroi0                             0
# pilroi1                             0
# sec                                 1
# title                               20251028_20perc_iodine_1.23mg_1_00024.edf
# usaxs0                              0
# Operation                           Azimuthal average I(q)
# Error_model                         ErrorModel.poisson
# Geometrical_correction              True
# Transmission_correction             True
# Thickness_correction                False
# Binning mode                        Uniform
# Binning factor                      1.0
# Psi                                 0.0
# Omega                               0.2499
# MaskInvalidPixels                   True
# DetectorEdge                        3
# MaskFiles                           ['WAXS_corrected.edf']
################################################################################
    q(A⁻¹)                Intensity(a.u.)            Sigma_I(a.u.)            
       0.693100             0.00831579623             0.00609681312           
       0.695741              0.0112960893             0.00579859454           
       0.698381             0.00419576106             0.00432889363           
       0.701021             0.00886587945             0.00889579233           
       0.703662           -2.38316466e-05                         0           
       0.706302             0.00679429282               0.003480106           
       0.708942             0.00579752871              0.0041491855           
       0.711583             0.00218709215              0.0022067886           
       0.714223             0.00882865746             0.00511887405           
       0.716864             0.00251862116             0.00178887222           
       0.719504             0.00436578207             0.00254153899           
       0.722144             0.00885888969             0.00335275806           
       0.724785              0.0119198543             0.00310226895           
       0.727425              0.0044468893              0.0025633752           
       0.730065             0.00663702579             0.00221519514           
       0.732706             0.00728205063             0.00194850187           
       0.735346             0.00799499572             0.00266138197           
       0.737987             0.00616797495             0.00165183424           
       0.740627             0.00687933503             0.00260288438           
       0.743267             0.00750869989             0.00182140356           
       0.745908             0.00626355476             0.00180485771           
       0.748548             0.00616085935             0.00164993795           
       0.751189             0.00482486614             0.00196746097           
       0.753829             0.00473551017             0.00179172761           
       0.756469             0.00701098674             0.00175797024           
       0.759110             0.00532368094             0.00161435295           
       0.761750             0.00728388953             0.00166968605           
       0.764390              0.0079966029              0.0018310971           
       0.767031             0.00686727866             0.00146943407           
       0.769671             0.00540695009             0.00162647949           
       0.772312             0.00818622879             0.00152358154           
       0.774952             0.00515386958             0.00163248872           
       0.777592             0.00794024942             0.00147590275           
       0.780233             0.00798900195             0.00178612029           
       0.782873             0.00875408448             0.00178818496           
       0.785513             0.00790827849             0.00181698701           
       0.788154             0.00697505761             0.00142747534           
       0.790794              0.0045876655             0.00138404313           
       0.793435              0.0063979949             0.00146833758           
       0.796075             0.00531046662             0.00128865444           
       0.798715             0.00653100879             0.00168877974           
       0.801356             0.00735777921             0.00154273796           
       0.803996             0.00807700977              0.0016479226           
       0.806637             0.00657516001             0.00118325103           
       0.809277             0.00874304022              0.0014768497           
       0.811917             0.00456753542            0.000997892298           
       0.814558             0.00444091551             0.00102265424           
       0.817198             0.00615060228             0.00114339536           
       0.819838             0.00585894542             0.00112943059           
       0.822479              0.0057277231             0.00131132374           
       0.825119             0.00869539168             0.00137517261           
       0.827760              0.0060152429              0.0011585961           
       0.830400             0.00588470201             0.00107855654           
       0.833040             0.00584506017             0.00112618265           
       0.835681             0.00874739339             0.00156620555           
       0.838321              0.0069256344             0.00116969579           
       0.840961             0.00749210788             0.00132553485           
       0.843602             0.00750178495             0.00121635438           
       0.846242             0.00626451298             0.00111136495           
       0.848883             0.00579199097             0.00109358804           
       0.851523             0.00764924002             0.00124113902           
       0.854163             0.00889505636             0.00142332739           
       0.856804             0.00848382878             0.00124983401           
       0.859444             0.00668683415             0.00108719416           
       0.862085              0.0053784152             0.00101623941           
       0.864725             0.00541189902             0.00104324849           
       0.867365             0.00744798735             0.00113487567           
       0.870006              0.0076563992             0.00109647564           
       0.872646             0.00760734525             0.00114611717           
       0.875286              0.0066942409              0.0010343467           
       0.877927              0.0072738676             0.00104040993           
       0.880567              0.0078330242             0.00111854845           
       0.883208             0.00687614018             0.00103812963           
       0.885848             0.00623484981             0.00102639721           
       0.888488             0.00769606785             0.00106957481           
       0.891129             0.00639572504             0.00100116071           
       0.893769             0.00789987206              0.0010648604           
       0.896410             0.00695727855            0.000931711611           
       0.899050             0.00678323577             0.00101173227           
       0.901690              0.0075102369             0.00115962537           
       0.904331             0.00690354501            0.000985672597           
       0.906971              0.0090813212             0.00120266732           
       0.909611             0.00765132308             0.00100492437           
       0.912252             0.00828326453             0.00107999573           
       0.914892             0.00824901702             0.00117776278           
       0.917533             0.00900474856             0.00116407772           
       0.920173             0.00672432173            0.000933310998           
       0.922813             0.00596725654            0.000922625215           
       0.925454             0.00740353013            0.000925396426           
       0.928094             0.00721864332            0.000975524928           
       0.930734             0.00594646773            0.000953232322           
       0.933375             0.00804092235             0.00109756854           
       0.936015             0.00812204832             0.00100184292           
       0.938656              0.0082680974             0.00108436056           
       0.941296             0.00679412513            0.000890836216           
       0.943936              0.0083028975            0.000965744361           
       0.946577             0.00852023481            0.000971834696           
       0.949217              0.0065389145            0.000782913921           
       0.951858             0.00985715144             0.00100623817           
       0.954498             0.00674699798            0.000963595447           
       0.957138             0.00679485934            0.000916106922           
       0.959779             0.00878095872              0.0010266284           
       0.962419             0.00874915189             0.00101795094           
       0.965059             0.00878251699             0.00107265752           
       0.967700             0.00685308486            0.000970462474           
       0.970340             0.00763340244            0.000906336506           
       0.972981             0.00731566233            0.000808390749           
       0.975621             0.00890556196              0.0009488476           
       0.978261             0.00690965261            0.000794141506           
       0.980902             0.00636831775            0.000912172022           
       0.983542             0.00532004861            0.000738316735           
       0.986182             0.00800949706            0.000889421956           
       0.988823             0.00849430827            0.000889383846           
       0.991463             0.00751508885            0.000892512358           
       0.994104              0.0069591155            0.000837834674           
       0.996744             0.00724694951            0.000872078727           
       0.999384             0.00808264429            0.000823672947           
       1.002025             0.00679236765            0.000842760681           
       1.004665             0.00681631725            0.000771535603           
       1.007306             0.00811786498            0.000837670687           
       1.009946              0.0066500273             0.00077322292           
       1.012586             0.00673598749            0.000757925184           
       1.015227             0.00687392072            0.000822543396           
       1.017867             0.00763309917            0.000833031936           
       1.020507              0.0068228153            0.000762875322           
       1.023148             0.00683569244            0.000823939769           
       1.025788              0.0085105255            0.000842974399           
       1.028429             0.00853436664            0.000884390477           
       1.031069             0.00893763938            0.000851681448           
       1.033709             0.00804010459            0.000858679102           
       1.036350             0.00709555943            0.000724495701           
       1.038990             0.00737221089            0.000752055144           
       1.041630             0.00767780379            0.000800493541           
       1.044271             0.00914444578            0.000821599278           
       1.046911             0.00753737462            0.000784609005           
       1.049552             0.00675735937            0.000780513202           
       1.052192              0.0079071205            0.000770960264           
       1.054832              0.0074986554            0.000757612909           
       1.057473             0.00856863597            0.000798353855           
       1.060113             0.00862813229            0.000781310568           
       1.062754             0.00922143503            0.000824674942           
       1.065394             0.00832595445            0.000828479457           
       1.068034             0.00887220585            0.000778137743           
       1.070675             0.00825846786            0.000783115609           
       1.073315             0.00902372901            0.000830328621           
       1.075955             0.00877810645            0.000773135654           
       1.078596             0.00820579528            0.000794452293           
       1.081236             0.00894644786            0.000794330401           
       1.083877             0.00873818993            0.000777988418           
       1.086517             0.00875302446            0.000834939083           
       1.089157              0.0083252106            0.000844905881           
       1.091798             0.00907294459            0.000773292893           
       1.094438             0.00876980018            0.000757810744           
       1.097078             0.00976613459            0.000766996505           
       1.099719             0.00908614156            0.000800220546           
       1.102359             0.00809053613            0.000707166905           
       1.105000             0.00826169477            0.000799070963           
       1.107640             0.00776772217            0.000740848448           
       1.110280             0.00734878618            0.000657486608           
       1.112921             0.00800677192            0.000737224131           
       1.115561             0.00861000185            0.000726584787           
       1.118202             0.00786699094            0.000695181222           
       1.120842             0.00868699254            0.000767774747           
       1.123482             0.00954038714             0.00080108963           
       1.126123             0.00927815451            0.000757745538           
       1.128763             0.00884006634            0.000744711137           
       1.131403             0.00879988448            0.000715960223           
       1.134044             0.00852136228            0.000724972156           
       1.136684             0.00862322372            0.000777552067           
       1.139325              0.0098716495            0.000766377799           
       1.141965             0.00866320293            0.000722684795           
       1.144605             0.00826846505            0.000673200091           
       1.147246             0.00957660289             0.00074146149           
       1.149886             0.00975057271            0.000745509974           
       1.152527             0.00803384892            0.000686546973           
       1.155167             0.00844422917            0.000669481374           
       1.157807             0.00883000887            0.000734016837           
       1.160448             0.00779014427            0.000673258486           
       1.163088              0.0116870033            0.000786578459           
       1.165728             0.00926775111            0.000719166095           
       1.168369              0.0100528096            0.000755926549           
       1.171009              0.0103215416            0.000743346935           
       1.173650             0.00957528486            0.000734756434           
       1.176290             0.00845331609            0.000674645099           
       1.178930             0.00865029742             0.00066887314           
       1.181571             0.00875569656            0.000686280286           
       1.184211              0.0097986052            0.000728576911           
       1.186851             0.00969577261             0.00070857153           
       1.189492             0.00838212895            0.000654392117           
       1.192132             0.00937701915            0.000684373142           
       1.194773              0.0107841764            0.000737135725           
       1.197413              0.0101275936            0.000684442214           
       1.200053             0.00967524177            0.000685980025           
       1.202694             0.00957965886            0.000649097539           
       1.205334             0.00939014586            0.000692570134           
       1.207975              0.0104099624            0.000696050797           
       1.210615              0.0100723013            0.000755306315           
       1.213255              0.0096720033             0.00066278307           
       1.215896              0.0099766956            0.000685338433           
       1.218536              0.0106754152            0.000681667728           
       1.221176              0.0116249269            0.000773369373           
       1.223817             0.00989872522            0.000669909531           
       1.226457              0.0089469912            0.000649721859           
       1.229098             0.00942537137            0.000666832948           
       1.231738             0.00985453985            0.000685201315           
       1.234378             0.00910852632             0.00061899954           
       1.237019             0.00986398696            0.000663798886           
       1.239659             0.00999700893            0.000662438549           
       1.242299             0.00929658985            0.000630694831           
       1.244940             0.00984222225            0.000631134074           
       1.247580             0.00997600572            0.000654840972           
       1.250221             0.00963112167            0.000639451895           
       1.252861             0.00934312585            0.000599590419           
       1.255501             0.00984467929            0.000668286602           
       1.258142             0.00812419175            0.000570468624           
       1.260782              0.0100723328            0.000648938344           
       1.263423              0.0111575523             0.00065628902           
       1.266063             0.00939737961            0.000617341935           
       1.268703              0.0100345697            0.000632634592           
       1.271344             0.00983558384              0.0006475574           
       1.273984              0.0103430977            0.000641345336           
       1.276624              0.0115407277             0.00066473221           
       1.279265             0.00996432592            0.000627923878           
       1.281905             0.00980043566            0.000625502324           
       1.284546              0.0108973127            0.000637541629           
       1.287186              0.0109048396            0.000625711971           
       1.289826              0.0102390604            0.000639001308           
       1.292467              0.0109197905             0.00064536623           
       1.295107              0.0103029953            0.000620647709           
       1.297747              0.0108758327            0.000610195373           
       1.300388              0.0109181838            0.000666483872           
       1.303028              0.0104834253             0.00062346888           
       1.305669              0.0112642994            0.000661660224           
       1.308309              0.0113192218            0.000656739657           
       1.310949              0.0102411355            0.000624054246           
       1.313590              0.0104369663            0.000610299711           
       1.316230              0.0110363935            0.000669715802           
       1.318871               0.011218696            0.000661299422           
       1.321511              0.0116483835            0.000661354752           
       1.324151              0.0101962947            0.000600416882           
       1.326792              0.0104045709            0.000610267872           
       1.329432              0.0104930176            0.000608531446           
       1.332072              0.0107007675             0.00060536772           
       1.334713              0.0104423897            0.000617210355           
       1.337353              0.0113081659            0.000615966341           
       1.339994              0.0103155845             0.00061737499           
       1.342634              0.0104231446            0.000595102341           
       1.345274              0.0115490651            0.000648285948           
       1.347915             0.00990199771            0.000583704323           
       1.350555             0.00986462125            0.000592805239           
       1.353195              0.0104388301            0.000612809592           
       1.355836              0.0109409151            0.000617591208           
       1.358476              0.0112681577            0.000608678369           
       1.361117              0.0114772775            0.000615143678           
       1.363757             0.00978707393            0.000585391099           
       1.366397              0.0106672356             0.00059265287           
       1.369038              0.0103421813            0.000589363862           
       1.371678               0.011145288            0.000606425332           
       1.374319              0.0112534746            0.000604114365           
       1.376959               0.011809727            0.000612641152           
       1.379599              0.0106503061            0.000623504176           
       1.382240              0.0119043515            0.000619540477           
       1.384880              0.0116469446            0.000649100513           
       1.387520              0.0122790002            0.000632977102           
       1.390161              0.0112338023            0.000575020935           
       1.392801              0.0108785549             0.00058956703           
       1.395442               0.011374027            0.000611077144           
       1.398082               0.011515254            0.000575788846           
       1.400722              0.0115731823            0.000604640726           
       1.403363              0.0108791762            0.000617079673           
       1.406003              0.0110392924            0.000581737923           
       1.408644              0.0122017752            0.000640691934           
       1.411284              0.0112860412            0.000583469088           
       1.413924              0.0114845858            0.000586396905           
       1.416565              0.0113704328            0.000581183371           
       1.419205              0.0127018374            0.000640779637           
       1.421845              0.0112360313            0.000602319349           
       1.424486              0.0117418249            0.000591855106           
       1.427126              0.0106479421            0.000585484154           
       1.429767              0.0114604716            0.000571501097           
       1.432407              0.0110844634            0.000588196027           
       1.435047              0.0107243876            0.000543367118           
       1.437688              0.0104087174            0.000543314268           
       1.440328              0.0113174165            0.000578211766           
       1.442968              0.0116028347            0.000598574945           
       1.445609              0.0114031791            0.000574578292           
       1.448249              0.0111662046            0.000582972644           
       1.450890              0.0114411589            0.000586254893           
       1.453530               0.012186942             0.00063301504           
       1.456170              0.0106165849            0.000573409801           
       1.458811              0.0106265738            0.000548564528           
       1.461451              0.0114295463            0.000570405043           
       1.464092              0.0101421329            0.000540833527           
       1.466732              0.0112265396            0.000564122973           
       1.469372               0.010777172             0.00053978224           
       1.472013              0.0102419263             0.00056752527           
       1.474653              0.0121650882             0.00060897611           
       1.477293             0.00972089186             0.00055584542           
       1.479934              0.0115704895            0.000578655797           
       1.482574              0.0115310364            0.000558803926           
       1.485215               0.010917896            0.000553871708           
       1.487855              0.0118647054             0.00058500528           
       1.490495                 0.0113599            0.000570316768           
       1.493136              0.0110432098            0.000554603429           
       1.495776              0.0108091391            0.000546195904           
       1.498416              0.0114466787            0.000580462308           
       1.501057              0.0111089942            0.000559233784           
       1.503697              0.0103792001            0.000528476401           
       1.506338              0.0113467266            0.000562656571           
       1.508978              0.0108433278            0.000544624621           
       1.511618              0.0103562166            0.000566844788           
       1.514259               0.010696147            0.000556171183           
       1.516899              0.0105398179            0.000537554472           
       1.519540              0.0098225686            0.000527309888           
       1.522180              0.0104590569            0.000548906076           
       1.524820              0.0114978805            0.000572291392           
       1.527461              0.0102703338             0.00054355461           
       1.530101             0.00990387828            0.000528430987           
       1.532741              0.0109625584            0.000552731064           
       1.535382              0.0105936962            0.000552099812           
       1.538022               0.010786511            0.000524819116           
       1.540663              0.0115530387            0.000584187976           
       1.543303              0.0112229218            0.000534622223           
       1.545943              0.0119651073            0.000584269079           
       1.548584              0.0104538383             0.00055592884           
       1.551224              0.0112398451            0.000532982301           
       1.553864              0.0111697804            0.000561437282           
       1.556505              0.0101798237            0.000517771123           
       1.559145              0.0100459182             0.00052065526           
       1.561786              0.0101563638            0.000523912683           
       1.564426              0.0099477702            0.000502377019           
       1.567066              0.0109511041            0.000552303196           
       1.569707              0.0106869238            0.000535800044           
       1.572347              0.0106271579            0.000551985041           
       1.574988             0.00993172252            0.000507915519           
       1.577628             0.00968075795             0.00052289622           
       1.580268             0.00903717511            0.000489500582           
       1.582909              0.0112406878            0.000578659222           
       1.585549             0.00976279059            0.000523622568           
       1.588189              0.0102543107             0.00052492952           
       1.590830              0.0100902336            0.000520059388           
       1.593470             0.00995855683            0.000537112285           
       1.596111             0.00968747582            0.000517202037           
       1.598751              0.0106840633            0.000526298208           
       1.601391             0.00894198934            0.000492105595           
       1.604032              0.0101789197            0.000536015655           
       1.606672              0.0100464426            0.000517389994           
       1.609312             0.00916388389             0.00051582633           
       1.611953             0.00952919008            0.000514730863           
       1.614593              0.0101421081            0.000520895104           
       1.617234               0.010119308            0.000539236428           
       1.619874              0.0102637351            0.000540925632           
       1.622514             0.00950346745            0.000513405709           
       1.625155             0.00961342917            0.000519417835           
       1.627795             0.00987674689             0.00051358358           
       1.630436             0.00908705513            0.000490051887           
       1.633076             0.00984487633            0.000516766717           
       1.635716             0.00994167039            0.000511221028           
       1.638357             0.00953664678            0.000502018943           
       1.640997             0.00978443922            0.000523902615           
       1.643637              0.0091096992            0.000491923716           
       1.646278             0.00981451438            0.000526642302           
       1.648918             0.00935339201            0.000515524151           
       1.651559             0.00954650752             0.00052486119           
       1.654199             0.00953175492             0.00051007903           
       1.656839             0.00967691292            0.000514127724           
       1.659480             0.00947498077            0.000527839143           
       1.662120             0.00939749428            0.000495100547           
       1.664761             0.00881398084            0.000498059313           
       1.667401             0.00892053298            0.000478906827           
       1.670041             0.00903614243            0.000489349549           
       1.672682             0.00896710649            0.000485473043           
       1.675322             0.00918763115            0.000488246333           
       1.677962             0.00961120419             0.00049386548           
       1.680603              0.0093478793             0.00048855189           
       1.683243              0.0094799539            0.000513300976           
       1.685884             0.00986732767            0.000527550547           
       1.688524             0.00909209372            0.000496614143           
       1.691164             0.00891744519            0.000491932956           
       1.693805              0.0093577723            0.000509467884           
       1.696445             0.00813928097            0.000477898356           
       1.699085             0.00902588248            0.000486391039           
       1.701726             0.00889991214            0.000465271674           
       1.704366             0.00821508105            0.000470915427           
       1.707007             0.00905898777            0.000483488787           
       1.709647             0.00891624763            0.000485081451           
       1.712287             0.00948295873            0.000504614105           
       1.714928             0.00905633391            0.000497108476           
       1.717568             0.00841970089            0.000451518989           
       1.720209             0.00950923881            0.000502603881           
       1.722849             0.00912552243            0.000489827674           
       1.725489             0.00845296261            0.000471827711           
       1.728130             0.00934529937             0.00052722299           
       1.730770             0.00866332086            0.000482103913           
       1.733410             0.00925240407            0.000490393653           
       1.736051             0.00982535557            0.000508866778           
       1.738691              0.0092059995            0.000482582164           
       1.741332             0.00890071038            0.000488388086           
       1.743972             0.00858165203            0.000495221693           
       1.746612             0.00885328434            0.000483006487           
       1.749253             0.00931299656             0.00050517111           
       1.751893             0.00890836425            0.000490448275           
       1.754533             0.00813871167            0.000468345433           
       1.757174             0.00822093794            0.000466297445           
       1.759814             0.00817680751            0.000457995038           
       1.762455             0.00876966828            0.000483017319           
       1.765095             0.00824837072            0.000448121086           
       1.767735             0.00833544862            0.000464377588           
       1.770376              0.0092059311            0.000489309936           
       1.773016             0.00878138734            0.000474693116           
       1.775657             0.00887841848            0.000470440686           
       1.778297             0.00903937401             0.00047059835           
       1.780937             0.00851211515            0.000482012227           
       1.783578             0.00913895885             0.00048695676           
       1.786218             0.00900969455            0.000504585838           
       1.788858             0.00869609899            0.000470820697           
       1.791499             0.00907747259            0.000475631551           
       1.794139             0.00887554295            0.000466495829           
       1.796780             0.00884357925            0.000463410191           
       1.799420             0.00969657572            0.000482557467           
       1.802060             0.00910059988              0.0004712688           
       1.804701             0.00933550123            0.000458050469           
       1.807341             0.00890067755            0.000469968634           
       1.809981             0.00944896388            0.000485841916           
       1.812622             0.00894178927             0.00046411452           
       1.815262             0.00974600117            0.000494828798           
       1.817903             0.00959763187             0.00048377202           
       1.820543             0.00874487948             0.00046897611           
       1.823183             0.00914574255            0.000479340885           
       1.825824             0.00854856005            0.000442739524           
       1.828464              0.0087638859            0.000467352147           
       1.831105             0.00882952663            0.000456129506           
       1.833745             0.00808935617            0.000445916962           
       1.836385             0.00858946337            0.000472607445           
       1.839026             0.00805585601            0.000456246018           
       1.841666             0.00856466491            0.000468765577           
       1.844306             0.00790575566            0.000438084224           
       1.846947             0.00776869752            0.000438076894           
       1.849587             0.00901042884             0.00052097082           
       1.852228             0.00799567895            0.000443767822           
       1.854868             0.00804742625             0.00047028956           
       1.857508             0.00818345892            0.000469596387           
       1.860149             0.00863879935            0.000491250126           
       1.862789             0.00869243803            0.000475639772           
       1.865429              0.0080183488            0.000476855373           
       1.868070             0.00736618417            0.000450960175           
       1.870710             0.00832075919            0.000468240183           
       1.873351             0.00768446822            0.000455543726           
       1.875991             0.00848116896            0.000486386574           
       1.878631             0.00811732829            0.000466725892           
       1.881272             0.00859372864            0.000477008887           
       1.883912             0.00719185333            0.000454135482           
       1.886553             0.00785171873            0.000469207155           
       1.889193             0.00804309456             0.00047407947           
       1.891833              0.0080065331            0.000491229706           
       1.894474              0.0086836034            0.000507123255           
       1.897114             0.00826200276            0.000478671507           
       1.899754             0.00850036118            0.000487558723           
       1.902395             0.00777823007            0.000457270889           
       1.905035             0.00761258116            0.000479141534           
       1.907676             0.00829704925            0.000471457339           
       1.910316             0.00789613858            0.000472137805           
       1.912956             0.00783501803            0.000459960139           
       1.915597              0.0076276706            0.000456369505           
       1.918237             0.00832557811            0.000492408866           
       1.920878              0.0077909218            0.000474385701           
       1.923518             0.00791565639            0.000478371022           
       1.926158             0.00881485331            0.000498260481           
       1.928799             0.00861368521            0.000486840832           
       1.931439             0.00832934675            0.000491294886           
       1.934079              0.0074201209            0.000483401593           
       1.936720             0.00748907629            0.000449961912           
       1.939360             0.00882029163            0.000520967651           
       1.942001             0.00800083675            0.000454772019           
       1.944641             0.00746956038            0.000448069122           
       1.947281             0.00777524472            0.000452931846           
       1.949922             0.00758646763            0.000462124251           
       1.952562             0.00724403084            0.000465729052           
       1.955202             0.00748939636            0.000472973577           
       1.957843             0.00764738888            0.000465542081           
       1.960483             0.00777062992            0.000490629829           
       1.963124             0.00855252653            0.000504162631           
       1.965764             0.00797418628            0.000459083009           
       1.968404             0.00745635344            0.000439732317           
       1.971045             0.00806128691            0.000466162097           
       1.973685             0.00803923321            0.000488299932           
       1.976326             0.00725767539             0.00045758091           
       1.978966             0.00742697009            0.000466949207           
       1.981606             0.00837506379            0.000506200069           
       1.984247             0.00760918973            0.000479327827           
       1.986887             0.00852128654            0.000501166771           
       1.989527             0.00787998324            0.000476749097           
       1.992168             0.00838139357            0.000510162968           
       1.994808             0.00747461494              0.0004797109           
       1.997449             0.00787692513            0.000482338331           
       2.000089             0.00723985192            0.000460588407           
       2.002729             0.00821708169            0.000490983907           
       2.005370             0.00745658884            0.000462679606           
       2.008010             0.00762617374            0.000488332595           
       2.010650             0.00748115552            0.000487276324           
       2.013291             0.00665993195            0.000441108869           
       2.015931             0.00825859956            0.000487734206           
       2.018572             0.00746668246             0.00049603582           
       2.021212             0.00811892478            0.000507954323           
       2.023852                0.00699615            0.000446276441           
       2.026493             0.00723376031            0.000474066073           
       2.029133             0.00804412491            0.000489854753           
       2.031774             0.00755780602            0.000498309356           
       2.034414             0.00846300031            0.000485195483           
       2.037054             0.00768431136            0.000474053974           
       2.039695             0.00760712368            0.000468104772           
       2.042335             0.00845803763            0.000512949885           
       2.044975             0.00828327756             0.00050146686           
       2.047616             0.00725207145            0.000468049743           
       2.050256             0.00795580832            0.000494873019           
       2.052897             0.00788202846            0.000501653889           
       2.055537             0.00708952371            0.000459810081           
       2.058177             0.00780834113            0.000472554217           
       2.060818             0.00733881872            0.000479922904           
       2.063458             0.00707706077            0.000491127189           
       2.066098             0.00669416796            0.000450590218           
       2.068739             0.00728495139             0.00047735945           
       2.071379             0.00809864094            0.000516439707           
       2.074020             0.00812125055             0.00050592077           
       2.076660             0.00697485638            0.000472645351           
       2.079300             0.00830052026            0.000528242363           
       2.081941             0.00763625963            0.000463909535           
       2.084581              0.0078704742            0.000497113617           
       2.087222             0.00773690918            0.000475333205           
       2.089862             0.00765396229            0.000514927742           
       2.092502              0.0077735758             0.00050303408           
       2.095143             0.00767417924            0.000516126223           
       2.097783             0.00787819813            0.000506295739           
       2.100423             0.00684900601            0.000454881007           
       2.103064              0.0075133303            0.000494361482           
       2.105704             0.00753229491            0.000492533216           
       2.108345             0.00805832828            0.000489437085           
       2.110985             0.00756303387             0.00050643428           
       2.113625             0.00711002965            0.000495318088           
       2.116266             0.00809983665            0.000536172983           
       2.118906             0.00674539523            0.000455995232           
       2.121546             0.00686900925            0.000451368712           
       2.124187             0.00826396318            0.000519684933           
       2.126827             0.00818040217            0.000522821534           
       2.129468             0.00739184737            0.000498253725           
       2.132108             0.00795531383            0.000502899947           
       2.134748             0.00721076751            0.000476930869           
       2.137389             0.00765016654            0.000512492902           
       2.140029             0.00768516642            0.000459863278           
       2.142670             0.00782940076            0.000496056242           
       2.145310              0.0078371815            0.000483060278           
       2.147950             0.00782683364            0.000496872316           
       2.150591             0.00773876746            0.000489075955           
       2.153231              0.0082672329            0.000520332867           
       2.155871             0.00804169006            0.000495771849           
       2.158512             0.00741353582            0.000496688189           
       2.161152             0.00749957174            0.000483906891           
       2.163793             0.00702025348            0.000466079937           
       2.166433             0.00669174568            0.000467282608           
       2.169073             0.00824449709            0.000507123647           
       2.171714             0.00690263427            0.000460553891           
       2.174354             0.00674216209            0.000475609498           
       2.176995             0.00681901228            0.000476299799           
       2.179635              0.0066235003            0.000496045357           
       2.182275             0.00776568457            0.000507122022           
       2.184916             0.00712521485            0.000469180885           
       2.187556             0.00726644506            0.000469059024           
       2.190196             0.00665086365            0.000468938848           
       2.192837              0.0071024201            0.000481960004           
       2.195477             0.00835307796            0.000498307799           
       2.198118             0.00793582842            0.000498148161           
       2.200758             0.00810486731            0.000516484173           
       2.203398             0.00633430307            0.000459518466           
       2.206039             0.00710175364            0.000460487793           
       2.208679             0.00675157733            0.000459440595           
       2.211319             0.00717303739            0.000476294138           
       2.213960             0.00748149078             0.00049294441           
       2.216600             0.00654381906            0.000476914632           
       2.219241             0.00727479993             0.00048058549           
       2.221881             0.00823164491            0.000512265914           
       2.224521             0.00702782106            0.000479128416           
       2.227162             0.00719258014            0.000475007114           
       2.229802             0.00774595006            0.000508372205           
       2.232443             0.00724477164            0.000483896095           
       2.235083             0.00650744288            0.000472139295           
       2.237723             0.00719432975             0.00047639898           
       2.240364             0.00652629831            0.000464920415           
       2.243004             0.00621932068            0.000450231588           
       2.245644             0.00692241506            0.000479754143           
       2.248285             0.00658090521            0.000458399571           
       2.250925             0.00717891936            0.000481682765           
       2.253566             0.00701314477             0.00050897538           
       2.256206             0.00773955992            0.000523994547           
       2.258846             0.00713035045            0.000478443758           
       2.261487             0.00748350378            0.000514456637           
       2.264127             0.00730352096            0.000490842893           
       2.266767             0.00746844053            0.000509578001           
       2.269408             0.00867444389             0.00055143121           
       2.272048             0.00751464177            0.000510181301           
       2.274689             0.00713302772            0.000503607728           
       2.277329             0.00747290027            0.000485344457           
       2.279969             0.00726210075            0.000509282692           
       2.282610             0.00729443737            0.000496219256           
       2.285250             0.00646495499            0.000447130266           
       2.287891             0.00683381515             0.00049287737           
       2.290531              0.0075238386            0.000524114523           
       2.293171             0.00768941362            0.000516121968           
       2.295812             0.00711954167             0.00049463235           
       2.298452             0.00766147381            0.000536579397           
       2.301092             0.00652052935            0.000459930713           
       2.303733             0.00586265386            0.000453708906           
       2.306373             0.00682628399            0.000497288648           
       2.309014             0.00779803838            0.000521138575           
       2.311654             0.00739696301            0.000529662792           
       2.314294             0.00702965033            0.000475710145           
       2.316935             0.00711466439            0.000480555242           
       2.319575             0.00759475218            0.000520221469           
       2.322215             0.00731439166            0.000532057596           
       2.324856             0.00724543004            0.000486860312           
       2.327496             0.00727304686            0.000518671064           
       2.330137             0.00791916043            0.000517906528           
       2.332777             0.00741873052            0.000516868643           
       2.335417             0.00685566396            0.000482035276           
       2.338058             0.00772818237            0.000527079434           
       2.340698             0.00728511006             0.00050772565           
       2.343339             0.00747365876            0.000525570639           
       2.345979             0.00717438328            0.000487174334           
       2.348619             0.00692420892            0.000496099683           
       2.351260             0.00695056203            0.000494146956           
       2.353900              0.0069870838            0.000493874042           
       2.356540             0.00699620185            0.000493494663           
       2.359181             0.00699662293            0.000486590758           
       2.361821             0.00666910771            0.000458900607           
       2.364462             0.00747385616            0.000508085576           
       2.367102             0.00880241421            0.000566649924           
       2.369742             0.00678898418            0.000523801739           
       2.372383              0.0070963241            0.000484918252           
       2.375023             0.00766489723            0.000529782034           
       2.377663             0.00735852986            0.000496322745           
       2.380304              0.0069181464            0.000489266134           
       2.382944             0.00681964498            0.000462681056           
       2.385585             0.00674400151            0.000490712975           
       2.388225             0.00743811215            0.000512925787           
       2.390865             0.00724320856            0.000500961583           
       2.393506              0.0074747572            0.000499304779           
       2.396146             0.00678880121            0.000514502968           
       2.398787              0.0072177551            0.000488904823           
       2.401427             0.00764841679            0.000485780502           
       2.404067             0.00723082939            0.000482868752           
       2.406708             0.00766050079            0.000491048343           
       2.409348             0.00747340537            0.000514453014           
       2.411988             0.00690506354            0.000484505059           
       2.414629             0.00686781003            0.000498244904           
       2.417269             0.00717814957            0.000515324885           
       2.419910             0.00676066127            0.000501274998           
       2.422550             0.00847682577            0.000537020992           
       2.425190             0.00696418615            0.000513089889           
       2.427831             0.00718220765             0.00051813036           
       2.430471             0.00730118991            0.000497691168           
       2.433112             0.00724121214            0.000482637881           
       2.435752             0.00717296019             0.00050836868           
       2.438392             0.00650021032            0.000467102885           
       2.441033             0.00696968163            0.000512600256           
       2.443673             0.00716940893            0.000520292749           
       2.446313             0.00627271708            0.000487098389           
       2.448954             0.00832552408            0.000534312515           
       2.451594             0.00764483354            0.000550524218           
       2.454235               0.007716789             0.00051895746           
       2.456875             0.00805494118            0.000554785504           
       2.459515              0.0078367571            0.000561386265           
       2.462156             0.00889514551            0.000564684907           
       2.464796             0.00727202383            0.000503985131           
       2.467436             0.00884457718            0.000574775808           
       2.470077             0.00827352705            0.000526902752           
       2.472717             0.00761589451            0.000507718268           
       2.475358             0.00665666455            0.000479618179           
       2.477998             0.00772207201            0.000507867265           
       2.480638             0.00679127982            0.000484739443           
       2.483279             0.00763074471            0.000537029997           
       2.485919             0.00644865236             0.00047577797           
       2.488560             0.00728764622            0.000504368903           
       2.491200              0.0068867384            0.000504878915           
       2.493840             0.00741010083            0.000554155846           
       2.496481             0.00737265054            0.000543711889           
       2.499121             0.00704407553            0.000516927852           
       2.501761             0.00743694991            0.000538185209           
       2.504402             0.00690785164            0.000511109562           
       2.507042             0.00663098891            0.000497052725           
       2.509683             0.00736684667            0.000515899775           
       2.512323             0.00756451411            0.000549043919           
       2.514963              0.0064376506            0.000500243405           
       2.517604               0.007701793            0.000567761668           
       2.520244             0.00724336186            0.000516193298           
       2.522884             0.00684257956            0.000508884273           
       2.525525             0.00738883569            0.000534808953           
       2.528165             0.00696682265            0.000511216753           
       2.530806             0.00819292715            0.000564042575           
       2.533446             0.00798593448            0.000544985724           
       2.536086             0.00705432806            0.000507627896           
       2.538727              0.0072549174            0.000493867063           
       2.541367             0.00753596932            0.000508300412           
       2.544008             0.00653451045            0.000488826916           
       2.546648             0.00718366809            0.000521324174           
       2.549288             0.00711525302             0.00052940748           
       2.551929             0.00735454348            0.000529656453           
       2.554569             0.00704438933            0.000499404066           
       2.557209             0.00694382213            0.000500380011           
       2.559850             0.00658383121            0.000488801331           
       2.562490             0.00688853806            0.000516760858           
       2.565131             0.00750330237            0.000559198699           
       2.567771             0.00701744794            0.000521403807           
       2.570411             0.00682174782            0.000508519738           
       2.573052             0.00679802197             0.00051402761           
       2.575692             0.00559364824            0.000463452124           
       2.578332             0.00657424695            0.000504513189           
       2.580973             0.00543389966            0.000454311125           
       2.583613             0.00705537625            0.000505349209           
       2.586254             0.00740425993            0.000516973573           
       2.588894             0.00611961105            0.000488063089           
       2.591534             0.00625209995            0.000510676757           
       2.594175             0.00661731906            0.000515466549           
       2.596815             0.00680978233            0.000525992137           
       2.599456             0.00679553212            0.000498273735           
       2.602096             0.00670034114            0.000498536919           
       2.604736             0.00718968806            0.000528666469           
       2.607377             0.00662853987            0.000494239087           
       2.610017             0.00728800166             0.00050917269           
       2.612657             0.00725550229            0.000540373046           
       2.615298             0.00686707249            0.000513257767           
       2.617938             0.00679143239             0.00054602238           
       2.620579              0.0066641641            0.000519241321           
       2.623219             0.00725671772            0.000541061962           
       2.625859             0.00743339636            0.000532429494           
       2.628500             0.00789763296            0.000545206386           
       2.631140             0.00709649419            0.000524777365           
       2.633780              0.0076396661            0.000544017227           
       2.636421             0.00674432813            0.000523715869           
       2.639061             0.00695129507            0.000500525895           
       2.641702              0.0072658843            0.000523573309           
       2.644342             0.00722264313            0.000524237306           
       2.646982             0.00790075542            0.000540097952           
       2.649623             0.00688512484            0.000528370758           
       2.652263             0.00686453129            0.000522285738           
       2.654904             0.00613355934             0.00049419199           
       2.657544             0.00663668882            0.000484192684           
       2.660184             0.00667283424            0.000513810351           
       2.662825             0.00690908705            0.000534956508           
       2.665465             0.00650416139            0.000502000603           
       2.668105              0.0083996403             0.00060130572           
       2.670746             0.00815504346            0.000547330763           
       2.673386              0.0084504079            0.000574192263           
       2.676027             0.00794767671            0.000547913424           
       2.678667             0.00744614492            0.000517483079           
       2.681307             0.00925892671            0.000566980906           
       2.683948              0.0140386744             0.00071732076           
       2.686588              0.0120795203            0.000654353819           
       2.689229             0.00825312693            0.000528520868           
       2.691869             0.00784296583            0.000544536717           
       2.694509             0.00949723511            0.000599548299           
       2.697150             0.00714516171            0.000511596817           
       2.699790             0.00724110015            0.000539924465           
       2.702430             0.00610356307            0.000473833462           
       2.705071             0.00712646169            0.000529056621           
       2.707711             0.00796579482            0.000542886208           
       2.710352             0.00735052528            0.000551028911           
       2.712992             0.00634208516            0.000521300345           
       2.715632             0.00642136008             0.00048667676           
       2.718273             0.00596674038            0.000486192862           
       2.720913             0.00708788739            0.000528397729           
       2.723553             0.00699620009            0.000528491273           
       2.726194             0.00759305859            0.000575530496           
       2.728834             0.00812137658            0.000595495522           
       2.731475             0.00861973641            0.000566201622           
       2.734115             0.00710023101            0.000529826829           
       2.736755             0.00740303821            0.000545459691           
       2.739396             0.00688933007             0.00052314564           
       2.742036             0.00644732279            0.000529650519           
       2.744677             0.00712037245            0.000540065195           
       2.747317             0.00665350205            0.000518336807           
       2.749957             0.00710829641            0.000539519102           
       2.752598             0.00630000349            0.000513431214           
       2.755238             0.00696992483            0.000549788931           
       2.757878             0.00744510146            0.000563252874           
       2.760519             0.00749219504            0.000559040319           
       2.763159             0.00656434248            0.000518050824           
       2.765800             0.00675805116            0.000500925664           
       2.768440             0.00775585974            0.000540586492           
       2.771080             0.00738696378             0.00053197749           
       2.773721             0.00657128525            0.000514690939           
       2.776361             0.00766384646            0.000563501829           
       2.779001             0.00674074297            0.000547291133           
       2.781642             0.00735437149            0.000567446499           
       2.784282             0.00631439022            0.000534442861           
       2.786923             0.00778334576            0.000598585053           
       2.789563             0.00661237277            0.000531374395           
       2.792203             0.00750819557            0.000540907446           
       2.794844             0.00691402788            0.000568885438           
       2.797484             0.00745260084            0.000557407645           
       2.800125             0.00635708749             0.00054132428           
       2.802765             0.00639609824            0.000533641541           
       2.805405             0.00761864497            0.000584384072           
       2.808046             0.00765579728            0.000596105425           
       2.810686             0.00756452737            0.000544476717           
       2.813326             0.00701984931            0.000544819296           
       2.815967              0.0070102969            0.000559928724           
       2.818607             0.00745700346            0.000551086622           
       2.821248             0.00748769464             0.00054075493           
       2.823888              0.0062654393            0.000513464173           
       2.826528             0.00723487365            0.000534351861           
       2.829169             0.00774352018            0.000579044393           
       2.831809             0.00756501955            0.000580116484           
       2.834449             0.00602950559            0.000521179118           
       2.837090             0.00659002019            0.000526253923           
       2.839730             0.00645196584            0.000518170154           
       2.842371             0.00726218157            0.000550536679           
       2.845011             0.00693986353            0.000542470598           
       2.847651             0.00757914669             0.00056760204           
       2.850292              0.0070672783            0.000553479237           
       2.852932             0.00682854289            0.000555907235           
       2.855573             0.00736516394            0.000560033328           
       2.858213              0.0078384456            0.000606704333           
       2.860853             0.00705728213             0.00053551431           
       2.863494             0.00747669896            0.000570688171           
       2.866134             0.00671401346            0.000562092422           
       2.868774             0.00621630878            0.000531552131           
       2.871415             0.00665344692            0.000558490186           
       2.874055             0.00629730634            0.000519363002           
       2.876696             0.00560632788            0.000503296416           
       2.879336             0.00754024761            0.000562558646           
       2.881976             0.00677072471            0.000549835509           
       2.884617             0.00719775925            0.000558583737           
       2.887257             0.00762688463             0.00057796174           
       2.889897             0.00827970971             0.00058979568           
       2.892538             0.00600171729            0.000550105044           
       2.895178             0.00711877439            0.000541260832           
       2.897819             0.00671322726            0.000536179887           
       2.900459             0.00741083184            0.000552391094           
       2.903099             0.00741317883            0.000546823314           
       2.905740              0.0076335483            0.000569247694           
       2.908380             0.00752083409            0.000571449457           
       2.911021             0.00744524404            0.000577814493           
       2.913661             0.00747467476            0.000578781952           
       2.916301             0.00686690059            0.000555281461           
       2.918942             0.00689409437            0.000532191025           
       2.921582             0.00687801944            0.000556175581           
       2.924222             0.00640799647            0.000520090499           
       2.926863             0.00645889217              0.0005438814           
       2.929503             0.00750409058            0.000593183766           
       2.932144             0.00682971948            0.000543231846           
       2.934784             0.00618498373            0.000508478805           
       2.937424             0.00649087206            0.000526248877           
       2.940065              0.0075733957            0.000542238492           
       2.942705             0.00759938444            0.000542486612           
       2.945346             0.00658687276            0.000535992135           
       2.947986             0.00749431879            0.000582958532           
       2.950626             0.00741479899            0.000576592686           
       2.953267             0.00703192606            0.000552436344           
       2.955907             0.00760838884            0.000596103975           
       2.958547             0.00682681689            0.000533065274           
       2.961188             0.00733514574             0.00057646931           
       2.963828             0.00733897472            0.000564040709           
       2.966469             0.00713594544            0.000545614607           
       2.969109             0.00644443447            0.000526187063           
       2.971749             0.00780928754            0.000575619772           
       2.974390             0.00713856208              0.0005408151           
       2.977030             0.00651288161            0.000528115453           
       2.979670             0.00761771354            0.000555559003           
       2.982311             0.00905417365            0.000627755467           
       2.984951             0.00851378712            0.000578959493           
       2.987592             0.00876938588            0.000599354774           
       2.990232             0.00789422677            0.000591402313           
       2.992872             0.00982449425            0.000621452828           
       2.995513             0.00937532802            0.000593924577           
       2.998153              0.0123126202            0.000692068981           
       3.000794             0.00919395536            0.000579256648           
       3.003434             0.00882433306            0.000568350196           
       3.006074              0.0128671826            0.000676685235           
       3.008715              0.0330994567             0.00104766832           
       3.011355               0.222403254             0.00261882507           
       3.013995               0.327228638             0.00318523571           
       3.016636               0.298329286             0.00297818485           
       3.019276               0.188940001             0.00232975467           
       3.021917               0.653943066             0.00416763229           
       3.024557               0.935542496             0.00490096005           
       3.027197               0.953123663             0.00482286602           
       3.029838                1.02045072             0.00506108451           
       3.032478               0.281990107             0.00266321277           
       3.035118              0.0757548534             0.00139888478           
       3.037759              0.0590915154             0.00123389607           
       3.040399              0.0742061439             0.00142631584           
       3.043040               0.188094453             0.00229865986           
       3.045680               0.215337318              0.0023140382           
       3.048320               0.189429208             0.00221759131           
       3.050961               0.257179847              0.0026294338           
       3.053601               0.157453283             0.00198152973           
       3.056242               0.227975485             0.00253506363           
       3.058882               0.496160966             0.00401176615           
       3.061522               0.429219486             0.00366088265           
       3.064163               0.327405552             0.00315707994           
       3.066803               0.122373553             0.00203201027           
       3.069443               0.119783354              0.0021033831           
       3.072084              0.0626993418             0.00148180675           
       3.074724              0.0183632748            0.000895569969           
       3.077365               0.011195878            0.000723880902           
       3.080005              0.0119057381            0.000750706508           
       3.082645              0.0361708612              0.0013746026           
       3.085286                0.01871536            0.000996574608           
       3.087926             0.00990336996             0.00071935304           
       3.090566              0.0113218164             0.00075361437           
       3.093207               0.010522859            0.000756037379           
       3.095847              0.0118617682            0.000769371827           
       3.098488              0.0087674917            0.000733438597           
       3.101128              0.0106334789            0.000812919996           
       3.103768             0.00952668739            0.000754975088           
       3.106409              0.0109585265            0.000861765599           
       3.109049             0.00828805839            0.000719204765           
       3.111690             0.00723370347            0.000660368421           
       3.114330             0.00684360854            0.000655979852           
       3.116970             0.00696105985            0.000666664005           
       3.119611             0.00818749053            0.000769597207           
       3.122251              0.0158722951             0.00112086567           
       3.124891              0.0300891713               0.001557634           
       3.127532              0.0272930863             0.00145129175           
       3.130172               0.021271725             0.00130337685           
       3.132813              0.0113077692            0.000935529796           
       3.135453             0.00744465282            0.000752833952           
       3.138093             0.00634285502            0.000752943629           
       3.140734             0.00447290362            0.000583334225           
       3.143374             0.00875891943            0.000863269282           
       3.146014             0.00718843189            0.000841919432           
       3.148655             0.00859354751            0.000855721315           
       3.151295             0.00694745551            0.000819928831           
       3.153936             0.00630565254             0.00075455666           
       3.156576             0.00526898855            0.000680366048           
       3.159216             0.00637049888            0.000751852358           
       3.161857             0.00524856121            0.000679664971           
       3.164497             0.00689502368            0.000818514295           
       3.167138             0.00663525697            0.000829640946           
       3.169778             0.00600457816            0.000776212709           
       3.172418              0.0070712395            0.000833771745           
       3.175059             0.00718839624            0.000745272133           
       3.177699             0.00587285135            0.000713336643           
       3.180339             0.00754892287            0.000866509381           
       3.182980             0.00561206882            0.000772449553           
       3.185620             0.00593867501            0.000809241498           
       3.188261             0.00558643479            0.000798881822           
       3.190901             0.00656154926            0.000796286164           
       3.193541             0.00607156317            0.000804858028           
       3.196182             0.00731588693            0.000920725173           
       3.198822             0.00427418456            0.000703993583           
       3.201463             0.00681997582            0.000873948809           
       3.204103             0.00508841067            0.000750300584           
       3.206743             0.00740817858             0.00090523047           
       3.209384             0.00618837236            0.000893885952           
       3.212024             0.00562280166            0.000794387334           
       3.214664               0.004941783            0.000846862002           
       3.217305             0.00588038371            0.000878126983           
       3.219945             0.00708513935            0.000992094372           
       3.222586             0.00528519679            0.000816143973           
       3.225226             0.00418379801             0.00080554143           
       3.227866             0.00490968521            0.000797573604           
       3.230507             0.00500214119             0.00083452045           
       3.233147             0.00721597688             0.00101041401           
       3.235787              0.0050257471            0.000862952584           
       3.238428             0.00500702697            0.000929499071           
       3.241068             0.00587104791            0.000941134073           
       3.243709             0.00594693001            0.000978604516           
       3.246349             0.00643396423             0.00092790009           
       3.248989             0.00764749998             0.00119450958           
       3.251630             0.00640460628              0.0010526648           
       3.254270             0.00552083766            0.000873478347           
       3.256911             0.00573304053            0.000971205393           
       3.259551             0.00571874048             0.00104428439           
       3.262191             0.00474719333            0.000971861074           
       3.264832               0.005856764             0.00112789485           
       3.267472             0.00532825306             0.00100921754           
       3.270112             0.00532128283             0.00111458425           
       3.272753             0.00407972501            0.000893295116           
       3.275393             0.00670439227             0.00116844345           
       3.278034              0.0066872581             0.00116760642           
       3.280674             0.00623190946             0.00122311786           
       3.283314             0.00537179566              0.0010156103           
       3.285955             0.00531233809             0.00104207144           
       3.288595             0.00557455088             0.00118761102           
       3.291235             0.00611103231             0.00127825079           
       3.293876              0.0068338541             0.00137115955           
       3.296516              0.0055987204             0.00119146396           
       3.299157             0.00393654105            0.000986511985           
       3.301797             0.00868234696             0.00167120297           
       3.304437             0.00409835366            0.000994773545           
       3.307078             0.00612991128             0.00134015612           
       3.309718             0.00652697586             0.00142737998           
       3.312359             0.00341156049             0.00103219866           
       3.314999              0.0060547083             0.00135389564           
       3.317639             0.00441997983             0.00110631269           
       3.320280             0.00372909959             0.00108040681           
       3.322920             0.00809465341             0.00161857645           
       3.325560             0.00419168193              0.0011655293           
       3.328201             0.00706817448             0.00136308993           
       3.330841             0.00704681214              0.0016564568           
       3.333482             0.00697143952             0.00155733591           
       3.336122             0.00554550815             0.00138960488           
       3.338762             0.00274575642             0.00112951467           
       3.341403             0.00634050325             0.00164010485           
       3.344043             0.00583776305             0.00151092018           
       3.346683             0.00650748485             0.00162860566           
       3.349324             0.00514654927             0.00162839907           
       3.351964             0.00514924204              0.0017224217           
       3.354605             0.00451053211             0.00184363921           
       3.357245             0.00602103861             0.00192156691           
       3.359885             0.00433423324             0.00130485279           
       3.362526             0.00850169985             0.00228536985           
       3.365166             0.00162503533            0.000942401234           
       3.367807             0.00448390973             0.00200342863           
       3.370447             0.00429394846              0.0016262881           
       3.373087              0.0069693064             0.00221559872           
       3.375728             0.00799377968             0.00267800659           
       3.378368              0.0018599784             0.00191716461           
       3.381008              0.0043833645             0.00219425645           
       3.383649             0.00492270962             0.00186539221           
       3.386289             0.00989251599             0.00312969468           
       3.388930             0.00728749729             0.00424894499           
       3.391570             0.00232302375             0.00169699756           
       3.394210             0.00595760965             0.00343922338           
       3.396851           -2.65437775e-05                         0           
       3.399491              0.0074529068             0.00430410735           
       3.402131           -2.65809129e-05                         0           
       3.404772           -2.65937421e-05                         0           
       3.407412                       nan                       nan           
       3.410053             0.00931563162              0.0096422158           
       3.412693                       nan                       nan           
       3.415333             0.00905017938             0.00951292025           
