################################################################################
# EDF_DataBlockID                     0.Image.Psd
# EDF_BinarySize                      2105344
# EDF_HeaderSize                      2560
# ByteOrder                           LowByteFirst
# DataType                            FloatValue
# Dim_1                               512
# Dim_2                               1028
# Image                               0
# HeaderID                            EH:000000:000000:000000
# Size                                2105344
# Center_1                            304.9000
# Center_2                            588.7000
# Comment                             Xenocs_Cell_Window - 20251028_20perc_iodine_1.23mg
# DDummy                              0.6
# Date                                2025-10-29T11:50:11
# Delta                               21.910000
# Dummy                               -1.5
# ExposureTime                        360
# Gamma                               15.360000
# Intensity1                          8.6209e-10
# PSize_1                             7.5e-05
# PSize_2                             7.5e-05
# Pressure                            0.0330257
# SampleDistance                      0.115750
# SampleEnvKind                       large
# SampleEnvPN                         ElectroChemical cell
# SampleEnvSN                         1141
# Thickness                           0
# Wavelength                          1.541891e-10
# Wavelength                          1.54189e-10
# aux                                 0
# aux_dial                            0.002375
# beamx                               588.434
# beamx_dial                          588.434
# beamz                               657.808
# beamz_dial                          657.808
# det0x                               0
# det0x_dial                          6.36945
# det0xvd                             0
# det0xvd_dial                        0
# det0y                               450.002
# det0y_dial                          481.635
# det0z                               0
# det0z_dial                          1.23302
# det0zvd                             0
# det0zvd_dial                        0
# mag                                 1.818
# mag_dial                            1.818
# om                                  0.2499
# om_dial                             -0.610199
# phi                                 -0.0120535
# phi_dial                            0
# ry                                  0.599993
# ry_dial                             0.599993
# s1bot                               0.8
# s1bot_dial                          -1.66094
# s1hl                                0.8
# s1hl_dial                           -0.608437
# s1hr                                0.8
# s1hr_dial                           0.970938
# s1top                               0.8
# s1top_dial                          -0.461562
# s2bot                               0.45
# s2bot_dial                          1.36109
# s2hl                                0.45
# s2hl_dial                           -0.83375
# s2hr                                0.45
# s2hr_dial                           -0.118594
# s2top                               0.45
# s2top_dial                          1.44734
# w2theta                             32
# w2theta_dial                        32
# waxsch                              19.2605
# waxsch_dial                         -32.7355
# waxsh                               137.085
# waxsh_dial                          -43.5338
# waxsth                              26.0607
# waxsth_dial                         -19.4086
# waxsz                               67.0407
# waxsz_dial                          -23.7954
# wind                                65.9854
# wind_dial                           66.0041
# wpsi                                124
# wpsi_dial                           124
# wstod                               115
# wstod_dial                          115
# x                                   0
# x_dial                              1.00969
# z                                   0
# z_dial                              13.3172
# CountCutoff                         6807993
# DetectorModel                       Dectris EIGER2 Si 500K, S/N E-01-0554
# ThresholdSetting                    4023.88989258
# Saturation                          0
# FlatField                           Corrected
# BackgroundReductionExtra            0.02
# BackgroundCorrectionConstant        0.0026712
# Detector                            0
# Monitor                             0
# Pil_Roi0                            0
# SumForIntensity1                    3.10352e+08
# TransmittedFlux                     862090
# det                                 0
# mon                                 0
# pilai0                              3.10352e+08
# pilai1                              766084
# pilct0                              5.3634e+08
# pilct1                              766084
# pilroi0                             0
# pilroi1                             0
# sec                                 1
# title                               20251028_20perc_iodine_1.23mg_1_00195.edf
# usaxs0                              0
# Operation                           Azimuthal average I(q)
# Error_model                         ErrorModel.poisson
# Geometrical_correction              True
# Transmission_correction             True
# Thickness_correction                False
# Binning mode                        Uniform
# Binning factor                      1.0
# Psi                                 0.0
# Omega                               0.2499
# MaskInvalidPixels                   True
# DetectorEdge                        3
# MaskFiles                           ['WAXS_corrected.edf']
################################################################################
    q(A⁻¹)                Intensity(a.u.)            Sigma_I(a.u.)            
       0.693100             0.00408520411             0.00424369971           
       0.695741             0.00836487094              0.0049553588           
       0.698381             0.00413794153             0.00426923947           
       0.701021           -2.35140518e-05                         0           
       0.703662             0.00844508054             0.00497681946           
       0.706302             0.00506899234             0.00298516238           
       0.708942             0.00282297434             0.00287529006           
       0.711583             0.00213827598             0.00216693493           
       0.714223              0.0028568188             0.00289171348           
       0.716864             0.00618981721             0.00278498979           
       0.719504             0.00581337947             0.00291250639           
       0.722144             0.00621475991              0.0027887626           
       0.724785             0.00862974214             0.00262137819           
       0.727425             0.00870783646             0.00356226277           
       0.730065             0.00867697317             0.00251533691           
       0.732706               0.010651292             0.00234024824           
       0.735346             0.00781327064             0.00261277088           
       0.737987             0.00733418536             0.00178878401           
       0.740627             0.00863674297             0.00289629934           
       0.743267             0.00652782071             0.00168653251           
       0.745908             0.00514652958             0.00162471267           
       0.748548             0.00782909048              0.0018470958           
       0.751189             0.00796446684             0.00251031746           
       0.753829              0.0106892595              0.0026733093           
       0.756469              0.0073457341             0.00178700739           
       0.759110              0.0072428335             0.00186996523           
       0.761750             0.00862966494             0.00180483254           
       0.764390             0.00659617587             0.00165154923           
       0.767031             0.00986202666             0.00174874972           
       0.769671             0.00529260548             0.00159806328           
       0.772312             0.00388826653             0.00104277012           
       0.774952             0.00354795982             0.00134511565           
       0.777592             0.00646208035             0.00132225022           
       0.780233             0.00431291177             0.00130327639           
       0.782873              0.0050267427             0.00134566575           
       0.785513             0.00949133181             0.00197679314           
       0.788154             0.00688829407             0.00140876112           
       0.790794              0.0065326168             0.00164015217           
       0.793435             0.00661079001             0.00148223632           
       0.796075             0.00708628078             0.00147831203           
       0.798715             0.00728269742             0.00177098878           
       0.801356             0.00819907817             0.00161729076           
       0.803996             0.00923396849             0.00174981648           
       0.806637             0.00665783948             0.00118243476           
       0.809277             0.00938311482              0.0015193764           
       0.811917             0.00731805381             0.00125437477           
       0.814558             0.00508925792             0.00108719288           
       0.817198             0.00610584388             0.00113135071           
       0.819838             0.00793070982             0.00130494633           
       0.822479             0.00831866235             0.00156939573           
       0.825119             0.00597817999             0.00113235847           
       0.827760             0.00795055581             0.00132279036           
       0.830400             0.00659238753             0.00113367572           
       0.833040             0.00874984467             0.00136836297           
       0.835681              0.0102860397             0.00168663198           
       0.838321              0.0076044331               0.001217204           
       0.840961             0.00622348765             0.00119975579           
       0.843602             0.00640698849             0.00111632742           
       0.846242             0.00736026571             0.00119631786           
       0.848883             0.00794385317             0.00127186852           
       0.851523              0.0063525081             0.00112323518           
       0.854163             0.00966370033             0.00147329252           
       0.856804              0.0067138181             0.00110414975           
       0.859444             0.00748671205             0.00114242895           
       0.862085              0.0085165978             0.00126995619           
       0.864725             0.00852905609             0.00130061934           
       0.867365             0.00699309444              0.0010920696           
       0.870006             0.00742781054             0.00107251633           
       0.872646             0.00729951737             0.00111492674           
       0.875286             0.00880128255             0.00117781002           
       0.877927             0.00803940518              0.0010862269           
       0.880567             0.00709511295             0.00105719846           
       0.883208             0.00724500888             0.00105824321           
       0.885848             0.00665364908             0.00105297779           
       0.888488             0.00627171607            0.000958863348           
       0.891129             0.00725645759             0.00105902945           
       0.893769             0.00705402438            0.000999281682           
       0.896410             0.00710512544            0.000935049253           
       0.899050             0.00773202525             0.00107270568           
       0.901690             0.00528451837            0.000966007275           
       0.904331             0.00791040311             0.00104781041           
       0.906971             0.00862425127             0.00116390757           
       0.909611             0.00924058867             0.00109673506           
       0.912252             0.00874321959             0.00110190401           
       0.914892             0.00878260577             0.00120685535           
       0.917533             0.00753684924             0.00105761572           
       0.920173             0.00996269896             0.00112817753           
       0.922813             0.00717554726             0.00100473673           
       0.925454               0.007174468            0.000904669702           
       0.928094             0.00711949829            0.000962104122           
       0.930734              0.0046633381            0.000838309677           
       0.933375             0.00723226892             0.00103371971           
       0.936015             0.00656449301             0.00089444624           
       0.938656             0.00941432104             0.00114908518           
       0.941296              0.0077168022            0.000942836917           
       0.943936             0.00841959845            0.000965783615           
       0.946577             0.00753480726            0.000907589562           
       0.949217             0.00776122208            0.000847057792           
       0.951858             0.00789554049            0.000894340315           
       0.954498             0.00774354274              0.0010251705           
       0.957138             0.00645356461            0.000886630283           
       0.959779             0.00733889914            0.000932061492           
       0.962419             0.00805555005            0.000970014602           
       0.965059             0.00720922393            0.000965122944           
       0.967700             0.00703075464             0.00097616552           
       0.970340             0.00656806452            0.000834902765           
       0.972981             0.00676251745            0.000771854622           
       0.975621             0.00738363823             0.00085800102           
       0.978261             0.00909016727            0.000904570721           
       0.980902             0.00848045769             0.00104534785           
       0.983542             0.00767411758            0.000880614713           
       0.986182             0.00876883805            0.000924193795           
       0.988823             0.00679926021            0.000790210616           
       0.991463             0.00762907528             0.00089303798           
       0.994104             0.00776204347            0.000878731396           
       0.996744             0.00910930149            0.000970973581           
       0.999384             0.00869072232            0.000848189333           
       1.002025             0.00907579614            0.000967437326           
       1.004665             0.00776364688            0.000817712735           
       1.007306             0.00834771073             0.00084357345           
       1.009946             0.00762195118            0.000822077737           
       1.012586             0.00781685679            0.000810827706           
       1.015227             0.00844733379            0.000905530721           
       1.017867             0.00718193123            0.000802451181           
       1.020507             0.00733482664            0.000785513198           
       1.023148             0.00693148362            0.000823956169           
       1.025788             0.00641253377            0.000726671002           
       1.028429             0.00770022402            0.000834251296           
       1.031069             0.00848925963            0.000824304142           
       1.033709             0.00786062267            0.000843170338           
       1.036350             0.00977986441            0.000844686803           
       1.038990             0.00838868094            0.000796680982           
       1.041630             0.00839301135            0.000831160763           
       1.044271             0.00915604041            0.000816435736           
       1.046911             0.00823681326            0.000814534809           
       1.049552             0.00729774912            0.000805513847           
       1.052192             0.00800980945            0.000770585281           
       1.054832             0.00830254393            0.000791677058           
       1.057473             0.00829324404            0.000779989225           
       1.060113             0.00956005527            0.000816737137           
       1.062754              0.0073410842            0.000730719079           
       1.065394             0.00925069482            0.000867238814           
       1.068034               0.009637251            0.000805385973           
       1.070675             0.00769346347            0.000750626491           
       1.073315             0.00934209398            0.000839007615           
       1.075955             0.00739178002            0.000704557752           
       1.078596             0.00796679115            0.000777384721           
       1.081236              0.0092631482            0.000802679134           
       1.083877             0.00751245318            0.000716374439           
       1.086517             0.00824861951             0.00080492081           
       1.089157             0.00888490398            0.000866809951           
       1.091798             0.00915852502            0.000771559562           
       1.094438             0.00839703666            0.000736403315           
       1.097078              0.0086208416            0.000715638449           
       1.099719             0.00681190245            0.000688083208           
       1.102359             0.00890648432            0.000736840064           
       1.105000             0.00640782017            0.000698864105           
       1.107640             0.00906045267            0.000794592172           
       1.110280             0.00887826357            0.000717678479           
       1.112921             0.00924364718             0.00078664592           
       1.115561             0.00872349688            0.000726301237           
       1.118202              0.0104984334            0.000797522156           
       1.120842             0.00761412838            0.000713831975           
       1.123482              0.0075525758            0.000707835692           
       1.126123             0.00792335987            0.000695399027           
       1.128763              0.0080375716            0.000705195146           
       1.131403             0.00849582691            0.000698618429           
       1.134044             0.00949797067            0.000760097012           
       1.136684             0.00780454008            0.000734607083           
       1.139325             0.00926011315            0.000737128155           
       1.141965             0.00824928068            0.000700332877           
       1.144605             0.00875060501            0.000687761023           
       1.147246              0.0088808784            0.000709083896           
       1.149886             0.00747376024            0.000648178732           
       1.152527             0.00740573703            0.000654605079           
       1.155167              0.0114759531            0.000775067768           
       1.157807             0.00848371701            0.000714505111           
       1.160448              0.0095466431            0.000740152533           
       1.163088             0.00887213695            0.000680599122           
       1.165728             0.00990808175            0.000738454285           
       1.168369             0.00896249567            0.000708821937           
       1.171009             0.00789703856            0.000645711024           
       1.173650             0.00832721968            0.000680462753           
       1.176290             0.00939399533            0.000706274922           
       1.178930              0.0100994127            0.000717733301           
       1.181571             0.00938519898            0.000705609982           
       1.184211             0.00900571079            0.000693647895           
       1.186851             0.00878041314             0.00066963287           
       1.189492             0.00847510389            0.000653461803           
       1.192132             0.00852080515            0.000647869707           
       1.194773             0.00954967851            0.000688866625           
       1.197413             0.00926572372            0.000650144853           
       1.200053             0.00912571227            0.000661607993           
       1.202694             0.00971293485            0.000649078134           
       1.205334             0.00881527104            0.000666395761           
       1.207975             0.00801639779            0.000606586563           
       1.210615              0.0102796264            0.000757764452           
       1.213255              0.0100732304            0.000671713959           
       1.215896             0.00913138996            0.000651128901           
       1.218536             0.00864711392            0.000609260098           
       1.221176             0.00943789854            0.000692016273           
       1.223817             0.00923063701             0.00064243495           
       1.226457              0.0111609714             0.00072065395           
       1.229098             0.00972303145            0.000672597828           
       1.231738             0.00987511192            0.000681173629           
       1.234378              0.0105623594             0.00066196273           
       1.237019             0.00964836146            0.000651964363           
       1.239659              0.0104664051             0.00067312563           
       1.242299             0.00926395006            0.000625233644           
       1.244940             0.00929067573            0.000608955413           
       1.247580              0.0107597249             0.00067537485           
       1.250221             0.00911078793            0.000617638292           
       1.252861             0.00906632171            0.000586557981           
       1.255501              0.0115066388            0.000717501824           
       1.258142              0.0112859844            0.000667725873           
       1.260782             0.00959322661            0.000628937593           
       1.263423             0.00978816787            0.000610447301           
       1.266063              0.0108767617            0.000659567124           
       1.268703             0.00949759968            0.000611219624           
       1.271344              0.0109188995            0.000677570413           
       1.273984              0.0104648336            0.000640648172           
       1.276624             0.00988682436            0.000611005805           
       1.279265               0.010204391            0.000631049436           
       1.281905              0.0105830323            0.000645502753           
       1.284546              0.0110739072            0.000638243031           
       1.287186              0.0105117773            0.000610084089           
       1.289826              0.0108560264            0.000653422284           
       1.292467              0.0104917428            0.000628217025           
       1.295107              0.0108707346            0.000633110698           
       1.297747              0.0116463808            0.000627075659           
       1.300388             0.00976640636            0.000625991793           
       1.303028              0.0118054962            0.000657040443           
       1.305669              0.0100316542            0.000620091835           
       1.308309              0.0105201005            0.000628755361           
       1.310949              0.0105216581            0.000628169981           
       1.313590              0.0111225833             0.00062567047           
       1.316230             0.00979528146            0.000626573781           
       1.318871              0.0106253319            0.000639123825           
       1.321511             0.00937961946            0.000589360545           
       1.324151              0.0114247632            0.000631163838           
       1.326792              0.0106189917            0.000612261376           
       1.329432              0.0120178701            0.000646745445           
       1.332072               0.011916873            0.000634424216           
       1.334713              0.0116856617            0.000648405531           
       1.337353              0.0104984304            0.000589399662           
       1.339994              0.0123986204            0.000672164535           
       1.342634              0.0112868192             0.00061498548           
       1.345274              0.0108261672            0.000623329038           
       1.347915              0.0114826582            0.000624222645           
       1.350555               0.010183058             0.00059813296           
       1.353195              0.0114227545            0.000636607665           
       1.355836              0.0114757966             0.00062813429           
       1.358476              0.0112751982            0.000604658696           
       1.361117              0.0111389191            0.000601818384           
       1.363757              0.0108956431            0.000613384666           
       1.366397              0.0112014758            0.000603113251           
       1.369038              0.0120950111            0.000632947028           
       1.371678              0.0112396863            0.000604777441           
       1.374319             0.00951938855            0.000551781548           
       1.376959              0.0117186613            0.000606054999           
       1.379599              0.0116508653            0.000647625907           
       1.382240              0.0114752659            0.000604066839           
       1.384880              0.0104088763            0.000609389088           
       1.387520              0.0104796986            0.000580721217           
       1.390161              0.0108358803            0.000560840241           
       1.392801              0.0105947521            0.000577802991           
       1.395442              0.0109148317            0.000594475876           
       1.398082              0.0101570893            0.000537029228           
       1.400722              0.0107379102            0.000578385882           
       1.403363              0.0121543494            0.000647732807           
       1.406003              0.0110935414            0.000579133468           
       1.408644              0.0105010031            0.000590255363           
       1.411284              0.0100537773            0.000546888091           
       1.413924               0.010905428            0.000567469023           
       1.416565              0.0106848304            0.000559493826           
       1.419205              0.0115085067            0.000605719726           
       1.421845              0.0117408294            0.000611443784           
       1.424486              0.0114924014            0.000581486709           
       1.427126              0.0108755083            0.000587616372           
       1.429767              0.0109768051             0.00055544441           
       1.432407              0.0106064109            0.000571394131           
       1.435047               0.011070145            0.000548239796           
       1.437688               0.011055993            0.000556081156           
       1.440328              0.0106877231            0.000558010889           
       1.442968              0.0114692939            0.000591005636           
       1.445609             0.00986070372            0.000530611913           
       1.448249              0.0102881651            0.000555713758           
       1.450890              0.0110031332             0.00057094787           
       1.453530              0.0113393621             0.00060638405           
       1.456170              0.0104106601            0.000563895498           
       1.458811              0.0105018606            0.000541565532           
       1.461451              0.0112431579             0.00056182339           
       1.464092             0.00999977785            0.000533311483           
       1.466732              0.0109396036            0.000553016924           
       1.469372              0.0107644641            0.000535733977           
       1.472013              0.0105393796            0.000571727002           
       1.474653              0.0115021062            0.000588055222           
       1.477293              0.0111212948            0.000590425971           
       1.479934              0.0106965799            0.000552527263           
       1.482574              0.0105780675            0.000531514656           
       1.485215              0.0107920085            0.000546861873           
       1.487855              0.0110009455            0.000559413721           
       1.490495              0.0116759922            0.000574199201           
       1.493136              0.0115505836            0.000563279121           
       1.495776              0.0108040023             0.00054229053           
       1.498416              0.0109212657            0.000563063747           
       1.501057              0.0101830342            0.000531718085           
       1.503697              0.0110619762            0.000541809752           
       1.506338              0.0107996686            0.000545130039           
       1.508978              0.0113644339             0.00055370275           
       1.511618              0.0112728331            0.000587309378           
       1.514259              0.0102324755             0.00054022162           
       1.516899              0.0106035869            0.000535450251           
       1.519540               0.010799502            0.000549088117           
       1.522180             0.00996496934            0.000532079541           
       1.524820              0.0109611902            0.000554911823           
       1.527461              0.0107551799            0.000552390938           
       1.530101              0.0102609492            0.000534153647           
       1.532741              0.0104660244            0.000536334316           
       1.535382              0.0106427055            0.000549549307           
       1.538022             0.00942554902            0.000487202242           
       1.540663              0.0112671032            0.000572924555           
       1.543303              0.0113495941            0.000533913626           
       1.545943              0.0105284488            0.000544281535           
       1.548584              0.0107575114             0.00056004642           
       1.551224             0.00965006944              0.0004904386           
       1.553864              0.0102907449            0.000535166769           
       1.556505              0.0103242248             0.00051782525           
       1.559145              0.0100999913            0.000518445062           
       1.561786              0.0103644808            0.000525593959           
       1.564426              0.0101568617             0.00050411946           
       1.567066              0.0098148447            0.000519250734           
       1.569707              0.0105348797            0.000528296799           
       1.572347              0.0107375161             0.00055100743           
       1.574988              0.0101422842            0.000509722591           
       1.577628             0.00957671409            0.000516482824           
       1.580268             0.00963182299            0.000501854602           
       1.582909             0.00974685495            0.000535112982           
       1.585549              0.0102479284            0.000532765645           
       1.588189              0.0110502943            0.000541154759           
       1.590830               0.010229564            0.000520017182           
       1.593470             0.00962592024            0.000524414646           
       1.596111             0.00957801281            0.000510715947           
       1.598751              0.0092042426            0.000485114767           
       1.601391             0.00928871594            0.000498087761           
       1.604032             0.00943341443            0.000512445741           
       1.606672              0.0103866473            0.000522439933           
       1.609312             0.00972379682            0.000527677354           
       1.611953             0.00959661121            0.000512977085           
       1.614593             0.00883683214            0.000482860036           
       1.617234             0.00929855656            0.000513332056           
       1.619874             0.00905901932            0.000504675518           
       1.622514             0.00896062435             0.00049508023           
       1.625155             0.00918553502            0.000504216115           
       1.627795             0.00864294524            0.000477113658           
       1.630436             0.00827770128            0.000464485499           
       1.633076             0.00903606658            0.000491661174           
       1.635716             0.00889124305            0.000480116986           
       1.638357             0.00848644771            0.000470296803           
       1.640997             0.00967782824            0.000517438039           
       1.643637             0.00964930759            0.000502783039           
       1.646278             0.00878712881            0.000494870572           
       1.648918             0.00854460411            0.000489324793           
       1.651559             0.00873095654            0.000498471021           
       1.654199             0.00926862843            0.000499511594           
       1.656839              0.0085303725            0.000479372819           
       1.659480             0.00999726877            0.000538443216           
       1.662120             0.00845912576            0.000466484172           
       1.664761             0.00874118267            0.000492568815           
       1.667401             0.00907274099            0.000479635902           
       1.670041             0.00982398794             0.00050670871           
       1.672682             0.00948024451            0.000495718955           
       1.675322             0.00878216549            0.000474050735           
       1.677962             0.00896175696            0.000473590684           
       1.680603             0.00899513198            0.000475931796           
       1.683243             0.00917765996             0.00050155869           
       1.685884             0.00892206194            0.000498177054           
       1.688524             0.00862250946            0.000480275875           
       1.691164             0.00825447354            0.000470020916           
       1.693805             0.00925209271            0.000503080361           
       1.696445             0.00860478408            0.000487976946           
       1.699085             0.00889570544            0.000479532145           
       1.701726             0.00892635157            0.000462740539           
       1.704366             0.00919940852            0.000494884378           
       1.707007             0.00869926849             0.00047051637           
       1.709647             0.00874508832            0.000477081425           
       1.712287             0.00874716436            0.000481291177           
       1.714928             0.00846022006            0.000477147426           
       1.717568             0.00973886579             0.00048224605           
       1.720209             0.00812140502            0.000461270145           
       1.722849             0.00874213613            0.000476112992           
       1.725489             0.00849189907            0.000469643355           
       1.728130             0.00853812973            0.000500456006           
       1.730770             0.00867445129            0.000479078039           
       1.733410             0.00920921433            0.000485865023           
       1.736051             0.00923251342            0.000489865365           
       1.738691             0.00802444515            0.000447435151           
       1.741332             0.00824140611            0.000466702561           
       1.743972             0.00795362157            0.000473460195           
       1.746612             0.00859652504            0.000472660189           
       1.749253             0.00832481531            0.000474316124           
       1.751893             0.00879301523             0.00048389367           
       1.754533              0.0090571503            0.000490649145           
       1.757174              0.0091354879            0.000488151946           
       1.759814             0.00775399095            0.000442912902           
       1.762455             0.00914042834            0.000489712506           
       1.765095             0.00887863869            0.000461712131           
       1.767735             0.00827065017            0.000459370803           
       1.770376             0.00814744285            0.000457138329           
       1.773016             0.00933022304            0.000485919335           
       1.775657             0.00832336468            0.000452348684           
       1.778297              0.0084247813            0.000451177403           
       1.780937             0.00915851168            0.000496522076           
       1.783578             0.00872466755            0.000472501599           
       1.786218             0.00883203946            0.000496132097           
       1.788858             0.00849415599            0.000462104529           
       1.791499             0.00900311525            0.000470404414           
       1.794139             0.00868578905            0.000458291433           
       1.796780             0.00936692186            0.000473627372           
       1.799420             0.00866133162            0.000452917371           
       1.802060             0.00883198515            0.000461051718           
       1.804701             0.00904788661            0.000447821445           
       1.807341             0.00979188203            0.000489527649           
       1.809981             0.00916542936            0.000475188689           
       1.812622              0.0091472533            0.000466170829           
       1.815262             0.00797139111            0.000444422048           
       1.817903             0.00853475973            0.000453044802           
       1.820543             0.00817722722            0.000450363971           
       1.823183             0.00866825553            0.000463433731           
       1.825824             0.00871741335            0.000443999449           
       1.828464             0.00813413207            0.000447134618           
       1.831105             0.00789924737            0.000428448981           
       1.833745             0.00714325864            0.000416132851           
       1.836385             0.00888575376            0.000477365996           
       1.839026             0.00776307154            0.000444781622           
       1.841666             0.00809100522            0.000452468725           
       1.844306             0.00779816568            0.000432084761           
       1.846947             0.00842004999             0.00045291883           
       1.849587             0.00789832573            0.000484389799           
       1.852228             0.00842121381            0.000452274687           
       1.854868             0.00861932222            0.000483348298           
       1.857508             0.00846707013            0.000474361761           
       1.860149             0.00809931103            0.000472374908           
       1.862789             0.00831775593            0.000462058802           
       1.865429             0.00802607014            0.000473786284           
       1.868070             0.00856183914            0.000482822207           
       1.870710             0.00813244346            0.000459710614           
       1.873351             0.00845625963            0.000474568726           
       1.875991             0.00835831637            0.000479512491           
       1.878631             0.00826907497            0.000467811189           
       1.881272              0.0089483631            0.000483386205           
       1.883912             0.00830610498            0.000484674904           
       1.886553             0.00796395737            0.000469281597           
       1.889193             0.00766590348            0.000459629649           
       1.891833             0.00861297248            0.000505971088           
       1.894474             0.00797775558            0.000482714895           
       1.897114             0.00943096877            0.000507878541           
       1.899754             0.00864870682            0.000488394349           
       1.902395             0.00829136636            0.000468849023           
       1.905035              0.0079277024            0.000485577238           
       1.907676             0.00823293514             0.00046638515           
       1.910316             0.00827875408            0.000480098874           
       1.912956             0.00779483652             0.00045560712           
       1.915597             0.00827973744            0.000472188858           
       1.918237              0.0077487023            0.000471758738           
       1.920878             0.00808352107            0.000479870724           
       1.923518             0.00758075177            0.000464905127           
       1.926158             0.00762336419            0.000460160178           
       1.928799             0.00734789206            0.000446540324           
       1.931439             0.00864250725            0.000496985192           
       1.934079             0.00806746062            0.000500561927           
       1.936720             0.00791962343            0.000459516058           
       1.939360             0.00778720188            0.000486123708           
       1.942001             0.00821797823             0.00045771519           
       1.944641             0.00779072856            0.000454436632           
       1.947281             0.00845327639            0.000469002501           
       1.949922             0.00743056779            0.000454189151           
       1.952562             0.00791541884            0.000483467111           
       1.955202             0.00794575613            0.000483802255           
       1.957843             0.00811954525            0.000476381634           
       1.960483             0.00804906646            0.000495890049           
       1.963124             0.00813817555            0.000488397874           
       1.965764             0.00755289698            0.000443702231           
       1.968404             0.00776988063            0.000445778496           
       1.971045             0.00808114966            0.000463508972           
       1.973685             0.00792886688            0.000481583628           
       1.976326             0.00850303015            0.000491861453           
       1.978966             0.00824583218            0.000488616188           
       1.981606             0.00794246654            0.000489545019           
       1.984247              0.0088387589            0.000513033684           
       1.986887             0.00757686143            0.000469311457           
       1.989527             0.00813724608            0.000481119277           
       1.992168             0.00752646842            0.000480101691           
       1.994808             0.00788397318            0.000489265444           
       1.997449             0.00704613343            0.000453039063           
       2.000089             0.00760151672            0.000468689354           
       2.002729             0.00754510642             0.00046722701           
       2.005370             0.00823116006            0.000482755892           
       2.008010             0.00737425693             0.00047687911           
       2.010650             0.00779356266            0.000493907687           
       2.013291             0.00783550882            0.000475150616           
       2.015931             0.00762351297            0.000465365713           
       2.018572             0.00818726545             0.00051582862           
       2.021212             0.00720349694            0.000475153454           
       2.023852             0.00780159805            0.000468007693           
       2.026493             0.00774722542            0.000487210585           
       2.029133             0.00808213321            0.000487615752           
       2.031774             0.00767972731            0.000498839541           
       2.034414             0.00826727325            0.000476236324           
       2.037054             0.00783575995            0.000475392885           
       2.039695             0.00690684649            0.000442954923           
       2.042335              0.0080988461            0.000498469401           
       2.044975             0.00709652207              0.0004609467           
       2.047616             0.00772353193            0.000479684568           
       2.050256             0.00809608606            0.000495765133           
       2.052897             0.00670696434            0.000459552341           
       2.055537             0.00879763072            0.000508674098           
       2.058177              0.0067342244            0.000435815675           
       2.060818             0.00729357323            0.000475133193           
       2.063458             0.00707807108            0.000487766282           
       2.066098             0.00696722018            0.000456509715           
       2.068739             0.00863164192            0.000516019013           
       2.071379             0.00658480185            0.000462457375           
       2.074020             0.00767274143            0.000488352186           
       2.076660             0.00789730331             0.00049945224           
       2.079300             0.00738805776            0.000494917159           
       2.081941              0.0077256732            0.000463391351           
       2.084581             0.00828475622            0.000506502832           
       2.087222             0.00824007211            0.000487154491           
       2.089862             0.00716625987            0.000494807425           
       2.092502             0.00692706663            0.000471572502           
       2.095143             0.00818572814            0.000529365233           
       2.097783              0.0080478543            0.000508180126           
       2.100423             0.00717962401             0.00046251059           
       2.103064             0.00733220685            0.000484989727           
       2.105704             0.00758701025            0.000490901097           
       2.108345              0.0072443974            0.000460852904           
       2.110985              0.0079638054            0.000516086136           
       2.113625             0.00674186854            0.000478988871           
       2.116266             0.00819288561            0.000535515496           
       2.118906             0.00680848549            0.000454955228           
       2.121546             0.00760055218            0.000471513111           
       2.124187             0.00769621758            0.000498048238           
       2.126827              0.0074525892            0.000495571739           
       2.129468             0.00738446798            0.000494561683           
       2.132108             0.00765531992            0.000489915753           
       2.134748             0.00761540729            0.000486741139           
       2.137389             0.00643274637            0.000466699596           
       2.140029              0.0074825839            0.000450624386           
       2.142670             0.00647261679             0.00044791273           
       2.145310             0.00751824995            0.000469857924           
       2.147950             0.00772092539            0.000490087051           
       2.150591             0.00673833441            0.000453214185           
       2.153231             0.00766092088            0.000497425978           
       2.155871             0.00614414737            0.000430353966           
       2.158512             0.00820720081            0.000518985791           
       2.161152             0.00711774383            0.000468167813           
       2.163793             0.00810951527            0.000497471563           
       2.166433             0.00703852184            0.000475923813           
       2.169073             0.00854238877            0.000512634989           
       2.171714             0.00708738416             0.00046344992           
       2.174354             0.00625146064            0.000454808398           
       2.176995             0.00744976002            0.000494399023           
       2.179635             0.00682937047            0.000500212736           
       2.182275             0.00838789634             0.00052340266           
       2.184916             0.00756711388            0.000480168054           
       2.187556             0.00689245985            0.000453670376           
       2.190196             0.00730468065            0.000488050327           
       2.192837             0.00752313117            0.000492599468           
       2.195477             0.00711977313             0.00045687174           
       2.198118             0.00733969386            0.000475760268           
       2.200758             0.00658540122            0.000462340549           
       2.203398             0.00723466049            0.000487696263           
       2.206039             0.00815854613            0.000490149437           
       2.208679              0.0075299594            0.000481847778           
       2.211319             0.00757232299             0.00048598745           
       2.213960             0.00818063327            0.000511898829           
       2.216600             0.00711726607            0.000493933415           
       2.219241             0.00776147086            0.000492968243           
       2.221881             0.00815275324            0.000506280377           
       2.224521             0.00736517886            0.000487102132           
       2.227162             0.00720458619            0.000472116393           
       2.229802             0.00740456498            0.000493606677           
       2.232443             0.00739900359            0.000485638587           
       2.235083             0.00662914993            0.000473239173           
       2.237723             0.00712939951            0.000470965322           
       2.240364             0.00759023941            0.000497920141           
       2.243004             0.00768492616            0.000497016877           
       2.245644             0.00748917877            0.000495557228           
       2.248285             0.00632756466            0.000446381802           
       2.250925             0.00704889821            0.000474000707           
       2.253566             0.00832819241             0.00055081093           
       2.256206             0.00693334247            0.000492523277           
       2.258846             0.00712940207            0.000475104134           
       2.261487             0.00674967615              0.0004852042           
       2.264127             0.00716477296            0.000482796801           
       2.266767             0.00720703843            0.000497119646           
       2.269408             0.00723689554            0.000500188237           
       2.272048             0.00768480593             0.00051235815           
       2.274689             0.00610320455             0.00046261658           
       2.277329             0.00721782228            0.000473691262           
       2.279969             0.00801065022            0.000531188259           
       2.282610             0.00695808239            0.000481292726           
       2.285250             0.00729177103            0.000471579184           
       2.287891             0.00750485274             0.00051293833           
       2.290531             0.00640941262             0.00048039931           
       2.293171             0.00769704508            0.000512807713           
       2.295812              0.0070447451             0.00048862529           
       2.298452             0.00700282177            0.000509449534           
       2.301092             0.00661995124            0.000460219674           
       2.303733             0.00678468572             0.00048470985           
       2.306373             0.00618740806            0.000470172852           
       2.309014             0.00689378383            0.000486604553           
       2.311654             0.00786346682            0.000542333675           
       2.314294             0.00721210444            0.000478512576           
       2.316935             0.00666103128            0.000461767802           
       2.319575             0.00808706229            0.000533106113           
       2.322215             0.00727893096            0.000527096512           
       2.324856             0.00717308632            0.000481074258           
       2.327496             0.00769104105            0.000529679534           
       2.330137             0.00749400018            0.000500328757           
       2.332777             0.00789163483            0.000529402123           
       2.335417             0.00694943063            0.000481964969           
       2.338058             0.00620345343            0.000468965564           
       2.340698             0.00796423938            0.000527193442           
       2.343339             0.00656006937            0.000488996195           
       2.345979             0.00747831551            0.000493947515           
       2.348619             0.00866213892            0.000551040147           
       2.351260             0.00615564584            0.000461816851           
       2.353900             0.00758207905            0.000510915618           
       2.356540             0.00779917679            0.000517442955           
       2.359181             0.00696985707            0.000482301218           
       2.361821             0.00666818125            0.000455696051           
       2.364462             0.00723685189            0.000496507875           
       2.367102              0.0071317773            0.000506523527           
       2.369742             0.00785909708            0.000559677264           
       2.372383             0.00765135491            0.000500043497           
       2.375023             0.00705583696            0.000504783473           
       2.377663             0.00695386533            0.000479146796           
       2.380304             0.00799194137            0.000522231696           
       2.382944              0.0070993355            0.000468809588           
       2.385585             0.00696923833            0.000495391067           
       2.388225             0.00676624697            0.000485829515           
       2.390865              0.0079989527            0.000522808082           
       2.393506             0.00700530221            0.000480028935           
       2.396146             0.00759377584            0.000540389654           
       2.398787             0.00663164465            0.000465393887           
       2.401427             0.00697104955            0.000460564216           
       2.404067             0.00690011971            0.000468435885           
       2.406708             0.00674341135            0.000457532865           
       2.409348             0.00715934164            0.000500045807           
       2.411988             0.00673944402            0.000475349797           
       2.414629             0.00691037817             0.00049633104           
       2.417269             0.00627033907            0.000478307485           
       2.419910             0.00637486417            0.000483396748           
       2.422550             0.00573350134            0.000438602794           
       2.425190             0.00742994042            0.000526305292           
       2.427831             0.00718351132            0.000514594634           
       2.430471             0.00687124501            0.000479476834           
       2.433112             0.00712893307            0.000475570426           
       2.435752             0.00735453769            0.000511203791           
       2.438392             0.00604884203            0.000447478081           
       2.441033             0.00691518425            0.000507061956           
       2.443673              0.0062843217            0.000483751252           
       2.446313             0.00741483136            0.000525927988           
       2.448954             0.00706016062             0.00048863396           
       2.451594             0.00761460628            0.000545635903           
       2.454235             0.00729217724            0.000500989767           
       2.456875             0.00725252775             0.00052278777           
       2.459515             0.00741172177            0.000542175569           
       2.462156               0.007146948             0.00050266282           
       2.464796             0.00813612778            0.000529402219           
       2.467436             0.00750283424            0.000525725955           
       2.470077              0.0068441803            0.000475918561           
       2.472717             0.00901273093            0.000548500886           
       2.475358             0.00803760043            0.000523380222           
       2.477998             0.00747117186            0.000496094556           
       2.480638             0.00722760791            0.000496611348           
       2.483279             0.00697318267            0.000509820629           
       2.485919             0.00798976515            0.000525924804           
       2.488560             0.00739451942            0.000504540972           
       2.491200             0.00715575111            0.000511087024           
       2.493840             0.00677952237            0.000526388278           
       2.496481             0.00666810819             0.00051350553           
       2.499121             0.00706566532            0.000514139845           
       2.501761             0.00644279512            0.000497460144           
       2.504402             0.00749622755            0.000528750373           
       2.507042              0.0072376156            0.000515700872           
       2.509683             0.00644973541            0.000479382608           
       2.512323             0.00735562998            0.000537666905           
       2.514963             0.00673228411            0.000508025707           
       2.517604             0.00706364966            0.000539972352           
       2.520244             0.00641702085             0.00048249831           
       2.522884             0.00644563212            0.000490488308           
       2.525525             0.00717034635            0.000523199755           
       2.528165             0.00763839995            0.000531588647           
       2.530806             0.00769124162            0.000542721927           
       2.533446             0.00677334298            0.000498437363           
       2.536086             0.00724320942             0.00051082245           
       2.538727             0.00682209216            0.000475597342           
       2.541367             0.00681298513            0.000479961523           
       2.544008             0.00702372692            0.000503291033           
       2.546648             0.00645683333            0.000490830253           
       2.549288             0.00710537818            0.000525382132           
       2.551929             0.00706409065             0.00051550317           
       2.554569              0.0073488129            0.000506554053           
       2.557209             0.00725279966            0.000507855663           
       2.559850             0.00637215598            0.000477554603           
       2.562490             0.00687059039            0.000512518927           
       2.565131             0.00675125376            0.000526767467           
       2.567771             0.00626404855             0.00048921409           
       2.570411              0.0080772249            0.000549512875           
       2.573052             0.00615591566            0.000485767322           
       2.575692             0.00718511501            0.000521628082           
       2.578332             0.00717753077            0.000523508635           
       2.580973             0.00731125399            0.000523335626           
       2.583613             0.00613459349            0.000467962655           
       2.586254             0.00694340418            0.000497164991           
       2.588894             0.00649241908            0.000499233969           
       2.591534             0.00658400481            0.000520433215           
       2.594175             0.00680476355             0.00051910208           
       2.596815              0.0063781368            0.000505529324           
       2.599456              0.0071812072            0.000508676636           
       2.602096              0.0074505716            0.000522072076           
       2.604736             0.00819561323            0.000560536981           
       2.607377             0.00745227861            0.000520426611           
       2.610017             0.00631091113            0.000470536917           
       2.612657              0.0057904842            0.000479406786           
       2.615298             0.00715447887            0.000520266087           
       2.617938              0.0068305515            0.000543806555           
       2.620579             0.00674141259            0.000518631224           
       2.623219             0.00648627054            0.000507997082           
       2.625859             0.00733238091            0.000525143228           
       2.628500             0.00723143403            0.000518097475           
       2.631140             0.00673254494            0.000507609335           
       2.633780             0.00687270005            0.000512419867           
       2.636421             0.00653270567            0.000511870067           
       2.639061             0.00713013481            0.000503418719           
       2.641702             0.00695065954            0.000508549308           
       2.644342             0.00675222241            0.000503373113           
       2.646982             0.00739535139            0.000518924804           
       2.649623             0.00751394653            0.000548155424           
       2.652263              0.0067675107            0.000514996169           
       2.654904             0.00707377957            0.000527050195           
       2.657544             0.00678215888            0.000486086183           
       2.660184             0.00721924132            0.000530738095           
       2.662825             0.00681574401            0.000527656849           
       2.665465             0.00764416419            0.000540456057           
       2.668105              0.0061519086            0.000511042158           
       2.670746             0.00788997097            0.000534639722           
       2.673386              0.0096770162            0.000610205383           
       2.676027             0.00814267599            0.000550759785           
       2.678667             0.00989409136            0.000592386523           
       2.681307              0.0104810874            0.000599070703           
       2.683948               0.014300121            0.000718963771           
       2.686588              0.0116971745            0.000639462502           
       2.689229              0.0117526177            0.000626335435           
       2.691869             0.00998160436            0.000610062013           
       2.694509             0.00881734572            0.000573695332           
       2.697150             0.00660984383            0.000488657088           
       2.699790             0.00757350755            0.000548360371           
       2.702430             0.00733017146            0.000515677136           
       2.705071             0.00699719437            0.000520611727           
       2.707711             0.00656891865            0.000489584875           
       2.710352              0.0067554027            0.000524599195           
       2.712992             0.00684472382            0.000537819746           
       2.715632              0.0061034603            0.000471196395           
       2.718273             0.00703076896             0.00052411697           
       2.720913             0.00670870608            0.000510515251           
       2.723553              0.0064265082            0.000503015124           
       2.726194             0.00718527008            0.000555991708           
       2.728834             0.00719063582             0.00055646022           
       2.731475             0.00834211258            0.000553157672           
       2.734115              0.0077080887            0.000548223766           
       2.736755             0.00712074189            0.000531259965           
       2.739396             0.00727707416            0.000533948431           
       2.742036             0.00643746316            0.000525586104           
       2.744677             0.00701526992            0.000532358053           
       2.747317             0.00843359289            0.000579535466           
       2.749957             0.00652949007            0.000513511879           
       2.752598              0.0074514022             0.00055452059           
       2.755238             0.00768931031            0.000573472292           
       2.757878             0.00891114679            0.000611958125           
       2.760519             0.00829838298            0.000584281494           
       2.763159             0.00752711294            0.000550906339           
       2.765800             0.00717497844            0.000512577627           
       2.768440              0.0076923794            0.000534647284           
       2.771080             0.00761396937            0.000536355372           
       2.773721             0.00631262221             0.00050097155           
       2.776361             0.00690228368            0.000531074116           
       2.779001             0.00736086712            0.000567957472           
       2.781642             0.00746144692            0.000567610561           
       2.784282             0.00783490858            0.000591206689           
       2.786923             0.00711838981            0.000568486807           
       2.789563             0.00671787072            0.000531893375           
       2.792203             0.00713464617            0.000523634428           
       2.794844             0.00653861201            0.000549400232           
       2.797484             0.00635939598             0.00051134466           
       2.800125             0.00680947977            0.000556380859           
       2.802765             0.00693719957            0.000551913429           
       2.805405             0.00671354427             0.00054478135           
       2.808046             0.00704163509            0.000567742518           
       2.810686             0.00566922027            0.000468098102           
       2.813326             0.00646255975            0.000519131848           
       2.815967             0.00691439941            0.000552240907           
       2.818607             0.00658199845            0.000514166035           
       2.821248             0.00603832708             0.00048224923           
       2.823888             0.00729914255            0.000550372982           
       2.826528             0.00625770248            0.000493521534           
       2.829169              0.0065338827            0.000528220328           
       2.831809             0.00710366391            0.000558262148           
       2.834449             0.00665375143            0.000543708651           
       2.837090             0.00724266405            0.000547883151           
       2.839730             0.00668942355            0.000523971316           
       2.842371             0.00591487892            0.000493415101           
       2.845011             0.00751600375            0.000560636068           
       2.847651             0.00717910292            0.000548599847           
       2.850292             0.00669692818            0.000535056764           
       2.852932             0.00659331007            0.000542471413           
       2.855573             0.00646001368            0.000520866209           
       2.858213             0.00736116731             0.00058387821           
       2.860853             0.00688659578            0.000525341171           
       2.863494             0.00710712777            0.000552557891           
       2.866134             0.00779029752             0.00060128511           
       2.868774              0.0062719844            0.000530235571           
       2.871415             0.00741223109            0.000585401019           
       2.874055             0.00718690257            0.000550999592           
       2.876696              0.0064204418            0.000534876908           
       2.879336             0.00669284253            0.000526340882           
       2.881976              0.0073540218             0.00056906839           
       2.884617             0.00643810864             0.00052463297           
       2.887257             0.00664779395            0.000535859675           
       2.889897             0.00774483247            0.000566482955           
       2.892538             0.00761544375            0.000615378427           
       2.895178             0.00758979438            0.000555016369           
       2.897819              0.0063344081            0.000517231141           
       2.900459              0.0066988033            0.000521553185           
       2.903099             0.00687125929            0.000522817063           
       2.905740             0.00640560108            0.000517850973           
       2.908380             0.00667493096            0.000534632074           
       2.911021             0.00672273641            0.000545266485           
       2.913661             0.00701691618            0.000556901997           
       2.916301              0.0069594048            0.000555143992           
       2.918942             0.00696593378            0.000531257905           
       2.921582             0.00638373727            0.000532113798           
       2.924222              0.0068221401            0.000532923542           
       2.926863             0.00755546649             0.00058417455           
       2.929503             0.00822851469            0.000616861617           
       2.932144             0.00591980783            0.000502255145           
       2.934784             0.00817422656            0.000580515353           
       2.937424             0.00715903234            0.000548849939           
       2.940065             0.00685472963            0.000512303101           
       2.942705             0.00684297373            0.000511221434           
       2.945346             0.00667016804            0.000535641193           
       2.947986             0.00617258719            0.000525402335           
       2.950626              0.0060578508            0.000517565746           
       2.953267             0.00740698704            0.000563057422           
       2.955907             0.00653723035            0.000548730832           
       2.958547             0.00668572414             0.00052388057           
       2.961188             0.00727254609            0.000570035442           
       2.963828             0.00654147681            0.000528831672           
       2.966469             0.00696521726            0.000535321102           
       2.969109             0.00679063839            0.000536401351           
       2.971749             0.00598310677            0.000500357223           
       2.974390             0.00828359855            0.000578548485           
       2.977030             0.00760718037            0.000566814486           
       2.979670              0.0086275088            0.000587147718           
       2.982311             0.00956619776            0.000640800102           
       2.984951             0.00835573148            0.000569594549           
       2.987592             0.00796421559             0.00056722803           
       2.990232             0.00651270664            0.000533452529           
       2.992872             0.00835714712            0.000569205242           
       2.995513             0.00775906105             0.00053657378           
       2.998153              0.0130377368            0.000707232236           
       3.000794              0.0116286708            0.000646951419           
       3.003434             0.00970416581             0.00059188996           
       3.006074              0.0206733888            0.000851799942           
       3.008715              0.0673363284             0.00148396924           
       3.011355               0.248389074             0.00274845712           
       3.013995               0.205617635             0.00250745359           
       3.016636                0.11380932             0.00182675128           
       3.019276               0.142287148             0.00200778808           
       3.021917               0.512130082               0.003662658           
       3.024557                1.15138152             0.00539940408           
       3.027197                1.05310336             0.00503445974           
       3.029838               0.713397538             0.00420242696           
       3.032478               0.285533751             0.00266136508           
       3.035118              0.0732657894             0.00136619953           
       3.037759              0.0665720217              0.0013006148           
       3.040399              0.0898028276             0.00155821571           
       3.043040               0.286005136             0.00281488356           
       3.045680               0.365714227             0.00299480536           
       3.048320               0.142590399             0.00191068891           
       3.050961               0.152269955             0.00200926715           
       3.053601               0.100787995             0.00157440311           
       3.056242               0.092338399             0.00160222226           
       3.058882               0.094491166             0.00173862819           
       3.061522              0.0681762339             0.00144893664           
       3.064163              0.0857693612              0.0016047059           
       3.066803               0.155503946             0.00227478115           
       3.069443               0.106907662             0.00197338291           
       3.072084              0.0388960319             0.00115904294           
       3.074724              0.0444464647             0.00138366153           
       3.077365              0.0463773822             0.00146311329           
       3.080005              0.0100654694            0.000685481655           
       3.082645              0.0143267086            0.000859127758           
       3.085286              0.0139519101            0.000854504511           
       3.087926              0.0115167021            0.000770373701           
       3.090566              0.0116187665            0.000758154871           
       3.093207               0.013423728            0.000848007639           
       3.095847             0.00834291816            0.000640777649           
       3.098488             0.00828363705            0.000707983947           
       3.101128              0.0100398374            0.000784440954           
       3.103768             0.00836799215            0.000702682433           
       3.106409              0.0102848188            0.000829083351           
       3.109049             0.00991153971             0.00078105842           
       3.111690             0.00961935936            0.000756250755           
       3.114330              0.0086217402            0.000731193274           
       3.116970             0.00673424207            0.000651179149           
       3.119611             0.00908809132            0.000805213819           
       3.122251              0.0143121912             0.00105699654           
       3.124891               0.029670909             0.00153607539           
       3.127532              0.0262314676             0.00141294904           
       3.130172              0.0192773896             0.00123219534           
       3.132813             0.00920293707            0.000838145045           
       3.135453             0.00802796313            0.000776365911           
       3.138093              0.0073045185            0.000802421705           
       3.140734             0.00645137986            0.000695722093           
       3.143374             0.00830751064            0.000834916945           
       3.146014             0.00708422445            0.000830015895           
       3.148655             0.00713078223            0.000774107894           
       3.151295             0.00618563387            0.000768320067           
       3.153936             0.00676856408            0.000776357785           
       3.156576             0.00656029854            0.000753924068           
       3.159216             0.00760976903            0.000816053032           
       3.161857              0.0055198644              0.0006921907           
       3.164497             0.00564484639            0.000735480652           
       3.167138             0.00715374243             0.00085548964           
       3.169778             0.00531697907            0.000725368638           
       3.172418             0.00572316928            0.000744911187           
       3.175059             0.00646573563            0.000701931368           
       3.177699             0.00520854309            0.000667136897           
       3.180339             0.00567971131            0.000746415598           
       3.182980             0.00638249938            0.000818070672           
       3.185620             0.00543197303            0.000768597502           
       3.188261             0.00631482407            0.000843495171           
       3.190901             0.00608857062            0.000761746464           
       3.193541             0.00565701017            0.000771523754           
       3.196182             0.00571088151            0.000807857759           
       3.198822             0.00525179778            0.000774966382           
       3.201463             0.00530223735            0.000765263431           
       3.204103             0.00501281721            0.000739557494           
       3.206743             0.00435466719            0.000689235641           
       3.209384             0.00544904211            0.000832991896           
       3.212024              0.0050763608            0.000749581691           
       3.214664              0.0047109264             0.00082112783           
       3.217305             0.00528824235            0.000826983729           
       3.219945             0.00381026787            0.000722509135           
       3.222586             0.00559536053            0.000833944281           
       3.225226             0.00519512602            0.000891430258           
       3.227866             0.00703550538            0.000948152947           
       3.230507             0.00601981188            0.000909153618           
       3.233147             0.00571760232            0.000893193526           
       3.235787             0.00464214911            0.000823631527           
       3.238428             0.00612011599             0.00102052964           
       3.241068             0.00667979788            0.000996924218           
       3.243709             0.00636637882             0.00100552724           
       3.246349             0.00672329408            0.000941975811           
       3.248989             0.00480174411            0.000939974784           
       3.251630             0.00528014869            0.000949191323           
       3.254270             0.00722266678            0.000992168067           
       3.256911             0.00485795793            0.000887834985           
       3.259551             0.00431852346            0.000901203842           
       3.262191             0.00370724099            0.000852899654           
       3.264832             0.00599170718             0.00113292678           
       3.267472             0.00337992533            0.000798238595           
       3.270112             0.00410620875             0.00097232632           
       3.272753             0.00365618232            0.000839808443           
       3.275393             0.00399020249             0.00089518389           
       3.278034             0.00621345263             0.00111770122           
       3.280674             0.00663324157             0.00125316267           
       3.283314             0.00567881064             0.00103700978           
       3.285955              0.0046475712            0.000967953441           
       3.288595             0.00552448076             0.00117409114           
       3.291235             0.00634454401             0.00129343851           
       3.293876              0.0059323662             0.00126869117           
       3.296516             0.00398519676            0.000998270426           
       3.299157             0.00536701328             0.00114392647           
       3.301797              0.0104920224             0.00182442929           
       3.304437             0.00451562318             0.00103696753           
       3.307078             0.00488719142              0.0011883511           
       3.309718             0.00679168638             0.00144596976           
       3.312359             0.00677883064             0.00144494376           
       3.314999              0.0059644391              0.0013344742           
       3.317639             0.00520967561             0.00119277875           
       3.320280             0.00370567221             0.00106956116           
       3.322920             0.00605523106             0.00139022869           
       3.325560             0.00570316354             0.00135012429           
       3.328201             0.00568376231             0.00121387966           
       3.330841             0.00731440119             0.00167594575           
       3.333482             0.00513700458             0.00132758655           
       3.336122             0.00442721656             0.00123302772           
       3.338762              0.0059315597             0.00164866389           
       3.341403             0.00546278015             0.00151183157           
       3.344043             0.00531585353             0.00143183045           
       3.346683             0.00481210138             0.00139079635           
       3.349324             0.00864107964             0.00209543205           
       3.351964             0.00620499826             0.00187769681           
       3.354605             0.00672750253             0.00223602051           
       3.357245             0.00539324179             0.00180605741           
       3.359885             0.00506743536             0.00140115534           
       3.362526             0.00419158011             0.00159359991           
       3.365166             0.00703845935              0.0019477358           
       3.367807             0.00352475842             0.00176399327           
       3.370447             0.00425896439             0.00160845115           
       3.373087             0.00832023635             0.00240409131           
       3.375728             0.00621304179             0.00234463095           
       3.378368             0.00985240404             0.00438190907           
       3.381008             0.00540990876             0.00242083596           
       3.383649             0.00894682341             0.00249740676           
       3.386289              0.0087894277             0.00292964967           
       3.388930           -2.61050076e-05                         0           
       3.391570             0.00487365274             0.00244100397           
       3.394210             0.00786075261              0.0039232251           
       3.396851             0.00486887231             0.00345381564           
       3.399491             0.00243190755             0.00244163409           
       3.402131           -2.62146156e-05                         0           
       3.404772             0.00957936589             0.00969821255           
       3.407412                       nan                       nan           
       3.410053           -2.62918659e-05                         0           
       3.412693                       nan                       nan           
       3.415333              0.0178772688              0.0132776938           
