################################################################################
# EDF_DataBlockID                     0.Image.Psd
# EDF_BinarySize                      2105344
# EDF_HeaderSize                      2560
# ByteOrder                           LowByteFirst
# DataType                            FloatValue
# Dim_1                               512
# Dim_2                               1028
# Image                               0
# HeaderID                            EH:000000:000000:000000
# Size                                2105344
# Center_1                            304.9000
# Center_2                            588.7000
# Comment                             Xenocs_Cell_Window - 20251028_20perc_iodine_1.23mg
# DDummy                              0.6
# Date                                2025-11-02T13:38:26
# Delta                               21.910000
# Dummy                               -1.5
# ExposureTime                        360
# Gamma                               15.360000
# Intensity1                          8.81158e-10
# PSize_1                             7.5e-05
# PSize_2                             7.5e-05
# Pressure                            0.0325403
# SampleDistance                      0.115750
# SampleEnvKind                       large
# SampleEnvPN                         ElectroChemical cell
# SampleEnvSN                         1141
# Thickness                           0
# Wavelength                          1.541891e-10
# Wavelength                          1.54189e-10
# aux                                 0
# aux_dial                            0.002375
# beamx                               588.434
# beamx_dial                          588.434
# beamz                               657.808
# beamz_dial                          657.808
# det0x                               0
# det0x_dial                          6.36945
# det0xvd                             0
# det0xvd_dial                        0
# det0y                               450.002
# det0y_dial                          481.635
# det0z                               0
# det0z_dial                          1.23302
# det0zvd                             0
# det0zvd_dial                        0
# mag                                 1.818
# mag_dial                            1.818
# om                                  0.2499
# om_dial                             -0.610199
# phi                                 -0.0120535
# phi_dial                            0
# ry                                  0.599993
# ry_dial                             0.599993
# s1bot                               0.8
# s1bot_dial                          -1.66094
# s1hl                                0.8
# s1hl_dial                           -0.608437
# s1hr                                0.8
# s1hr_dial                           0.970938
# s1top                               0.8
# s1top_dial                          -0.461562
# s2bot                               0.45
# s2bot_dial                          1.36109
# s2hl                                0.45
# s2hl_dial                           -0.83375
# s2hr                                0.45
# s2hr_dial                           -0.118594
# s2top                               0.45
# s2top_dial                          1.44734
# w2theta                             32
# w2theta_dial                        32
# waxsch                              19.2605
# waxsch_dial                         -32.7355
# waxsh                               137.085
# waxsh_dial                          -43.5338
# waxsth                              26.0607
# waxsth_dial                         -19.4086
# waxsz                               67.0407
# waxsz_dial                          -23.7954
# wind                                65.9854
# wind_dial                           66.0041
# wpsi                                124
# wpsi_dial                           124
# wstod                               115
# wstod_dial                          115
# x                                   0
# x_dial                              1.00969
# z                                   0
# z_dial                              13.3172
# CountCutoff                         6807993
# DetectorModel                       Dectris EIGER2 Si 500K, S/N E-01-0554
# ThresholdSetting                    4023.88989258
# Saturation                          0
# FlatField                           Corrected
# BackgroundReductionExtra            0.02
# BackgroundCorrectionConstant        0.0026712
# Detector                            0
# Monitor                             0
# Pil_Roi0                            0
# SumForIntensity1                    3.17217e+08
# TransmittedFlux                     881158
# det                                 0
# mon                                 0
# pilai0                              3.17217e+08
# pilai1                              796495
# pilct0                              5.47985e+08
# pilct1                              796495
# pilroi0                             0
# pilroi1                             0
# sec                                 1
# title                               20251028_20perc_iodine_1.23mg_1_01084.edf
# usaxs0                              0
# Operation                           Azimuthal average I(q)
# Error_model                         ErrorModel.poisson
# Geometrical_correction              True
# Transmission_correction             True
# Thickness_correction                False
# Binning mode                        Uniform
# Binning factor                      1.0
# Psi                                 0.0
# Omega                               0.2499
# MaskInvalidPixels                   True
# DetectorEdge                        3
# MaskFiles                           ['WAXS_corrected.edf']
################################################################################
    q(A⁻¹)                Intensity(a.u.)            Sigma_I(a.u.)            
       0.693100             0.00802372913             0.00588268107           
       0.695741              0.0162764132             0.00683713644           
       0.698381              0.0123836727             0.00730520626           
       0.701021             0.00855449235             0.00858335463           
       0.703662              0.0110898008             0.00564106717           
       0.706302              0.0083799888             0.00379645513           
       0.708942              0.0111400132              0.0056496359           
       0.711583             0.00429058139             0.00303613776           
       0.714223              0.0113767914             0.00570785876           
       0.716864             0.00610603179             0.00273598452           
       0.719504              0.0028549326             0.00201883065           
       0.722144             0.00853243307             0.00323210323           
       0.724785               0.010119466             0.00280775352           
       0.727425             0.00998938447              0.0037738931           
       0.730065             0.00994322578             0.00266333071           
       0.732706             0.00754402464             0.00194810221           
       0.735346             0.00678359834             0.00240804371           
       0.737987             0.00721356303             0.00175471379           
       0.740627             0.00375377283              0.0018886516           
       0.743267             0.00677209391             0.00169911003           
       0.745908             0.00806732344             0.00201202548           
       0.748548              0.0046639307             0.00141013021           
       0.751189             0.00853885244             0.00257098449           
       0.753829             0.00459030259             0.00173278814           
       0.756469             0.00508018459             0.00146993423           
       0.759110             0.00517694327             0.00156374305           
       0.761750             0.00806999751             0.00172633889           
       0.764390             0.00846338989             0.00185040586           
       0.767031             0.00817991202             0.00157531822           
       0.769671             0.00379393151             0.00133829965           
       0.772312             0.00654617949             0.00133830138           
       0.774952             0.00647959199             0.00179801586           
       0.777592             0.00607385179             0.00126796999           
       0.780233             0.00846274628             0.00180574454           
       0.782873             0.00664114302             0.00152990582           
       0.785513               0.005237935             0.00145253668           
       0.788154              0.0058890748             0.00128841111           
       0.790794             0.00522960358             0.00145152442           
       0.793435             0.00586484864              0.0013809202           
       0.796075             0.00933674044              0.0016784329           
       0.798715              0.0075433785             0.00178279758           
       0.801356             0.00770930409              0.0015511814           
       0.803996             0.00775423733             0.00158605141           
       0.806637             0.00780091756              0.0012659973           
       0.809277             0.00700739152             0.00129873176           
       0.811917             0.00737113462             0.00124522001           
       0.814558              0.0067963878             0.00124270445           
       0.817198             0.00698277541             0.00119670706           
       0.819838             0.00629270983             0.00114975387           
       0.822479             0.00814154402             0.00153570754           
       0.825119             0.00859425704              0.0013429289           
       0.827760             0.00818029183             0.00132716856           
       0.830400             0.00815384771             0.00124709113           
       0.833040             0.00750556247             0.00125355148           
       0.835681             0.00810792451             0.00148115493           
       0.838321             0.00763895027             0.00120669135           
       0.840961              0.0061013903              0.0011750051           
       0.843602             0.00773392287             0.00121314845           
       0.846242             0.00854660382             0.00127510525           
       0.848883              0.0063930256             0.00112857193           
       0.851523             0.00776835511             0.00122860429           
       0.854163             0.00702022334             0.00124205873           
       0.856804             0.00691130568             0.00110808392           
       0.859444             0.00936518702              0.0012638376           
       0.862085             0.00982614602             0.00134926323           
       0.864725             0.00603960561              0.0010825636           
       0.867365             0.00684839291             0.00106895485           
       0.870006             0.00845517942             0.00113183815           
       0.872646             0.00765151495             0.00112907393           
       0.875286             0.00752023755             0.00107688035           
       0.877927              0.0059964258             0.00092790654           
       0.880567             0.00709264695             0.00104551543           
       0.883208             0.00677610132             0.00101229102           
       0.885848             0.00717535312             0.00108158415           
       0.888488             0.00801278777             0.00107202461           
       0.891129             0.00751364947             0.00106591011           
       0.893769             0.00734670976             0.00100870761           
       0.896410             0.00839502174             0.00100533068           
       0.899050             0.00728338599              0.0010297932           
       0.901690             0.00777863279             0.00115925435           
       0.904331             0.00936855994             0.00112789646           
       0.906971             0.00767015245              0.0010856984           
       0.909611              0.0086483559             0.00104946532           
       0.912252             0.00853848435             0.00107707979           
       0.914892             0.00841690954              0.0011686091           
       0.917533             0.00766419726             0.00105491078           
       0.920173             0.00774849776            0.000984117846           
       0.922813             0.00561176233            0.000878868319           
       0.925454             0.00702244609            0.000885296629           
       0.928094             0.00711054533             0.00095103882           
       0.930734             0.00824471252             0.00110253706           
       0.933375             0.00519091531            0.000866237333           
       0.936015             0.00784399562            0.000967100769           
       0.938656             0.00866820605              0.0010906157           
       0.941296             0.00608982687            0.000828456629           
       0.943936             0.00682805971            0.000860264908           
       0.946577             0.00799727942             0.00092485567           
       0.949217             0.00741617574            0.000819006602           
       0.951858             0.00752875805            0.000863819404           
       0.954498             0.00903660119             0.00109541382           
       0.957138             0.00774727666            0.000960874508           
       0.959779             0.00752829675             0.00093374197           
       0.962419             0.00832029589            0.000975100697           
       0.965059             0.00858426605             0.00104169211           
       0.967700             0.00860677776             0.00106829746           
       0.970340             0.00663449558            0.000829985601           
       0.972981             0.00635720932            0.000740225386           
       0.975621             0.00918714465            0.000946656205           
       0.978261             0.00772624244            0.000824878842           
       0.980902              0.0062697545            0.000889049338           
       0.983542             0.00789804481            0.000883651297           
       0.986182             0.00772588994            0.000858056117           
       0.988823             0.00862649576            0.000880397184           
       0.991463              0.0080838887            0.000909271442           
       0.994104             0.00728910305            0.000842276265           
       0.996744             0.00710200131            0.000848017196           
       0.999384             0.00793697652            0.000801755276           
       1.002025             0.00888040725            0.000946556025           
       1.004665             0.00709712982            0.000773318961           
       1.007306             0.00784089362            0.000808670122           
       1.009946             0.00843129957            0.000855217295           
       1.012586             0.00856352976            0.000839437406           
       1.015227             0.00853004658            0.000900053804           
       1.017867             0.00817559911            0.000846851386           
       1.020507             0.00758598068            0.000790157807           
       1.023148             0.00659452205            0.000794935846           
       1.025788             0.00933906792            0.000867409499           
       1.028429             0.00628464749            0.000745478428           
       1.031069              0.0070478849            0.000742901756           
       1.033709             0.00794605333            0.000838517233           
       1.036350             0.00826776455            0.000768197256           
       1.038990              0.0080719487            0.000772994169           
       1.041630             0.00919176363            0.000860349601           
       1.044271             0.00804608558            0.000757024419           
       1.046911             0.00971142966            0.000874824692           
       1.049552              0.0081745587            0.000843257308           
       1.052192             0.00791843934            0.000757842267           
       1.054832             0.00887628942            0.000809669174           
       1.057473             0.00704286105            0.000710968485           
       1.060113             0.00751003756            0.000716015734           
       1.062754             0.00846952386            0.000776335152           
       1.065394              0.0088169649            0.000837453101           
       1.068034             0.00751201767            0.000703323593           
       1.070675             0.00789658081            0.000752197509           
       1.073315             0.00848591224            0.000790938041           
       1.075955             0.00828740922            0.000737905729           
       1.078596             0.00862576344            0.000800096675           
       1.081236             0.00912099448            0.000787831195           
       1.083877             0.00989903068            0.000813382711           
       1.086517             0.00882623003            0.000823568165           
       1.089157             0.00736168623             0.00078043292           
       1.091798             0.00794466379            0.000710794176           
       1.094438              0.0101806442            0.000802028403           
       1.097078             0.00883657364            0.000716655096           
       1.099719             0.00821717998            0.000747510949           
       1.102359             0.00937587706            0.000747782744           
       1.105000             0.00798859077            0.000771830744           
       1.107640             0.00878523877            0.000773919035           
       1.110280             0.00833048482            0.000687623095           
       1.112921             0.00865815272            0.000753042772           
       1.115561             0.00895274927            0.000727778295           
       1.118202             0.00717016231             0.00065192016           
       1.120842             0.00778926394            0.000714140263           
       1.123482             0.00831251911            0.000734514966           
       1.126123             0.00893788157            0.000730543524           
       1.128763             0.00689361896            0.000645981281           
       1.131403             0.00859816264            0.000695167479           
       1.134044             0.00780011082            0.000681323563           
       1.136684             0.00853631206            0.000759916729           
       1.139325             0.00848577158             0.00069795903           
       1.141965             0.00878964397            0.000715041957           
       1.144605             0.00924998047            0.000699420466           
       1.147246             0.00934548218             0.00071948199           
       1.149886             0.00869068161            0.000691355664           
       1.152527              0.0110226497            0.000789928237           
       1.155167             0.00793676358            0.000637553193           
       1.157807             0.00952839985            0.000748982463           
       1.160448             0.00911132318            0.000715214024           
       1.163088             0.00893667517            0.000675638924           
       1.165728              0.0101213597            0.000738240155           
       1.168369             0.00880297116            0.000694843053           
       1.171009             0.00881796868            0.000674900511           
       1.173650             0.00896495862             0.00069835766           
       1.176290             0.00851650065            0.000665163818           
       1.178930             0.00873468367            0.000660219028           
       1.181571             0.00924315075            0.000692631758           
       1.184211             0.00996749988            0.000721809517           
       1.186851             0.00943889006            0.000686734967           
       1.189492              0.0104119641            0.000716412956           
       1.192132             0.00890002211            0.000654926116           
       1.194773             0.00812537545            0.000628509573           
       1.197413              0.0100953839             0.00067124534           
       1.200053              0.0101973264            0.000691767139           
       1.202694             0.00924847101            0.000626478427           
       1.205334             0.00960776519            0.000688137128           
       1.207975             0.00950859689            0.000653447624           
       1.210615             0.00906125779            0.000703702696           
       1.213255              0.0102471736             0.00067011825           
       1.215896             0.00999086318            0.000673673467           
       1.218536             0.00908853667            0.000617822239           
       1.221176              0.0103318419            0.000716171344           
       1.223817             0.00982231205            0.000655495321           
       1.226457             0.00968426298            0.000663985309           
       1.229098              0.0088399044            0.000634348342           
       1.231738             0.00964543307            0.000665881714           
       1.234378             0.00858025992            0.000590136803           
       1.237019              0.0103189287             0.00066690472           
       1.239659              0.0103184645            0.000661080435           
       1.242299              0.0106293223            0.000662439826           
       1.244940             0.00944688542            0.000607373134           
       1.247580              0.0103299888            0.000654551219           
       1.250221              0.0103102333             0.00064989007           
       1.252861             0.00912494113             0.00058204938           
       1.255501             0.00998838647            0.000661219795           
       1.258142              0.0101515222            0.000626388065           
       1.260782              0.0102787841             0.00064394012           
       1.263423              0.0107641304            0.000633193369           
       1.266063              0.0103589743            0.000636673805           
       1.268703              0.0100572396            0.000622127166           
       1.271344              0.0108575394            0.000668313317           
       1.273984              0.0102023512            0.000625681005           
       1.276624             0.00967041039            0.000597707614           
       1.279265             0.00986936403            0.000613852219           
       1.281905              0.0108504052             0.00064649538           
       1.284546              0.0108296267            0.000624297787           
       1.287186                0.01010885            0.000591768588           
       1.289826              0.0100775437            0.000622709153           
       1.292467              0.0109708296            0.000635411437           
       1.295107              0.0103073385            0.000609779591           
       1.297747              0.0100811511            0.000577070563           
       1.300388             0.00991350953            0.000623827288           
       1.303028              0.0100554917            0.000599792519           
       1.305669              0.0111698197             0.00064720554           
       1.308309              0.0104827598              0.0006208104           
       1.310949                0.01182548            0.000658709436           
       1.313590             0.00986084787            0.000582705829           
       1.316230              0.0105703099            0.000643808977           
       1.318871              0.0105391681            0.000629602334           
       1.321511              0.0116958629            0.000650959535           
       1.324151              0.0110668909            0.000614441767           
       1.326792              0.0115704983            0.000632150756           
       1.329432              0.0108696646            0.000608383051           
       1.332072              0.0112265496            0.000609075536           
       1.334713             0.00980400328             0.00058745038           
       1.337353              0.0117703438            0.000617293466           
       1.339994              0.0111124066            0.000629422675           
       1.342634              0.0122861866             0.00063465403           
       1.345274              0.0111829032            0.000626623513           
       1.347915              0.0116033448            0.000620667932           
       1.350555              0.0113459388            0.000624493977           
       1.353195             0.00976015011              0.0005820551           
       1.355836              0.0117133782            0.000627699196           
       1.358476              0.0115073615            0.000604206648           
       1.361117              0.0113229814            0.000600169237           
       1.363757               0.010822671            0.000604676539           
       1.366397              0.0118292669            0.000613041072           
       1.369038              0.0109509698            0.000595716911           
       1.371678              0.0110999711            0.000594468465           
       1.374319              0.0113410324            0.000595714748           
       1.376959              0.0107035263            0.000572909318           
       1.379599              0.0124166974            0.000661298567           
       1.382240              0.0114552949            0.000596975024           
       1.384880               0.010609459            0.000608539507           
       1.387520              0.0109082966            0.000586031791           
       1.390161              0.0112299735            0.000564736482           
       1.392801              0.0111116878            0.000585293647           
       1.395442              0.0102650103            0.000570236244           
       1.398082              0.0107740896            0.000547082709           
       1.400722              0.0114290244            0.000590217103           
       1.403363              0.0108001853            0.000603941743           
       1.406003              0.0107190322            0.000563080848           
       1.408644              0.0107510864            0.000590745108           
       1.411284              0.0118127671            0.000586352885           
       1.413924              0.0114229539            0.000574459508           
       1.416565              0.0109680388            0.000560693319           
       1.419205              0.0115045622            0.000599027399           
       1.421845              0.0101432501            0.000562140817           
       1.424486              0.0113823468            0.000572400118           
       1.427126               0.011566693            0.000599408807           
       1.429767              0.0106251377            0.000540529394           
       1.432407              0.0105551608            0.000563810797           
       1.435047              0.0107721695             0.00053492747           
       1.437688              0.0111628586            0.000552683401           
       1.440328              0.0113752244            0.000569415746           
       1.442968              0.0107742572             0.00056658668           
       1.445609              0.0111868284             0.00055901819           
       1.448249              0.0114842694             0.00058074206           
       1.450890              0.0110038106            0.000564753895           
       1.453530              0.0106503437             0.00058127906           
       1.456170              0.0107481237            0.000566728731           
       1.458811              0.0100322897            0.000523561055           
       1.461451              0.0103852435            0.000534088728           
       1.464092               0.010308311             0.00053558564           
       1.466732              0.0113218756             0.00055647573           
       1.469372              0.0113962375            0.000545234264           
       1.472013               0.010972099            0.000576999517           
       1.474653               0.011179345            0.000573438721           
       1.477293               0.011220946            0.000586613323           
       1.479934              0.0108881456            0.000551388382           
       1.482574              0.0108883309             0.00053338665           
       1.485215              0.0111658457            0.000550201444           
       1.487855              0.0107932245            0.000548078949           
       1.490495              0.0115633723            0.000565206764           
       1.493136              0.0102048607            0.000523690432           
       1.495776               0.010781593            0.000535834366           
       1.498416              0.0108177425            0.000554292254           
       1.501057              0.0107991051            0.000541609312           
       1.503697              0.0104055952            0.000519772537           
       1.506338              0.0105056527             0.00053180918           
       1.508978              0.0109085692            0.000536581979           
       1.511618             0.00991095071            0.000544700111           
       1.514259              0.0117453407            0.000572484619           
       1.516899              0.0103465446             0.00052316635           
       1.519540              0.0113755968            0.000557412478           
       1.522180             0.00974330837              0.0005204047           
       1.524820              0.0110975162            0.000552277593           
       1.527461              0.0115491159            0.000566189075           
       1.530101               0.011020294             0.00054754325           
       1.532741              0.0110851864            0.000545966031           
       1.535382              0.0115164014            0.000565442501           
       1.538022               0.010008341            0.000496576778           
       1.540663             0.00956776736            0.000522210997           
       1.543303               0.010330865            0.000503846901           
       1.545943             0.00966201279            0.000515732642           
       1.548584              0.0111753094             0.00056460836           
       1.551224              0.0110655108            0.000519462939           
       1.553864              0.0100966856            0.000524329819           
       1.556505              0.0104068367            0.000514236949           
       1.559145              0.0102843232            0.000517463248           
       1.561786              0.0111834426             0.00054002486           
       1.564426              0.0101261864            0.000497881584           
       1.567066              0.0106559088            0.000535155581           
       1.569707              0.0105506435            0.000522940253           
       1.572347             0.00952185981              0.0005132345           
       1.574988             0.00858803269             0.00046394046           
       1.577628             0.00988711621            0.000519077078           
       1.580268             0.00976029254             0.00049969441           
       1.582909              0.0106920835            0.000554362464           
       1.585549              0.0102427246            0.000526835859           
       1.588189              0.0102152436            0.000514645682           
       1.590830             0.00981628347            0.000503862557           
       1.593470              0.0104540629            0.000540562168           
       1.596111             0.00953373006            0.000503990728           
       1.598751             0.00946730476            0.000486645884           
       1.601391              0.0097935754            0.000505880658           
       1.604032              0.0104553328            0.000533619599           
       1.606672             0.00935289951            0.000490366978           
       1.609312             0.00926950194            0.000509598485           
       1.611953             0.00901578464            0.000491801885           
       1.614593              0.0104818295            0.000520164747           
       1.617234             0.00882454015            0.000494636394           
       1.619874             0.00925148597            0.000504460077           
       1.622514             0.00863536051            0.000480724321           
       1.625155             0.00901236753            0.000494007281           
       1.627795             0.00980208544             0.00050257354           
       1.630436               0.010532614            0.000518244592           
       1.633076             0.00886818044            0.000481773461           
       1.635716             0.00939431461            0.000488143813           
       1.638357             0.00935851825            0.000488497125           
       1.640997              0.0089585211            0.000492421455           
       1.643637               0.010151347            0.000510086453           
       1.646278             0.00845773675            0.000480224844           
       1.648918             0.00855658311            0.000484340565           
       1.651559             0.00810032057            0.000474908032           
       1.654199             0.00835754196            0.000469165997           
       1.656839             0.00935511106            0.000496550348           
       1.659480             0.00840111281             0.00048822166           
       1.662120             0.00804511084            0.000449976255           
       1.664761             0.00842641314            0.000478357512           
       1.667401             0.00934675129            0.000481528703           
       1.670041              0.0091112876            0.000482673823           
       1.672682             0.00961195846            0.000493720441           
       1.675322             0.00908892566            0.000477012435           
       1.677962             0.00925464868            0.000476031781           
       1.680603             0.00899109638            0.000470648508           
       1.683243             0.00874661333            0.000484311913           
       1.685884             0.00985238171            0.000517810827           
       1.688524             0.00848399863            0.000471219915           
       1.691164             0.00960297979            0.000501446854           
       1.693805             0.00985641542            0.000513601502           
       1.696445             0.00897701106            0.000492997374           
       1.699085             0.00911098756            0.000480020367           
       1.701726             0.00905501565             0.00046099325           
       1.704366             0.00989141067            0.000507577449           
       1.707007             0.00868859408            0.000465111988           
       1.709647             0.00929152613             0.00048641095           
       1.712287             0.00938051525            0.000492988755           
       1.714928             0.00859018655            0.000475567824           
       1.717568             0.00943453655            0.000469487662           
       1.720209             0.00886329724            0.000476635985           
       1.722849             0.00878298282            0.000472032255           
       1.725489             0.00853477881            0.000465705444           
       1.728130              0.0086566016            0.000498433996           
       1.730770             0.00886866019            0.000479141374           
       1.733410             0.00795237895            0.000446583105           
       1.736051              0.0092801585            0.000485784739           
       1.738691             0.00873748512            0.000461812015           
       1.741332             0.00957609851            0.000497603284           
       1.743972             0.00835828874            0.000480075016           
       1.746612              0.0089857135            0.000477983881           
       1.749253             0.00847118524            0.000473262489           
       1.751893             0.00875697049            0.000477647359           
       1.754533             0.00973388772            0.000503115659           
       1.757174             0.00785891572            0.000447836902           
       1.759814             0.00830734239            0.000453457042           
       1.762455             0.00931833492            0.000489076153           
       1.765095             0.00809132817            0.000435970809           
       1.767735             0.00864441529            0.000464526809           
       1.770376             0.00849576694            0.000461729561           
       1.773016             0.00863775207            0.000462453365           
       1.775657             0.00911797668            0.000468298232           
       1.778297             0.00902467752            0.000461884382           
       1.780937             0.00898360854            0.000486408247           
       1.783578               0.009290942            0.000482289851           
       1.786218             0.00868623125            0.000486667032           
       1.788858             0.00917669841            0.000475086564           
       1.791499             0.00814017322            0.000442426586           
       1.794139              0.0091487927            0.000465230741           
       1.796780             0.00871224231            0.000451806763           
       1.799420             0.00888871505             0.00045383245           
       1.802060              0.0088989348            0.000457761118           
       1.804701             0.00906480855            0.000443363605           
       1.807341              0.0092347006            0.000470224182           
       1.809981             0.00855627059            0.000454131212           
       1.812622             0.00935409589            0.000466283513           
       1.815262             0.00879565342            0.000461755419           
       1.817903             0.00898387928            0.000459755429           
       1.820543             0.00944017861            0.000478630226           
       1.823183             0.00836739809            0.000450366847           
       1.825824             0.00899657745             0.00044614567           
       1.828464             0.00904047142            0.000466259435           
       1.831105             0.00812737662            0.000429863786           
       1.833745             0.00844457948            0.000447530086           
       1.836385              0.0083895688            0.000458800173           
       1.839026             0.00815601625             0.00045093972           
       1.841666             0.00791389233            0.000442620784           
       1.844306             0.00831369614            0.000441285039           
       1.846947             0.00862172278              0.0004533248           
       1.849587             0.00900369023            0.000511548894           
       1.852228             0.00803051976            0.000436853854           
       1.854868             0.00813831925            0.000464558495           
       1.857508              0.0080560161            0.000457670233           
       1.860149              0.0076855795            0.000455145759           
       1.862789             0.00811498547             0.00045142691           
       1.865429             0.00809143509            0.000470536368           
       1.868070             0.00779755234            0.000455755862           
       1.870710             0.00912616401            0.000481689909           
       1.873351             0.00833105137            0.000465917772           
       1.875991              0.0082106068            0.000470086261           
       1.878631             0.00793603556            0.000453307967           
       1.881272             0.00864923247            0.000470067957           
       1.883912             0.00813186385            0.000474347137           
       1.886553             0.00811619392            0.000468591792           
       1.889193             0.00775875685            0.000457374389           
       1.891833             0.00842408849            0.000494948532           
       1.894474              0.0074545754            0.000461541973           
       1.897114             0.00751271405            0.000448362776           
       1.899754             0.00803804451            0.000465714388           
       1.902395             0.00743626414            0.000439184269           
       1.905035             0.00717787916            0.000457016765           
       1.907676             0.00779975096             0.00044901117           
       1.910316             0.00739985117            0.000448961498           
       1.912956             0.00755590471            0.000443690002           
       1.915597             0.00761326313            0.000447860006           
       1.918237             0.00752403076            0.000459811846           
       1.920878             0.00856895553            0.000488694354           
       1.923518             0.00904196681            0.000502214285           
       1.926158             0.00846852519            0.000479721298           
       1.928799             0.00833577937            0.000470437371           
       1.931439             0.00759885573            0.000460942849           
       1.934079             0.00921104557            0.000529045789           
       1.936720               0.007061856            0.000429197581           
       1.939360             0.00735975882            0.000467452284           
       1.942001             0.00750156235             0.00043255178           
       1.944641             0.00740639857             0.00043826546           
       1.947281             0.00794251852             0.00044966714           
       1.949922             0.00734070338            0.000446523174           
       1.952562             0.00744841156            0.000463885959           
       1.955202             0.00820908241            0.000486403834           
       1.957843             0.00753606752            0.000453953069           
       1.960483             0.00829693036            0.000497990168           
       1.963124             0.00825342231            0.000486493096           
       1.965764             0.00809726146            0.000454415695           
       1.968404              0.0076704275            0.000438097864           
       1.971045             0.00741503295            0.000439164799           
       1.973685             0.00747445425             0.00046249315           
       1.976326             0.00817704499            0.000477093535           
       1.978966             0.00816296287            0.000480865839           
       1.981606             0.00797114507            0.000485092662           
       1.984247             0.00758101896            0.000469962751           
       1.986887             0.00763393885            0.000465950983           
       1.989527             0.00731494499            0.000451199879           
       1.992168             0.00796415685            0.000488491404           
       1.994808             0.00697815343              0.0004552937           
       1.997449             0.00746132728            0.000461123943           
       2.000089             0.00724056609            0.000452450041           
       2.002729             0.00883028565            0.000499956296           
       2.005370             0.00822186488            0.000477234285           
       2.008010             0.00832264683             0.00050110566           
       2.010650             0.00792512982            0.000492640794           
       2.013291             0.00736971443             0.00045579802           
       2.015931             0.00762999872            0.000460498747           
       2.018572             0.00730165234            0.000481832382           
       2.021212             0.00771447771            0.000486367869           
       2.023852             0.00679505195            0.000432023137           
       2.026493             0.00814882189            0.000494242903           
       2.029133             0.00819766557            0.000485745999           
       2.031774             0.00761574683             0.00049135302           
       2.034414             0.00772984943            0.000455487327           
       2.037054             0.00827481521              0.0004832153           
       2.039695             0.00638827012            0.000421367151           
       2.042335             0.00705220166            0.000460085665           
       2.044975             0.00731979902            0.000463048967           
       2.047616             0.00796060334            0.000481692824           
       2.050256             0.00783263783            0.000482327311           
       2.052897             0.00658351067            0.000450349999           
       2.055537             0.00736232457            0.000460271039           
       2.058177             0.00871660695            0.000490435835           
       2.060818             0.00679563687            0.000453638274           
       2.063458              0.0075202707            0.000497302293           
       2.066098             0.00815328439            0.000488467824           
       2.068739             0.00760232823            0.000479006839           
       2.071379             0.00803997077            0.000505448601           
       2.074020             0.00744257929            0.000475739267           
       2.076660             0.00641557611            0.000445268319           
       2.079300             0.00771321015             0.00050018926           
       2.081941             0.00753871128            0.000452770082           
       2.084581             0.00814820725             0.00049684675           
       2.087222             0.00769354648            0.000465601001           
       2.089862             0.00721645699            0.000491135532           
       2.092502             0.00728393391            0.000478306407           
       2.095143             0.00699670929            0.000484086622           
       2.097783             0.00709641157            0.000472004817           
       2.100423             0.00891598479             0.00050980595           
       2.103064             0.00725074723            0.000477041297           
       2.105704             0.00705496988            0.000468226143           
       2.108345             0.00780069036            0.000473017409           
       2.110985             0.00752550776            0.000496225624           
       2.113625             0.00623443138            0.000455599372           
       2.116266             0.00826035117             0.00053186604           
       2.118906              0.0068061701            0.000449929232           
       2.121546             0.00705775297            0.000449421492           
       2.124187             0.00746512675              0.0004851776           
       2.126827              0.0072252883            0.000482647366           
       2.129468             0.00740057729            0.000489714618           
       2.132108             0.00863182902            0.000514565371           
       2.134748              0.0070548188            0.000463386981           
       2.137389               0.007780321            0.000507676871           
       2.140029             0.00653901553            0.000416672163           
       2.142670             0.00831617111            0.000502185971           
       2.145310             0.00764620719            0.000468684526           
       2.147950             0.00718433013            0.000467607103           
       2.150591              0.0076200138            0.000476710263           
       2.153231              0.0079342649             0.00050071515           
       2.155871             0.00698199479            0.000453768315           
       2.158512             0.00693259208            0.000471796996           
       2.161152              0.0066920417            0.000449013196           
       2.163793             0.00705533259            0.000458964365           
       2.166433             0.00743037196            0.000483672495           
       2.169073             0.00744224277            0.000473281909           
       2.171714             0.00738677018            0.000467989951           
       2.174354             0.00754190669            0.000494114628           
       2.176995             0.00829153822            0.000515909381           
       2.179635             0.00660751118            0.000486667979           
       2.182275             0.00679317438            0.000465902659           
       2.184916             0.00707538425            0.000459253583           
       2.187556              0.0073020039            0.000461874237           
       2.190196              0.0075983854            0.000492350132           
       2.192837             0.00718903796            0.000476298726           
       2.195477              0.0074275215            0.000461564699           
       2.198118             0.00709414004            0.000462645652           
       2.200758             0.00804544392            0.000505469877           
       2.203398             0.00733906138             0.00048585874           
       2.206039              0.0080002149            0.000480089665           
       2.208679             0.00715457358            0.000464573924           
       2.211319             0.00687209275            0.000457935598           
       2.213960             0.00721201027            0.000475409933           
       2.216600             0.00684778401            0.000479221444           
       2.219241               0.007480241            0.000478689754           
       2.221881             0.00768169172            0.000486090118           
       2.224521             0.00841267525            0.000514926039           
       2.227162              0.0066036119            0.000447079483           
       2.229802             0.00817487274            0.000513004484           
       2.232443             0.00667128083            0.000456121547           
       2.235083             0.00787163798             0.00051007464           
       2.237723             0.00660574038            0.000448407238           
       2.240364             0.00757879371            0.000492131778           
       2.243004             0.00688845457             0.00046543774           
       2.245644             0.00704319193            0.000475347142           
       2.248285             0.00749679975            0.000480590907           
       2.250925             0.00725211389            0.000475554272           
       2.253566              0.0074876535            0.000516594114           
       2.256206             0.00654553755            0.000473344683           
       2.258846             0.00700997092            0.000465982678           
       2.261487             0.00708483506            0.000491696781           
       2.264127             0.00641081814            0.000451719986           
       2.266767             0.00692304025            0.000481925987           
       2.269408              0.0069450306            0.000484667405           
       2.272048             0.00745337634            0.000499094899           
       2.274689             0.00642789293            0.000469597696           
       2.277329             0.00715363387            0.000466449944           
       2.279969             0.00721470597            0.000498624152           
       2.282610             0.00800269736            0.000510542758           
       2.285250             0.00749972417            0.000473053402           
       2.287891             0.00731358889            0.000500851233           
       2.290531             0.00687453423              0.0004921124           
       2.293171             0.00719713299            0.000490480456           
       2.295812             0.00763493661            0.000503147624           
       2.298452             0.00676826731             0.00049539634           
       2.301092             0.00691979563            0.000465407983           
       2.303733             0.00636393714            0.000464332763           
       2.306373             0.00679909883            0.000487504081           
       2.309014              0.0075614851            0.000504080965           
       2.311654             0.00797840657            0.000540339895           
       2.314294             0.00687213332            0.000462016569           
       2.316935             0.00718098775            0.000474235884           
       2.319575             0.00608289107            0.000457322635           
       2.322215             0.00709619845              0.0005147764           
       2.324856             0.00700733525            0.000470310795           
       2.327496             0.00767004991            0.000523201683           
       2.330137             0.00716327585            0.000483842332           
       2.332777              0.0071576826            0.000498698217           
       2.335417             0.00664176047            0.000466049316           
       2.338058             0.00582631371            0.000449542268           
       2.340698             0.00693100001            0.000486457838           
       2.343339             0.00635448133            0.000476037019           
       2.345979             0.00861596709            0.000524421319           
       2.348619               0.006785429            0.000482401593           
       2.351260             0.00776117602            0.000512915873           
       2.353900             0.00695115899            0.000483874845           
       2.356540             0.00688447849            0.000480864846           
       2.359181             0.00803862145            0.000512326265           
       2.361821             0.00667835495            0.000451082237           
       2.364462             0.00734549411            0.000494778952           
       2.367102             0.00678837319            0.000488802029           
       2.369742             0.00701574439            0.000523043279           
       2.372383             0.00645863821            0.000454421111           
       2.375023              0.0076754939            0.000520754982           
       2.377663             0.00768945222            0.000498370768           
       2.380304             0.00698887236            0.000483047731           
       2.382944             0.00690585795            0.000457347032           
       2.385585             0.00761956892            0.000512353991           
       2.388225             0.00727993484            0.000498451754           
       2.390865             0.00692546876             0.00048117131           
       2.393506             0.00776064424            0.000499749393           
       2.396146             0.00712273128            0.000517667415           
       2.398787             0.00638957535            0.000451851219           
       2.401427             0.00669911613                0.00044658           
       2.404067             0.00706830415            0.000468952515           
       2.406708             0.00800161297             0.00049297018           
       2.409348             0.00717430647             0.00049512245           
       2.411988             0.00626636514             0.00045337601           
       2.414629             0.00772230361             0.00051897134           
       2.417269             0.00720519098            0.000507146955           
       2.419910             0.00674828381            0.000491942491           
       2.422550             0.00771637538            0.000503289092           
       2.425190             0.00737829381            0.000518767133           
       2.427831              0.0071053021            0.000506217956           
       2.430471             0.00624950273            0.000452295277           
       2.433112             0.00702029591            0.000466798756           
       2.435752             0.00660466904            0.000479171872           
       2.438392             0.00795846932            0.000507691425           
       2.441033             0.00639734685            0.000482401343           
       2.443673             0.00648132189            0.000485930437           
       2.446313              0.0067844718            0.000497603096           
       2.448954             0.00744406483            0.000496284646           
       2.451594             0.00794416827            0.000551255379           
       2.454235             0.00731171719            0.000496202959           
       2.456875             0.00714128109            0.000513119114           
       2.459515             0.00783438669            0.000551356249           
       2.462156               0.007223708            0.000499857201           
       2.464796               0.007121001             0.00048988801           
       2.467436             0.00764030178            0.000524748745           
       2.470077             0.00725832749            0.000484774326           
       2.472717             0.00795941714            0.000509846184           
       2.475358             0.00772570547            0.000507542698           
       2.477998             0.00760023866            0.000494917856           
       2.480638             0.00810715101            0.000520238978           
       2.483279             0.00664309582            0.000492194268           
       2.485919             0.00754886385            0.000505646322           
       2.488560             0.00699402837            0.000485349478           
       2.491200             0.00671687901            0.000489779285           
       2.493840             0.00711677018            0.000533454694           
       2.496481             0.00773996385            0.000547220907           
       2.499121             0.00717787675            0.000512568767           
       2.501761             0.00788879692            0.000544472473           
       2.504402               0.006120943            0.000472593651           
       2.507042             0.00697799916            0.000500858415           
       2.509683             0.00819067835             0.00053434367           
       2.512323             0.00753742505            0.000538349459           
       2.514963             0.00630213581            0.000486180751           
       2.517604             0.00718849915            0.000538797374           
       2.520244             0.00698764847            0.000498016813           
       2.522884             0.00744139402            0.000521281679           
       2.525525             0.00956503116            0.000597709377           
       2.528165              0.0079524334            0.000536505193           
       2.530806             0.00805578115            0.000549392061           
       2.533446              0.0062295432            0.000472809905           
       2.536086              0.0071934992            0.000503528392           
       2.538727             0.00702383015             0.00047732814           
       2.541367             0.00703190212             0.00048230695           
       2.544008             0.00764346987             0.00051931405           
       2.546648             0.00661081694            0.000491245415           
       2.549288             0.00745125457            0.000532164389           
       2.551929             0.00595131856            0.000468014401           
       2.554569             0.00627492711            0.000462989297           
       2.557209             0.00740997326            0.000507744455           
       2.559850             0.00626151522             0.00046824049           
       2.562490             0.00657629082            0.000495967015           
       2.565131             0.00708411205            0.000533726602           
       2.567771             0.00747440702            0.000528578118           
       2.570411             0.00676316876            0.000497360517           
       2.573052             0.00689168317             0.00050838652           
       2.575692              0.0060022194            0.000471573556           
       2.578332             0.00821767705             0.00055406442           
       2.580973             0.00660686086             0.00049207506           
       2.583613             0.00691512865            0.000491436991           
       2.586254             0.00759859739            0.000514434922           
       2.588894             0.00665354652            0.000499892779           
       2.591534             0.00705281533            0.000532783298           
       2.594175             0.00697522764            0.000519846174           
       2.596815             0.00740287962            0.000538702748           
       2.599456             0.00677608588            0.000488744543           
       2.602096              0.0067926499            0.000493065588           
       2.604736             0.00644897725            0.000491822479           
       2.607377             0.00704182403             0.00050038807           
       2.610017             0.00592804398            0.000451079187           
       2.612657             0.00613288407            0.000488009778           
       2.615298             0.00703394783            0.000510252917           
       2.617938             0.00746220504            0.000562211276           
       2.620579             0.00678764866            0.000514745184           
       2.623219             0.00692699258            0.000519260706           
       2.625859             0.00666008586            0.000495044892           
       2.628500             0.00657501423            0.000488649006           
       2.631140             0.00681030464            0.000504978222           
       2.633780             0.00823483079            0.000554803272           
       2.636421              0.0078919385            0.000556486257           
       2.639061             0.00781251236            0.000521225024           
       2.641702             0.00742582675            0.000519926407           
       2.644342             0.00638623912             0.00048421545           
       2.646982             0.00673505108            0.000489829435           
       2.649623             0.00778094519            0.000551740994           
       2.652263             0.00701621516            0.000518669107           
       2.654904             0.00745541632             0.00053519442           
       2.657544             0.00684491496            0.000483017354           
       2.660184              0.0074092734            0.000531828615           
       2.662825             0.00737583627            0.000542937685           
       2.665465             0.00683920693             0.00050564727           
       2.668105             0.00738549664            0.000553848589           
       2.670746             0.00672851421            0.000488351489           
       2.673386             0.00845862682            0.000564292973           
       2.676027             0.00777894021            0.000532461573           
       2.678667              0.0100051313             0.00058922073           
       2.681307              0.0119586976             0.00063294542           
       2.683948              0.0147384109            0.000721957928           
       2.686588               0.011752157            0.000633990573           
       2.689229             0.00872662148            0.000533841284           
       2.691869              0.0101398827            0.000608190571           
       2.694509             0.00918963468            0.000579309852           
       2.697150             0.00831301372            0.000542047395           
       2.699790             0.00822719101            0.000565317891           
       2.702430             0.00746445337            0.000514717843           
       2.705071             0.00711810457            0.000519378023           
       2.707711             0.00686312287            0.000494984213           
       2.710352             0.00700842647            0.000528520295           
       2.712992             0.00773650622            0.000565562529           
       2.715632             0.00687209224            0.000494547256           
       2.718273             0.00710690651            0.000521214536           
       2.720913             0.00643900258             0.00049470699           
       2.723553             0.00743636621            0.000535208872           
       2.726194             0.00635454843             0.00051717619           
       2.728834             0.00688868644            0.000538726196           
       2.731475             0.00828770902            0.000545352833           
       2.734115             0.00760109629            0.000538483045           
       2.736755              0.0069816362            0.000520322354           
       2.739396             0.00735447911            0.000530941025           
       2.742036             0.00676268578            0.000532838393           
       2.744677             0.00662086361            0.000511550325           
       2.747317             0.00715945772            0.000528157165           
       2.749957             0.00665476963             0.00051277493           
       2.752598             0.00819142228            0.000575079307           
       2.755238             0.00860556189            0.000600078091           
       2.757878             0.00818215269            0.000580013505           
       2.760519             0.00767882916             0.00055593281           
       2.763159              0.0117080887            0.000679604061           
       2.765800             0.00723612193             0.00050915697           
       2.768440             0.00825861591            0.000547948902           
       2.771080              0.0085297753            0.000561520061           
       2.773721             0.00780185406            0.000550879339           
       2.776361             0.00755167354            0.000549451984           
       2.779001             0.00775407315            0.000576588114           
       2.781642             0.00700260503            0.000543898881           
       2.784282             0.00601491613            0.000512373393           
       2.786923             0.00710898766            0.000561930748           
       2.789563             0.00731640545            0.000549043876           
       2.792203             0.00757975205            0.000533849551           
       2.794844             0.00694067361            0.000559881703           
       2.797484             0.00642576966            0.000508414323           
       2.800125              0.0076130856            0.000581895474           
       2.802765             0.00682779766            0.000541587457           
       2.805405             0.00648124703            0.000529450058           
       2.808046              0.0078769668            0.000593941374           
       2.810686             0.00687035087            0.000509699353           
       2.813326             0.00701612062            0.000535024069           
       2.815967              0.0065068693            0.000529891305           
       2.818607             0.00611734147             0.00049029252           
       2.821248             0.00681996743            0.000506936761           
       2.823888             0.00616811076            0.000500433846           
       2.826528             0.00851760108            0.000569517022           
       2.829169             0.00663062978             0.00052632772           
       2.831809              0.0079080616            0.000582614663           
       2.834449             0.00712329866            0.000556445895           
       2.837090             0.00762537362            0.000556056277           
       2.839730             0.00783677158            0.000560959063           
       2.842371             0.00688368765            0.000526501357           
       2.845011             0.00702694158            0.000536191742           
       2.847651             0.00623675248            0.000505765564           
       2.850292             0.00706715597            0.000543668018           
       2.852932             0.00575025999            0.000501092909           
       2.855573             0.00657004152            0.000519568642           
       2.858213             0.00756970468            0.000585649533           
       2.860853             0.00766899191            0.000548349802           
       2.863494             0.00649746277            0.000522579096           
       2.866134             0.00779820905            0.000595045634           
       2.868774             0.00648341802            0.000533233954           
       2.871415             0.00719288897            0.000570400748           
       2.874055             0.00743654511            0.000554390036           
       2.876696              0.0064059584            0.000528460897           
       2.879336             0.00714375448            0.000537866468           
       2.881976             0.00741528863            0.000565217299           
       2.884617             0.00785778636            0.000573292087           
       2.887257             0.00722718421            0.000552645036           
       2.889897             0.00749656647            0.000551266295           
       2.892538             0.00735410968            0.000598148642           
       2.895178             0.00725541297            0.000536749026           
       2.897819             0.00780328547             0.00056783192           
       2.900459             0.00711291299            0.000531585525           
       2.903099             0.00711672477            0.000526285106           
       2.905740             0.00672644596            0.000524888539           
       2.908380             0.00771200586            0.000568413921           
       2.911021             0.00649502005            0.000530121502           
       2.913661             0.00643088113            0.000527339474           
       2.916301             0.00836437521            0.000601985121           
       2.918942             0.00708585658            0.000529982248           
       2.921582             0.00680812025            0.000543538156           
       2.924222             0.00700466337            0.000534130813           
       2.926863             0.00712388244             0.00056107352           
       2.929503             0.00678201089            0.000553931005           
       2.932144             0.00629061532            0.000512113899           
       2.934784             0.00685722954            0.000525913268           
       2.937424             0.00703830323            0.000538281996           
       2.940065               0.006224811            0.000482885666           
       2.942705              0.0070686885             0.00051393175           
       2.945346             0.00733727029             0.00055567678           
       2.947986             0.00691616046            0.000550098324           
       2.950626             0.00658340143            0.000533679864           
       2.953267             0.00657460616            0.000524706176           
       2.955907             0.00752941448            0.000582495374           
       2.958547             0.00746728174            0.000547631906           
       2.961188             0.00638518598            0.000528317265           
       2.963828             0.00748669109            0.000559595123           
       2.966469             0.00644774278            0.000509448503           
       2.969109             0.00720859409            0.000546649879           
       2.971749              0.0073263749            0.000547659689           
       2.974390             0.00807320867            0.000564940536           
       2.977030             0.00723502838            0.000546762365           
       2.979670             0.00933343351            0.000604052659           
       2.982311              0.0082669794            0.000589217629           
       2.984951              0.0075230861            0.000534590224           
       2.987592             0.00774745817            0.000553369488           
       2.990232             0.00684471969            0.000540931489           
       2.992872             0.00748141642            0.000532698153           
       2.995513             0.00871393044            0.000562446626           
       2.998153              0.0105840688            0.000630284578           
       3.000794              0.0119673869            0.000649165912           
       3.003434              0.0114956957            0.000637204607           
       3.006074              0.0449633413             0.00124254025           
       3.008715               0.120311039             0.00196201503           
       3.011355               0.184655656              0.0023439775           
       3.013995              0.0923912555             0.00166252264           
       3.016636              0.0607597189             0.00132022452           
       3.019276               0.127752607             0.00188178209           
       3.021917               0.481277357             0.00351199063           
       3.024557                1.64249161             0.00637877365           
       3.027197                1.15216005             0.00520862615           
       3.029838               0.510088078             0.00351484653           
       3.032478               0.266662595             0.00254393604           
       3.035118              0.0703128193             0.00132382378           
       3.037759              0.0981954001             0.00156242003           
       3.040399                0.13590544             0.00189605269           
       3.043040               0.527556939             0.00378144334           
       3.045680               0.397185858             0.00308705219           
       3.048320               0.086621047             0.00147301091           
       3.050961               0.106860884             0.00166490465           
       3.053601              0.0846338189             0.00142702938           
       3.056242              0.0554588763             0.00122819276           
       3.058882              0.0474840371             0.00121908599           
       3.061522              0.0347163107             0.00102270195           
       3.064163              0.0419456064             0.00110999752           
       3.066803              0.0988468515             0.00179390625           
       3.069443                 0.1040806             0.00192593333           
       3.072084              0.0566652703             0.00138374087           
       3.074724              0.0392762467               0.001286547           
       3.077365              0.0808568982             0.00191087725           
       3.080005              0.0196806616            0.000948086746           
       3.082645              0.0091030245            0.000677371316           
       3.085286              0.0127885321            0.000809202626           
       3.087926             0.00934805517            0.000686510881           
       3.090566              0.0102862896            0.000705596962           
       3.093207              0.0102085268             0.00073146599           
       3.095847             0.00866497706            0.000645924089           
       3.098488              0.0087726317            0.000720654724           
       3.101128             0.00953623658            0.000756196805           
       3.103768             0.00894253029             0.00071850217           
       3.106409              0.0105219761            0.000829464754           
       3.109049              0.0089140701            0.000732656467           
       3.111690             0.00842959118            0.000700237577           
       3.114330             0.00896229388            0.000737384019           
       3.116970             0.00733915135            0.000672401162           
       3.119611              0.0118666564            0.000910098651           
       3.122251              0.0189102414             0.00120176194           
       3.124891              0.0348133289             0.00164577057           
       3.127532              0.0236528533             0.00132710835           
       3.130172               0.012335046            0.000974934064           
       3.132813             0.00773315634            0.000759947797           
       3.135453             0.00820406337            0.000776296603           
       3.138093             0.00646657447            0.000746781279           
       3.140734               0.006533238            0.000692505357           
       3.143374             0.00804141733            0.000812500305           
       3.146014             0.00627998728            0.000772981401           
       3.148655              0.0057381969            0.000686862873           
       3.151295             0.00663122507            0.000786858001           
       3.153936             0.00548245716            0.000691115562           
       3.156576             0.00498406846            0.000649990808           
       3.159216              0.0053015092            0.000673723683           
       3.161857             0.00634453587             0.00073402507           
       3.164497             0.00776383853            0.000853164635           
       3.167138             0.00860400273             0.00092799959           
       3.169778             0.00617713236            0.000773337663           
       3.172418             0.00701641501            0.000815817927           
       3.175059             0.00588980398            0.000662651994           
       3.177699             0.00540880467            0.000672445185           
       3.180339             0.00738959434            0.000842126403           
       3.182980             0.00562472655            0.000759618529           
       3.185620             0.00553988138            0.000767749971           
       3.188261             0.00539046322            0.000770840325           
       3.190901             0.00670248976            0.000790533471           
       3.193541             0.00391088718            0.000634516435           
       3.196182             0.00806334548            0.000949489943           
       3.198822             0.00556785364            0.000789263794           
       3.201463             0.00615871754            0.000815785404           
       3.204103             0.00415682851            0.000666133802           
       3.206743             0.00617103539            0.000811556332           
       3.209384             0.00634326329            0.000888968705           
       3.212024             0.00539988638            0.000764688308           
       3.214664             0.00800062972             0.00105844698           
       3.217305             0.00516878032            0.000808694961           
       3.219945             0.00603465905             0.00089937615           
       3.222586             0.00571988875            0.000834000282           
       3.225226              0.0067282524             0.00100343645           
       3.227866             0.00536608447            0.000819047164           
       3.230507              0.0065560723            0.000938462856           
       3.233147              0.0064268386            0.000936670193           
       3.235787             0.00598777793            0.000925242708           
       3.238428             0.00447607469            0.000863264471           
       3.241068             0.00594706469             0.00093042469           
       3.243709             0.00653050951             0.00100732716           
       3.246349             0.00554624387            0.000846247867           
       3.248989             0.00630982306              0.0010657975           
       3.251630             0.00398756174            0.000815894119           
       3.254270              0.0066642164            0.000942671572           
       3.256911              0.0047563995            0.000868948327           
       3.259551             0.00570082413             0.00102417371           
       3.262191             0.00418980446            0.000896847942           
       3.264832             0.00501459978             0.00102516578           
       3.267472             0.00514838907            0.000974460543           
       3.270112             0.00580510485             0.00114352582           
       3.272753             0.00547351533             0.00101636311           
       3.275393             0.00629139226             0.00111182793           
       3.278034             0.00665413565             0.00114407492           
       3.280674             0.00462982339             0.00103556214           
       3.283314             0.00537163104             0.00099760049           
       3.285955             0.00653154164             0.00113500742           
       3.288595              0.0056508399             0.00117452426           
       3.291235             0.00566016288             0.00120839649           
       3.293876             0.00635755849              0.0012990819           
       3.296516             0.00486840989             0.00109135564           
       3.299157             0.00598448545             0.00119479829           
       3.301797             0.00648729472             0.00141898778           
       3.304437             0.00584648504             0.00116708676           
       3.307078             0.00534734522              0.0012295144           
       3.309718             0.00601987621             0.00134652242           
       3.312359             0.00785663038             0.00153865454           
       3.314999              0.0067088966             0.00139991071           
       3.317639             0.00400943912             0.00103501293           
       3.320280             0.00691492016             0.00144515729           
       3.322920              0.0065665212             0.00143198336           
       3.325560             0.00592387815              0.0013610319           
       3.328201             0.00529752428             0.00115916048           
       3.330841             0.00600707507             0.00150228215           
       3.333482             0.00502536275             0.00129879613           
       3.336122             0.00671687213             0.00150224375           
       3.338762             0.00265273272              0.0010905456           
       3.341403             0.00571768878             0.00152987594           
       3.344043             0.00634009953             0.00154668737           
       3.346683             0.00710454798             0.00167152852           
       3.349324              0.0044712211             0.00149091217           
       3.351964             0.00442640601             0.00156866306           
       3.354605             0.00290073533             0.00145228653           
       3.357245             0.00878038265             0.00227935902           
       3.359885             0.00492679802             0.00136654509           
       3.362526              0.0064548721             0.00195606662           
       3.365166              0.0037004289              0.0013969044           
       3.367807             0.00259742674             0.00149779822           
       3.370447             0.00592927975             0.00187718144           
       3.373087             0.00334546165             0.00150785841           
       3.375728             0.00940990119             0.00285406787           
       3.378368              0.0019345534             0.00192057833           
       3.381008             0.00634152931             0.00259248828           
       3.383649             0.00263944243             0.00134171525           
       3.386289             0.00475215944             0.00213073923           
       3.388930             0.00239274538              0.0023915329           
       3.391570             0.00475795863             0.00238561818           
       3.394210             0.00191764788             0.00191665967           
       3.396851           -2.56115079e-05                         0           
       3.399491             0.00233436555             0.00236614248           
       3.402131              0.0141328792             0.00823698493           
       3.404772           -2.56597176e-05                         0           
       3.407412                       nan                       nan           
       3.410053           -2.57229177e-05                         0           
       3.412693                       nan                       nan           
       3.415333              0.0262485006              0.0159137936           
