################################################################################
# EDF_DataBlockID                     0.Image.Psd
# EDF_BinarySize                      2105344
# EDF_HeaderSize                      2560
# ByteOrder                           LowByteFirst
# DataType                            FloatValue
# Dim_1                               512
# Dim_2                               1028
# Image                               0
# HeaderID                            EH:000000:000000:000000
# Size                                2105344
# Center_1                            304.9000
# Center_2                            588.7000
# Comment                             Xenocs_Cell_Window - 20251028_20perc_iodine_1.23mg
# DDummy                              0.6
# Date                                2025-10-29T20:37:08
# Delta                               21.910000
# Dummy                               -1.5
# ExposureTime                        360
# Gamma                               15.360000
# Intensity1                          8.45109e-10
# PSize_1                             7.5e-05
# PSize_2                             7.5e-05
# Pressure                            0.0326109
# SampleDistance                      0.115750
# SampleEnvKind                       large
# SampleEnvPN                         ElectroChemical cell
# SampleEnvSN                         1141
# Thickness                           0
# Wavelength                          1.541891e-10
# Wavelength                          1.54189e-10
# aux                                 0
# aux_dial                            0.002375
# beamx                               588.434
# beamx_dial                          588.434
# beamz                               657.808
# beamz_dial                          657.808
# det0x                               0
# det0x_dial                          6.36945
# det0xvd                             0
# det0xvd_dial                        0
# det0y                               450.002
# det0y_dial                          481.635
# det0z                               0
# det0z_dial                          1.23302
# det0zvd                             0
# det0zvd_dial                        0
# mag                                 1.818
# mag_dial                            1.818
# om                                  0.2499
# om_dial                             -0.610199
# phi                                 -0.0120535
# phi_dial                            0
# ry                                  0.599993
# ry_dial                             0.599993
# s1bot                               0.8
# s1bot_dial                          -1.66094
# s1hl                                0.8
# s1hl_dial                           -0.608437
# s1hr                                0.8
# s1hr_dial                           0.970938
# s1top                               0.8
# s1top_dial                          -0.461562
# s2bot                               0.45
# s2bot_dial                          1.36109
# s2hl                                0.45
# s2hl_dial                           -0.83375
# s2hr                                0.45
# s2hr_dial                           -0.118594
# s2top                               0.45
# s2top_dial                          1.44734
# w2theta                             32
# w2theta_dial                        32
# waxsch                              19.2605
# waxsch_dial                         -32.7355
# waxsh                               137.085
# waxsh_dial                          -43.5338
# waxsth                              26.0607
# waxsth_dial                         -19.4086
# waxsz                               67.0407
# waxsz_dial                          -23.7954
# wind                                65.9854
# wind_dial                           66.0041
# wpsi                                124
# wpsi_dial                           124
# wstod                               115
# wstod_dial                          115
# x                                   0
# x_dial                              1.00969
# z                                   0
# z_dial                              13.3172
# CountCutoff                         6807993
# DetectorModel                       Dectris EIGER2 Si 500K, S/N E-01-0554
# ThresholdSetting                    4023.88989258
# Saturation                          0
# FlatField                           Corrected
# BackgroundReductionExtra            0.02
# BackgroundCorrectionConstant        0.0026712
# Detector                            0
# Monitor                             0
# Pil_Roi0                            0
# SumForIntensity1                    3.04239e+08
# TransmittedFlux                     845109
# det                                 0
# mon                                 0
# pilai0                              3.04239e+08
# pilai1                              771748
# pilct0                              5.26892e+08
# pilct1                              771748
# pilroi0                             0
# pilroi1                             0
# sec                                 1
# title                               20251028_20perc_iodine_1.23mg_1_00275.edf
# usaxs0                              0
# Operation                           Azimuthal average I(q)
# Error_model                         ErrorModel.poisson
# Geometrical_correction              True
# Transmission_correction             True
# Thickness_correction                False
# Binning mode                        Uniform
# Binning factor                      1.0
# Psi                                 0.0
# Omega                               0.2499
# MaskInvalidPixels                   True
# DetectorEdge                        3
# MaskFiles                           ['WAXS_corrected.edf']
################################################################################
    q(A⁻¹)                Intensity(a.u.)            Sigma_I(a.u.)            
       0.693100             0.00417467605             0.00433280451           
       0.695741             0.00284705714                0.00291987           
       0.698381             0.00432140805             0.00440647104           
       0.701021           -2.39865259e-05                         0           
       0.703662             0.00570343372             0.00413083767           
       0.706302             0.00683551875             0.00350116697           
       0.708942             0.00290429115             0.00294556231           
       0.711583             0.00892205698             0.00447060632           
       0.714223             0.00888194642             0.00514977111           
       0.716864             0.00369739325             0.00217396455           
       0.719504             0.00296899311             0.00210221478           
       0.722144             0.00254289794             0.00180170537           
       0.724785             0.00644096593             0.00228731624           
       0.727425             0.00598909612             0.00298381163           
       0.730065             0.00731812474             0.00233309209           
       0.732706              0.0082797957             0.00208396553           
       0.735346             0.00621462072             0.00235348886           
       0.737987             0.00745636048             0.00182165174           
       0.740627             0.00686624942             0.00260824375           
       0.743267             0.00839843877             0.00193210101           
       0.745908             0.00629974519             0.00181551886           
       0.748548             0.00663329947             0.00171719062           
       0.751189             0.00241271125             0.00139547772           
       0.753829             0.00820256203             0.00236521215           
       0.756469             0.00704571617             0.00176762957           
       0.759110             0.00932595179             0.00214311662           
       0.761750             0.00809825404             0.00176585721           
       0.764390             0.00667354011             0.00167781274           
       0.767031              0.0100905645             0.00178657908           
       0.769671             0.00785513968             0.00196632865           
       0.772312             0.00825781731             0.00153484011           
       0.774952              0.0077590855             0.00200907194           
       0.777592             0.00715256662              0.0014050066           
       0.780233             0.00927129984             0.00192992972           
       0.782873             0.00729982665             0.00163783476           
       0.785513             0.00669797011             0.00167721674           
       0.788154             0.00642971453             0.00137466635           
       0.790794             0.00839847622             0.00187828176           
       0.793435             0.00645007396             0.00147874421           
       0.796075             0.00627869806             0.00140543794           
       0.798715             0.00701569108             0.00175559707           
       0.801356             0.00320575149             0.00102138731           
       0.803996             0.00882653714             0.00172787939           
       0.806637             0.00850989506              0.0013501828           
       0.809277             0.00627343068             0.00125477066           
       0.811917             0.00459820841             0.00100425447           
       0.814558             0.00776656527             0.00135648128           
       0.817198              0.0066355739               0.001191197           
       0.819838             0.00830520936             0.00134875122           
       0.822479              0.0078926734             0.00154396597           
       0.825119             0.00631061987             0.00117504741           
       0.827760             0.00766261343             0.00131159779           
       0.830400             0.00750342247             0.00122156652           
       0.833040             0.00914575424             0.00141296318           
       0.835681             0.00505110168             0.00119373857           
       0.838321             0.00396089146            0.000887250718           
       0.840961             0.00751951615             0.00133195891           
       0.843602             0.00793619119             0.00125484655           
       0.846242             0.00732090387             0.00120504185           
       0.848883             0.00706277392             0.00121125116           
       0.851523             0.00707561835              0.0011972924           
       0.854163              0.0071094838             0.00127631017           
       0.856804             0.00683641438             0.00112532333           
       0.859444             0.00817339778             0.00120560459           
       0.862085             0.00752111806             0.00120536011           
       0.864725             0.00607703012             0.00110883099           
       0.867365             0.00592596204             0.00101534818           
       0.870006             0.00629372884            0.000997120068           
       0.872646             0.00765203924             0.00115294288           
       0.875286             0.00765823876             0.00110965163           
       0.877927             0.00658103437             0.00099260307           
       0.880567             0.00658989936             0.00102904934           
       0.883208             0.00532650997            0.000916446972           
       0.885848             0.00828544089             0.00118677125           
       0.888488             0.00681547884             0.00100955888           
       0.891129             0.00865062352             0.00116785616           
       0.893769             0.00891846365             0.00113483942           
       0.896410             0.00789413161            0.000995452941           
       0.899050             0.00637303583            0.000983619357           
       0.901690             0.00611861106             0.00104984227           
       0.904331             0.00708172755             0.00100132014           
       0.906971             0.00818167366             0.00114498239           
       0.909611             0.00715591655            0.000974775221           
       0.912252             0.00750625741             0.00103119248           
       0.914892             0.00728201172             0.00110991355           
       0.917533             0.00632850811            0.000978821712           
       0.920173              0.0069038658            0.000948538696           
       0.922813              0.0078578862             0.00106193412           
       0.925454             0.00662651973            0.000878128115           
       0.928094             0.00672544397            0.000944447454           
       0.930734             0.00874055887             0.00115916583           
       0.933375             0.00738012449             0.00105467172           
       0.936015             0.00757297175             0.00097030162           
       0.938656             0.00845649763             0.00109994996           
       0.941296             0.00786913988            0.000961615528           
       0.943936             0.00609852466            0.000830168931           
       0.946577             0.00622327622            0.000833072691           
       0.949217             0.00838671678            0.000889331993           
       0.951858             0.00619619488            0.000800192268           
       0.954498             0.00706808017            0.000989229191           
       0.957138             0.00771776164            0.000979283305           
       0.959779             0.00639585979            0.000878817129           
       0.962419             0.00629718059            0.000866210983           
       0.965059             0.00670275906            0.000939907526           
       0.967700             0.00841546686             0.00107865246           
       0.970340             0.00822223288            0.000943478529           
       0.972981             0.00680100111            0.000781785612           
       0.975621              0.0071250042            0.000851265636           
       0.978261              0.0075254093            0.000831269014           
       0.980902             0.00864387616             0.00106592192           
       0.983542             0.00710647606            0.000855891674           
       0.986182             0.00815460405            0.000900146927           
       0.988823             0.00946047999             0.00094143113           
       0.991463             0.00703183376            0.000865940829           
       0.994104             0.00851603684            0.000929622902           
       0.996744             0.00824988168            0.000933272944           
       0.999384             0.00692714167            0.000764824594           
       1.002025             0.00884093312            0.000964382823           
       1.004665             0.00642550985            0.000751348826           
       1.007306             0.00685242955            0.000771936252           
       1.009946             0.00795389116            0.000848183008           
       1.012586             0.00754910239            0.000804785422           
       1.015227              0.0072200085            0.000845536103           
       1.017867             0.00713379475            0.000807752377           
       1.020507             0.00756415879            0.000805673016           
       1.023148             0.00930038874            0.000963965521           
       1.025788             0.00773443732            0.000806041309           
       1.028429             0.00746439939            0.000829588235           
       1.031069             0.00849594612            0.000832872244           
       1.033709             0.00818747773            0.000869124217           
       1.036350             0.00810728831            0.000776760337           
       1.038990             0.00848347825            0.000809178858           
       1.041630             0.00671996851            0.000751155216           
       1.044271             0.00867987119            0.000802869086           
       1.046911             0.00773539151             0.00079724376           
       1.049552             0.00870957813            0.000888785674           
       1.052192              0.0083966543            0.000796861223           
       1.054832             0.00870396427            0.000818692777           
       1.057473             0.00719412158            0.000733728194           
       1.060113             0.00876227965            0.000789733566           
       1.062754             0.00785444857            0.000763392932           
       1.065394              0.0075580267            0.000791727411           
       1.068034              0.0072704405            0.000706525399           
       1.070675             0.00920024949            0.000829053739           
       1.073315             0.00776923522            0.000772774641           
       1.075955             0.00664017337            0.000674453062           
       1.078596             0.00834912433            0.000803775361           
       1.081236             0.00744929136            0.000727009504           
       1.083877              0.0092666722            0.000803583541           
       1.086517             0.00887935748            0.000843476973           
       1.089157             0.00984171599            0.000921409899           
       1.091798             0.00887138097            0.000766959171           
       1.094438             0.00949734838            0.000790995176           
       1.097078             0.00672291712            0.000638289429           
       1.099719              0.0100740214            0.000845138963           
       1.102359              0.0092014697             0.00075642978           
       1.105000             0.00769510868            0.000773508154           
       1.107640             0.00753938577            0.000732077834           
       1.110280             0.00938822165             0.00074537962           
       1.112921             0.00990139749            0.000822291502           
       1.115561             0.00859164524            0.000727996996           
       1.118202             0.00810107602            0.000707573896           
       1.120842             0.00797396073            0.000737807195           
       1.123482             0.00852050451            0.000759342149           
       1.126123               0.008382411            0.000722410091           
       1.128763             0.00876535617            0.000743792186           
       1.131403             0.00842353448            0.000702593826           
       1.134044              0.0103120746            0.000799920039           
       1.136684             0.00960196742            0.000822965271           
       1.139325             0.00980685667            0.000766160411           
       1.141965             0.00866331074            0.000724867054           
       1.144605             0.00964866434             0.00072941058           
       1.147246             0.00709093634            0.000639943149           
       1.149886             0.00928725725            0.000729774819           
       1.152527             0.00913595673            0.000734331544           
       1.155167             0.00918544653            0.000700350384           
       1.157807             0.00914062589             0.00074906613           
       1.160448             0.00855633862            0.000707717295           
       1.163088              0.0105871464            0.000750907887           
       1.165728              0.0088025354            0.000702995677           
       1.168369             0.00799492295            0.000676160431           
       1.171009             0.00923696898            0.000705327399           
       1.173650              0.0100831877            0.000756263627           
       1.176290             0.00975172752            0.000726790656           
       1.178930             0.00926927944            0.000694477156           
       1.181571             0.00925256853            0.000707610175           
       1.184211             0.00892674511            0.000697503807           
       1.186851             0.00947923985            0.000702725939           
       1.189492             0.00910765691            0.000684180926           
       1.192132              0.0100326626            0.000710027876           
       1.194773              0.0104503184            0.000727822487           
       1.197413             0.00871034195            0.000636660635           
       1.200053             0.00975162879            0.000690757928           
       1.202694             0.00999450699             0.00066500111           
       1.205334             0.00980802923             0.00070994582           
       1.207975             0.00982447975            0.000678231376           
       1.210615              0.0081997313            0.000683542171           
       1.213255             0.00953953719            0.000660212255           
       1.215896             0.00899025237            0.000652535899           
       1.218536              0.0092222961            0.000635486922           
       1.221176             0.00925664128            0.000692189986           
       1.223817              0.0099232174               0.000672759           
       1.226457             0.00976644104            0.000680869501           
       1.229098              0.0100167944            0.000689507407           
       1.231738             0.00914756911            0.000662154909           
       1.234378             0.00937530106            0.000629891315           
       1.237019              0.0105049382            0.000687090219           
       1.239659             0.00957386229            0.000650220842           
       1.242299              0.0100034289            0.000656203621           
       1.244940              0.0097178547            0.000629023666           
       1.247580              0.0107517548            0.000681873665           
       1.250221              0.0101152725            0.000657302037           
       1.252861              0.0109137244            0.000649982729           
       1.255501               0.011138686            0.000712993694           
       1.258142              0.0113275578            0.000675641884           
       1.260782              0.0103749275            0.000660598645           
       1.263423              0.0108332776            0.000648630475           
       1.266063              0.0108977616            0.000666803371           
       1.268703              0.0113368353             0.00067446003           
       1.271344              0.0101995618            0.000661417523           
       1.273984              0.0102372141            0.000639976843           
       1.276624               0.010314275            0.000630312935           
       1.279265             0.00938348669             0.00061118389           
       1.281905              0.0096150278            0.000621424326           
       1.284546               0.010056093            0.000614285441           
       1.287186              0.0103204943            0.000610550811           
       1.289826              0.0101514988            0.000638180483           
       1.292467             0.00960034662            0.000606944919           
       1.295107              0.0106404988            0.000632631976           
       1.297747              0.0101223097             0.00059045146           
       1.300388              0.0104227941              0.0006531505           
       1.303028             0.00951813705            0.000595862284           
       1.305669              0.0118061542            0.000679428722           
       1.308309              0.0116887866            0.000669385674           
       1.310949              0.0113787363            0.000659784399           
       1.313590              0.0102241739            0.000605866414           
       1.316230             0.00962983265            0.000627470147           
       1.318871              0.0104973121              0.0006416124           
       1.321511              0.0111407455             0.00064873229           
       1.324151              0.0098067832            0.000590611274           
       1.326792                0.01087496            0.000625790544           
       1.329432              0.0102802282            0.000604144664           
       1.332072              0.0101830695            0.000592322037           
       1.334713              0.0126481819            0.000681324564           
       1.337353              0.0110897103             0.00061182573           
       1.339994              0.0109016444            0.000636582741           
       1.342634              0.0115788176             0.00062911657           
       1.345274              0.0117849118            0.000656845309           
       1.347915               0.011063608            0.000618851759           
       1.350555              0.0109668222            0.000626929877           
       1.353195              0.0115258363            0.000645866272           
       1.355836              0.0116646798             0.00063961322           
       1.358476              0.0111387968            0.000606998046           
       1.361117              0.0113036909            0.000612313735           
       1.363757             0.00957257759            0.000580685349           
       1.366397              0.0110982587            0.000606329376           
       1.369038              0.0115838146            0.000625619056           
       1.371678              0.0114964194            0.000617759919           
       1.374319              0.0108909658            0.000596095418           
       1.376959              0.0114648849            0.000605449364           
       1.379599               0.010780306            0.000629188255           
       1.382240               0.011183078            0.000602288032           
       1.384880              0.0114559461             0.00064569611           
       1.387520              0.0110714136            0.000602857647           
       1.390161              0.0115101744            0.000583805203           
       1.392801              0.0116122735            0.000610960249           
       1.395442              0.0108878943            0.000599677289           
       1.398082              0.0114915471            0.000576929144           
       1.400722              0.0118444561            0.000613529292           
       1.403363              0.0116904033            0.000641600544           
       1.406003              0.0117774519            0.000602683315           
       1.408644              0.0115655961             0.00062564575           
       1.411284              0.0111699639            0.000582210001           
       1.413924               0.010988144            0.000575311312           
       1.416565              0.0098600276            0.000542838308           
       1.419205              0.0117984882            0.000619434443           
       1.421845              0.0105497871            0.000585394896           
       1.424486              0.0109426103            0.000573079411           
       1.427126             0.00970666502            0.000560691622           
       1.429767              0.0114508691            0.000572983068           
       1.432407              0.0113926672            0.000598114315           
       1.435047              0.0115670412            0.000566011148           
       1.437688               0.010444926            0.000545898529           
       1.440328              0.0108130543            0.000566884013           
       1.442968              0.0100069618             0.00055756351           
       1.445609              0.0114646832            0.000577861834           
       1.448249              0.0112733579            0.000587528276           
       1.450890              0.0103640267            0.000559657688           
       1.453530              0.0112039477            0.000608777979           
       1.456170              0.0102985033            0.000566456404           
       1.458811              0.0110608049            0.000561346732           
       1.461451              0.0107010859            0.000553591644           
       1.464092             0.00991789918            0.000536433071           
       1.466732              0.0102622354            0.000540976694           
       1.469372             0.00956725164            0.000510113155           
       1.472013              0.0108786552            0.000586663038           
       1.474653              0.0102560704            0.000560841138           
       1.477293              0.0106985318            0.000584884089           
       1.479934              0.0108763041            0.000562719354           
       1.482574              0.0106006435            0.000537400583           
       1.485215               0.010732191            0.000550795828           
       1.487855              0.0111502877            0.000568828155           
       1.490495              0.0106234699            0.000553182997           
       1.493136               0.010717256            0.000548003626           
       1.495776              0.0119319594            0.000575593009           
       1.498416              0.0108345961            0.000566431481           
       1.501057              0.0104199577            0.000543245013           
       1.503697              0.0112800798            0.000552594406           
       1.506338             0.00993957528            0.000528200434           
       1.508978              0.0100282961            0.000525334946           
       1.511618             0.00984975897            0.000554476492           
       1.514259             0.00948865053            0.000525416575           
       1.516899              0.0104560449            0.000537027326           
       1.519540              0.0105903107            0.000549179696           
       1.522180              0.0103689138            0.000548182476           
       1.524820               0.010713062            0.000554079228           
       1.527461              0.0106226115            0.000554463925           
       1.530101              0.0112370071             0.00056456987           
       1.532741             0.00908068574            0.000504572965           
       1.535382             0.00972904863            0.000530683725           
       1.538022              0.0100370655              0.0005077843           
       1.540663             0.00983143255            0.000540529801           
       1.543303              0.0110369521            0.000531771868           
       1.545943             0.00961703942            0.000525390293           
       1.548584              0.0110198396            0.000572500269           
       1.551224               0.010395972            0.000514128781           
       1.553864             0.00961506459            0.000522470502           
       1.556505             0.00969084406             0.00050670506           
       1.559145              0.0101307055             0.00052442336           
       1.561786              0.0106536424            0.000538202345           
       1.564426              0.0093818319            0.000489347594           
       1.567066              0.0101207982            0.000532552865           
       1.569707             0.00933673209            0.000502320126           
       1.572347              0.0103527412            0.000546453436           
       1.574988             0.00995463282            0.000510033331           
       1.577628              0.0101307241            0.000536522336           
       1.580268              0.0101713586             0.00052087449           
       1.582909             0.00895361486            0.000518003126           
       1.585549              0.0100304166            0.000532350412           
       1.588189             0.00901793212            0.000493750992           
       1.590830             0.00950375146            0.000506240174           
       1.593470             0.00978337379            0.000533971339           
       1.596111              0.0088763268            0.000496567502           
       1.598751             0.00922465663            0.000490507341           
       1.601391             0.00871674642            0.000487332277           
       1.604032             0.00898857737            0.000505218043           
       1.606672             0.00846714849            0.000476416947           
       1.609312             0.00928268416            0.000520723582           
       1.611953             0.00891698048            0.000499422222           
       1.614593             0.00919728922            0.000497534066           
       1.617234             0.00882183478            0.000504998417           
       1.619874             0.00907197438             0.00051008493           
       1.622514             0.00939435322            0.000511988058           
       1.625155             0.00888755138            0.000500928217           
       1.627795             0.00949575279            0.000505097953           
       1.630436             0.00948155074            0.000502084614           
       1.633076              0.0093522153            0.000505188425           
       1.635716             0.00900052294            0.000487887444           
       1.638357             0.00877162474            0.000482913136           
       1.640997             0.00836799183            0.000485959371           
       1.643637             0.00841235398            0.000474145085           
       1.646278              0.0087018754            0.000497387084           
       1.648918             0.00826085437            0.000485941144           
       1.651559             0.00937798599            0.000521775559           
       1.654199             0.00901779458            0.000497631595           
       1.656839             0.00851709854            0.000483788103           
       1.659480             0.00887794521              0.0005124782           
       1.662120             0.00878787481            0.000480215355           
       1.664761             0.00886859052             0.00050110537           
       1.667401             0.00830879791            0.000463587231           
       1.670041              0.0083742654            0.000472506471           
       1.672682             0.00904589032            0.000489070374           
       1.675322             0.00880657329            0.000479454537           
       1.677962             0.00842678858            0.000463828638           
       1.680603             0.00912219529            0.000484072681           
       1.683243             0.00816024826            0.000477669382           
       1.685884             0.00880894359            0.000499957351           
       1.688524             0.00861818214            0.000484955296           
       1.691164             0.00887994116            0.000492376684           
       1.693805             0.00908324409            0.000503451697           
       1.696445             0.00885450508             0.00049995556           
       1.699085             0.00801572613               0.000459747           
       1.701726             0.00819555093            0.000447826275           
       1.704366             0.00812340567            0.000469691611           
       1.707007             0.00914148274            0.000487148795           
       1.709647             0.00865100846             0.00047925176           
       1.712287             0.00872745376            0.000485554491           
       1.714928             0.00859841414            0.000485837324           
       1.717568             0.00829435888            0.000449496009           
       1.720209             0.00958608734            0.000506151342           
       1.722849             0.00830686139            0.000468748264           
       1.725489             0.00848440307            0.000474128822           
       1.728130             0.00858354436            0.000506801393           
       1.730770             0.00881815289             0.00048785865           
       1.733410             0.00973077476            0.000504426618           
       1.736051             0.00819738392            0.000466202222           
       1.738691             0.00857486932            0.000467149931           
       1.741332             0.00844090763             0.00047703917           
       1.743972             0.00772823223            0.000471369017           
       1.746612             0.00789732607            0.000457559454           
       1.749253             0.00777285252            0.000462903793           
       1.751893             0.00879940647             0.00048890858           
       1.754533              0.0082416168            0.000472717204           
       1.757174             0.00955074667            0.000504112835           
       1.759814             0.00842714049             0.00046635404           
       1.762455             0.00826094183            0.000470210846           
       1.765095             0.00944539784            0.000480981267           
       1.767735             0.00853522701            0.000471325613           
       1.770376             0.00883270195            0.000480732744           
       1.773016             0.00794520195            0.000452887754           
       1.775657             0.00861598813            0.000464832362           
       1.778297              0.0095857623            0.000486072768           
       1.780937             0.00922809959            0.000503387222           
       1.783578             0.00881821541            0.000479776676           
       1.786218             0.00867233046            0.000496540496           
       1.788858             0.00871584464            0.000472775312           
       1.791499             0.00825546018            0.000454951988           
       1.794139             0.00878155551            0.000465417562           
       1.796780              0.0098444389            0.000490403735           
       1.799420             0.00869108461            0.000458230058           
       1.802060              0.0088404738            0.000465884423           
       1.804701             0.00945379965            0.000462332528           
       1.807341             0.00828917403            0.000454903951           
       1.809981             0.00945087111            0.000487355136           
       1.812622             0.00884049076            0.000462868758           
       1.815262              0.0090910241            0.000479352374           
       1.817903             0.00932352989            0.000478250714           
       1.820543             0.00857781068            0.000465874324           
       1.823183             0.00964820957            0.000493815926           
       1.825824             0.00964029578            0.000471578212           
       1.828464             0.00836878439            0.000458072073           
       1.831105              0.0096916034            0.000479318305           
       1.833745             0.00862595269            0.000461856745           
       1.836385             0.00899427111            0.000485073189           
       1.839026             0.00902034078            0.000484240883           
       1.841666             0.00930233292            0.000490008039           
       1.844306              0.0084588001            0.000454513766           
       1.846947             0.00934440294            0.000481902036           
       1.849587             0.00848316927            0.000507021616           
       1.852228             0.00939175388             0.00048240103           
       1.854868             0.00818272727              0.0004756556           
       1.857508             0.00867120472            0.000484844814           
       1.860149             0.00906930931            0.000504858682           
       1.862789             0.00818578293            0.000462960794           
       1.865429              0.0090374313            0.000507777501           
       1.868070             0.00902053824            0.000500541247           
       1.870710              0.0086560065            0.000479018991           
       1.873351             0.00851549569            0.000480988694           
       1.875991             0.00910679339            0.000505525659           
       1.878631             0.00961592684              0.0005095158           
       1.881272             0.00973789077            0.000509301368           
       1.883912             0.00906143528            0.000511293488           
       1.886553             0.00823186835            0.000481879231           
       1.889193             0.00893341086            0.000501135255           
       1.891833              0.0100222773            0.000551254718           
       1.894474             0.00905969272            0.000519549596           
       1.897114               0.009178773            0.000506050625           
       1.899754             0.00850047108            0.000489031101           
       1.902395             0.00921492826            0.000499212995           
       1.905035             0.00973887285             0.00054357433           
       1.907676             0.00913284516            0.000496124135           
       1.910316             0.00970329334            0.000524961818           
       1.912956             0.00900970299            0.000494723083           
       1.915597             0.00848625864            0.000482820303           
       1.918237             0.00794088094            0.000482347184           
       1.920878             0.00888923164              0.0005082484           
       1.923518             0.00861626908            0.000500596449           
       1.926158              0.0084197782            0.000488434087           
       1.928799              0.0082431551            0.000477689808           
       1.931439             0.00828999739            0.000491610002           
       1.934079              0.0095363886            0.000549669067           
       1.936720              0.0085677722            0.000482727814           
       1.939360             0.00906709795            0.000529797835           
       1.942001              0.0093836394            0.000493990307           
       1.944641               0.009191148            0.000498527495           
       1.947281             0.00818756749            0.000466186842           
       1.949922             0.00922139416            0.000511027168           
       1.952562             0.00858412601            0.000508508208           
       1.955202             0.00789698661            0.000487136771           
       1.957843             0.00865260934             0.00049668683           
       1.960483             0.00864725273            0.000519124652           
       1.963124             0.00819326924            0.000494947109           
       1.965764             0.00927301413            0.000496552569           
       1.968404             0.00836718937            0.000467220275           
       1.971045              0.0088724695            0.000490527961           
       1.973685             0.00854104916            0.000504825986           
       1.976326             0.00867807036            0.000501865628           
       1.978966             0.00826287182            0.000494010357           
       1.981606             0.00766539837            0.000485738184           
       1.984247             0.00914074505            0.000526939767           
       1.986887             0.00924924661            0.000523708478           
       1.989527             0.00810311759            0.000484908776           
       1.992168             0.00769407905            0.000490270629           
       1.994808             0.00848492337            0.000512643998           
       1.997449             0.00817114609            0.000492744343           
       2.000089             0.00891339769            0.000512597571           
       2.002729             0.00887575731             0.00051182077           
       2.005370              0.0083969755            0.000492468484           
       2.008010             0.00771029399            0.000492498118           
       2.010650             0.00799651039            0.000505298446           
       2.013291             0.00890306057             0.00051154907           
       2.015931             0.00763662806            0.000470421942           
       2.018572             0.00940387908            0.000558353776           
       2.021212             0.00821291431            0.000512425565           
       2.023852             0.00806197838            0.000480509481           
       2.026493             0.00777922559            0.000493096299           
       2.029133             0.00824328656            0.000497376044           
       2.031774             0.00790154062            0.000511050479           
       2.034414             0.00738782605            0.000454694438           
       2.037054             0.00784686185            0.000480485249           
       2.039695             0.00791007074            0.000478773114           
       2.042335             0.00844223557            0.000514014777           
       2.044975             0.00895062072            0.000522846794           
       2.047616             0.00750288367            0.000477509285           
       2.050256             0.00834856291              0.0005084687           
       2.052897             0.00695482822            0.000472645066           
       2.055537              0.0077397746            0.000481882169           
       2.058177             0.00796233459            0.000478629218           
       2.060818             0.00904826661            0.000534500151           
       2.063458             0.00801745929            0.000524315429           
       2.066098             0.00863573907            0.000513322089           
       2.068739             0.00786735828            0.000497569099           
       2.071379             0.00661468937            0.000468139214           
       2.074020             0.00814749466            0.000508264571           
       2.076660             0.00783056576            0.000502309124           
       2.079300             0.00797458923            0.000519327681           
       2.081941             0.00754261706             0.00046244568           
       2.084581             0.00732648319            0.000481071612           
       2.087222             0.00765801566            0.000474328555           
       2.089862             0.00832865411            0.000538762408           
       2.092502             0.00848501268            0.000527132725           
       2.095143              0.0076073451             0.00051542236           
       2.097783             0.00782741175            0.000506181949           
       2.100423             0.00696046834            0.000459949342           
       2.103064             0.00778398379            0.000504703233           
       2.105704             0.00820757043            0.000515686683           
       2.108345             0.00726818477            0.000466223452           
       2.110985             0.00795230616            0.000520868819           
       2.113625             0.00716359732            0.000498678685           
       2.116266             0.00808197031            0.000537195248           
       2.118906             0.00778474469            0.000491343855           
       2.121546             0.00723655387            0.000464683275           
       2.124187             0.00735505874            0.000491751567           
       2.126827             0.00854379661            0.000535917984           
       2.129468             0.00761043972            0.000507090734           
       2.132108             0.00713783511             0.00047779646           
       2.134748             0.00738619567            0.000484152112           
       2.137389             0.00722023918            0.000499384367           
       2.140029             0.00801377838            0.000471007147           
       2.142670             0.00768205559            0.000492847004           
       2.145310             0.00811596545            0.000493058227           
       2.147950             0.00733490912            0.000482453941           
       2.150591             0.00766609735            0.000488241081           
       2.153231             0.00791278125            0.000510590223           
       2.155871             0.00744252619            0.000478382324           
       2.158512             0.00750531187            0.000501259077           
       2.161152             0.00758039783            0.000487973587           
       2.163793             0.00728947972            0.000476364094           
       2.166433             0.00772570951            0.000503600128           
       2.169073             0.00750869333            0.000485423394           
       2.171714             0.00699132389            0.000464899925           
       2.174354             0.00750172158            0.000503197107           
       2.176995             0.00726860183            0.000493232678           
       2.179635             0.00768756474            0.000536017221           
       2.182275             0.00718684574            0.000489326234           
       2.184916             0.00709475091            0.000469587626           
       2.187556             0.00719327297            0.000468097703           
       2.190196             0.00753993292            0.000500803865           
       2.192837             0.00796347642            0.000511877348           
       2.195477             0.00780590202            0.000483161928           
       2.198118             0.00720376247              0.0004760459           
       2.200758             0.00684755996            0.000476166378           
       2.203398             0.00697696954            0.000483719621           
       2.206039             0.00711000921            0.000462143813           
       2.208679             0.00739071215            0.000482143845           
       2.211319              0.0082732471             0.00051306032           
       2.213960              0.0082548919            0.000519357382           
       2.216600             0.00787391189             0.00052471928           
       2.219241             0.00661769919            0.000459748561           
       2.221881             0.00753179428            0.000491482559           
       2.224521             0.00934136772            0.000554055865           
       2.227162             0.00767172924             0.00049205215           
       2.229802              0.0078840426            0.000514429272           
       2.232443             0.00706140354            0.000479172652           
       2.235083             0.00734407937            0.000503083863           
       2.237723             0.00770985956            0.000494658673           
       2.240364             0.00726424268            0.000491979571           
       2.243004             0.00687884164            0.000474929212           
       2.245644             0.00761110108             0.00050456881           
       2.248285             0.00752482768            0.000491650409           
       2.250925             0.00826199962            0.000518299626           
       2.253566             0.00660802316            0.000495544766           
       2.256206             0.00718127927             0.00050626311           
       2.258846             0.00707599769            0.000478052988           
       2.261487             0.00719374949            0.000505918638           
       2.264127             0.00831091236             0.00052517913           
       2.266767             0.00686254933            0.000489942583           
       2.269408             0.00731267866            0.000507826673           
       2.272048             0.00697313365            0.000492936675           
       2.274689             0.00743644172             0.00051575656           
       2.277329             0.00825316528            0.000511590526           
       2.279969              0.0078153548            0.000529918245           
       2.282610             0.00784043632            0.000516005785           
       2.285250             0.00843540151            0.000512284169           
       2.287891             0.00751734244            0.000518496911           
       2.290531             0.00793209244            0.000539767937           
       2.293171             0.00742892139            0.000508833101           
       2.295812              0.0069904375            0.000491604012           
       2.298452             0.00734569833            0.000526988475           
       2.301092             0.00810060458            0.000514181494           
       2.303733             0.00795290868            0.000530029346           
       2.306373             0.00792821157            0.000537539924           
       2.309014             0.00672570103            0.000485440557           
       2.311654             0.00740413287            0.000531516297           
       2.314294             0.00765595244            0.000497945609           
       2.316935             0.00699505026            0.000477934378           
       2.319575             0.00638862186            0.000478565955           
       2.322215             0.00743538408            0.000538056629           
       2.324856              0.0072481259            0.000488418262           
       2.327496             0.00710328645            0.000514126788           
       2.330137             0.00716349766            0.000494061619           
       2.332777             0.00681159456            0.000496759891           
       2.335417             0.00701723284              0.0004891519           
       2.338058             0.00668891298            0.000491837801           
       2.340698              0.0074825281            0.000516109633           
       2.343339             0.00743751118            0.000525878021           
       2.345979             0.00699360942            0.000482446923           
       2.348619             0.00683156255            0.000494254502           
       2.351260             0.00752058057            0.000515559256           
       2.353900             0.00776697205            0.000522276923           
       2.356540             0.00756582161            0.000514737827           
       2.359181             0.00752331236            0.000506093675           
       2.361821             0.00685875263            0.000466781975           
       2.364462             0.00691761834            0.000490286052           
       2.367102             0.00720253907            0.000514118802           
       2.369742             0.00762111942            0.000556648011           
       2.372383             0.00827198616            0.000525125914           
       2.375023             0.00663946412            0.000494558093           
       2.377663              0.0075786622            0.000505209683           
       2.380304             0.00745350082             0.00050937447           
       2.382944             0.00707797351            0.000472783207           
       2.385585             0.00729624783            0.000511947282           
       2.388225             0.00622456328            0.000470635146           
       2.390865             0.00787746466            0.000524009186           
       2.393506             0.00619764552            0.000456023565           
       2.396146             0.00616095879            0.000491611724           
       2.398787             0.00642104017            0.000462522309           
       2.401427             0.00732239176            0.000476746515           
       2.404067             0.00792309253            0.000506978042           
       2.406708             0.00745262423            0.000485799453           
       2.409348             0.00816332564             0.00053929544           
       2.411988             0.00799747569            0.000522995175           
       2.414629             0.00785551229            0.000534475406           
       2.417269             0.00661815334            0.000496306562           
       2.419910             0.00669776663            0.000500441368           
       2.422550             0.00582093074            0.000446352109           
       2.425190             0.00692606848            0.000513225708           
       2.427831             0.00678019978            0.000504937991           
       2.430471             0.00793049281            0.000520259405           
       2.433112             0.00685684581            0.000471069193           
       2.435752              0.0065676277            0.000487910967           
       2.438392             0.00745292192            0.000501670856           
       2.441033             0.00715987138            0.000521112751           
       2.443673             0.00682498609            0.000509171074           
       2.446313             0.00695105506            0.000514305239           
       2.448954              0.0070373728            0.000492721571           
       2.451594             0.00596713043            0.000487845068           
       2.454235             0.00666229068            0.000483650873           
       2.456875             0.00737381094            0.000532410557           
       2.459515             0.00735858122            0.000545628912           
       2.462156             0.00767708063             0.00052618013           
       2.464796             0.00829340057            0.000539837611           
       2.467436             0.00849214342            0.000564904902           
       2.470077             0.00700970735             0.00048645403           
       2.472717             0.00639439111            0.000466625715           
       2.475358             0.00729142179            0.000503477598           
       2.477998             0.00691576205            0.000482069949           
       2.480638             0.00740240621            0.000507604828           
       2.483279             0.00620033313            0.000485544832           
       2.485919             0.00677795508            0.000489244476           
       2.488560             0.00771690298            0.000520574538           
       2.491200             0.00666448504            0.000498161867           
       2.493840             0.00763398477            0.000564159942           
       2.496481             0.00677590535            0.000522814244           
       2.499121              0.0070161168            0.000517455583           
       2.501761             0.00732564606            0.000535752291           
       2.504402             0.00661716892            0.000501747661           
       2.507042             0.00696826264            0.000511072256           
       2.509683             0.00661329157            0.000490275397           
       2.512323             0.00652606002            0.000511503771           
       2.514963             0.00671502216            0.000512446035           
       2.517604              0.0083824858            0.000594105129           
       2.520244             0.00647234072            0.000489417729           
       2.522884             0.00768333329            0.000540867242           
       2.525525             0.00693138056            0.000519549914           
       2.528165             0.00711457758            0.000518166104           
       2.530806             0.00769923368            0.000548432056           
       2.533446             0.00739068471            0.000525861449           
       2.536086             0.00738914166            0.000521100382           
       2.538727             0.00686964403            0.000482022915           
       2.541367             0.00664559388            0.000478767367           
       2.544008             0.00639193392            0.000484921525           
       2.546648              0.0071897503            0.000523116452           
       2.549288             0.00696205933            0.000525255369           
       2.551929              0.0071686324            0.000524494942           
       2.554569             0.00690746297            0.000496016841           
       2.557209              0.0065963464            0.000489169225           
       2.559850             0.00835138773            0.000552178001           
       2.562490              0.0079530803            0.000556929861           
       2.565131             0.00729707204            0.000553122068           
       2.567771               0.007522016            0.000541450134           
       2.570411             0.00663767318            0.000503123563           
       2.573052              0.0066811611            0.000511125888           
       2.575692             0.00679307754            0.000512268118           
       2.578332             0.00806094521            0.000560336926           
       2.580973             0.00707370306            0.000519909457           
       2.583613             0.00768327395            0.000528946078           
       2.586254             0.00738485308            0.000517851437           
       2.588894             0.00709075693            0.000526947192           
       2.591534             0.00575295894            0.000491343838           
       2.594175              0.0073242753            0.000543936898           
       2.596815             0.00740690992            0.000550221948           
       2.599456             0.00720543361            0.000514627586           
       2.602096             0.00648047309            0.000491766527           
       2.604736             0.00664624209            0.000509825508           
       2.607377             0.00753169685             0.00052842251           
       2.610017             0.00760884531            0.000521827531           
       2.612657             0.00781777468            0.000562611042           
       2.615298             0.00690588214            0.000516257099           
       2.617938             0.00622401503            0.000524290285           
       2.620579             0.00618466924            0.000501719967           
       2.623219             0.00697499136            0.000532053698           
       2.625859              0.0076410311            0.000541441057           
       2.628500             0.00737847481            0.000528569989           
       2.631140             0.00795133721            0.000557160085           
       2.633780             0.00713448061            0.000527306817           
       2.636421             0.00740425837            0.000550394279           
       2.639061             0.00719912286            0.000510905082           
       2.641702              0.0078465752            0.000545732818           
       2.644342             0.00719579842            0.000524838977           
       2.646982              0.0064244493            0.000488498142           
       2.649623             0.00775418461            0.000562416009           
       2.652263             0.00787412171            0.000561061572           
       2.654904              0.0065286904            0.000511398199           
       2.657544              0.0062487624            0.000471244444           
       2.660184             0.00780342089            0.000557310131           
       2.662825             0.00720729911            0.000548025993           
       2.665465             0.00693264875             0.00051983429           
       2.668105              0.0077242034            0.000578360444           
       2.670746             0.00746218426            0.000525141626           
       2.673386              0.0093159932            0.000604699796           
       2.676027             0.00980248459            0.000610332743           
       2.678667             0.00993982346            0.000599689559           
       2.681307              0.0131848407            0.000678628812           
       2.683948              0.0116612786            0.000655737733           
       2.686588              0.0114332614            0.000638527499           
       2.689229              0.0117562777            0.000632695195           
       2.691869             0.00979397645            0.000610342027           
       2.694509             0.00976349772            0.000609726451           
       2.697150             0.00773498298            0.000533897915           
       2.699790             0.00752704332            0.000552140594           
       2.702430             0.00680715666            0.000501907427           
       2.705071             0.00733746093            0.000538449302           
       2.707711             0.00703497071            0.000511719702           
       2.710352             0.00672568562            0.000528676761           
       2.712992             0.00724304837            0.000558778145           
       2.715632              0.0074515681             0.00052584491           
       2.718273             0.00692987879            0.000525544588           
       2.720913             0.00633158776            0.000500916796           
       2.723553             0.00796256865            0.000565509683           
       2.726194             0.00837999651            0.000606441098           
       2.728834             0.00738346379            0.000569508868           
       2.731475             0.00777769794            0.000539456454           
       2.734115             0.00837559023            0.000577181175           
       2.736755             0.00769538826            0.000557801498           
       2.739396             0.00765103098            0.000552969064           
       2.742036             0.00678073721            0.000544809777           
       2.744677              0.0076510461            0.000561515805           
       2.747317             0.00730031919            0.000544583611           
       2.749957             0.00686917677            0.000531965109           
       2.752598             0.00673290455            0.000532377685           
       2.755238             0.00788648643            0.000586584342           
       2.757878             0.00814354251            0.000590855838           
       2.760519             0.00720072234            0.000549709658           
       2.763159             0.00817203201            0.000579760367           
       2.765800             0.00765466357            0.000534727279           
       2.768440             0.00825350104            0.000559340238           
       2.771080             0.00703619628            0.000520758042           
       2.773721             0.00587418181             0.00048809212           
       2.776361             0.00863315876            0.000599878831           
       2.779001             0.00691133571            0.000555843157           
       2.781642             0.00757077367            0.000577469448           
       2.784282              0.0072640319            0.000574951464           
       2.786923              0.0065700323            0.000551611358           
       2.789563             0.00646823522            0.000527134696           
       2.792203             0.00818791691            0.000566563545           
       2.794844             0.00672033991            0.000562550629           
       2.797484             0.00681929288            0.000534804931           
       2.800125             0.00672287438            0.000558357883           
       2.802765             0.00778329014            0.000590446317           
       2.805405             0.00648704012            0.000540865818           
       2.808046             0.00638324616            0.000545953179           
       2.810686              0.0065359245            0.000507631622           
       2.813326             0.00663527413            0.000531281584           
       2.815967              0.0066144343             0.00054552874           
       2.818607             0.00680668937            0.000528095422           
       2.821248             0.00730311077            0.000535657401           
       2.823888             0.00772969834            0.000572034729           
       2.826528             0.00534958463            0.000460870195           
       2.829169             0.00691916363            0.000549004855           
       2.831809             0.00684563081            0.000553507687           
       2.834449             0.00666644589            0.000549667521           
       2.837090             0.00731989383            0.000556302621           
       2.839730             0.00581408321            0.000493371124           
       2.842371              0.0068747104            0.000537262653           
       2.845011             0.00693296505            0.000543834789           
       2.847651             0.00758532682            0.000569544525           
       2.850292             0.00689328835            0.000548270906           
       2.852932             0.00677235035            0.000555283483           
       2.855573             0.00659080579            0.000531371996           
       2.858213             0.00581989447            0.000524356214           
       2.860853             0.00649477843            0.000515277586           
       2.863494             0.00698768389            0.000553372139           
       2.866134             0.00727778355            0.000586979501           
       2.868774             0.00690222208            0.000561798764           
       2.871415             0.00645626704            0.000551810146           
       2.874055             0.00610518468            0.000512920128           
       2.876696             0.00623107566            0.000532197518           
       2.879336             0.00694050589            0.000541348957           
       2.881976             0.00695920147            0.000559115653           
       2.884617             0.00726300256            0.000562800492           
       2.887257             0.00655318993            0.000537351691           
       2.889897             0.00734435873            0.000557157157           
       2.892538             0.00597509836            0.000550537784           
       2.895178             0.00671557225            0.000527293284           
       2.897819             0.00671578444            0.000537898037           
       2.900459             0.00662931189            0.000524027592           
       2.903099             0.00706145679            0.000535301768           
       2.905740             0.00721961438             0.00055526691           
       2.908380              0.0065875519            0.000536430652           
       2.911021             0.00726806284            0.000572618058           
       2.913661             0.00675416955            0.000551837933           
       2.916301             0.00713576834            0.000567753612           
       2.918942             0.00661255999            0.000522781833           
       2.921582             0.00678537124            0.000554081648           
       2.924222              0.0082374423            0.000591453658           
       2.926863             0.00775346886            0.000597695456           
       2.929503             0.00745870607            0.000593169361           
       2.932144             0.00664853602            0.000537592923           
       2.934784             0.00689701585            0.000538568473           
       2.937424             0.00643520421            0.000525566367           
       2.940065             0.00648872255             0.00050342104           
       2.942705             0.00697922478            0.000521446973           
       2.945346             0.00636228854            0.000528362762           
       2.947986              0.0063789006            0.000539450052           
       2.950626             0.00780728936            0.000593439319           
       2.953267              0.0069807366            0.000552080568           
       2.955907             0.00710024765            0.000577589324           
       2.958547              0.0082363309            0.000587279577           
       2.961188             0.00752077426            0.000585476995           
       2.963828               0.006945375            0.000550360612           
       2.966469             0.00794652139            0.000577504667           
       2.969109             0.00682119524            0.000542981136           
       2.971749             0.00686892817            0.000541478509           
       2.974390             0.00863657043             0.00059665164           
       2.977030             0.00767648648            0.000575082655           
       2.979670             0.00835275319            0.000583498087           
       2.982311             0.00848107639            0.000609394208           
       2.984951             0.00785191897            0.000557675328           
       2.987592             0.00813415789            0.000578978476           
       2.990232              0.0065152106            0.000538888841           
       2.992872             0.00710876726            0.000530221038           
       2.995513             0.00901034592            0.000584003614           
       2.998153              0.0119723673            0.000684495978           
       3.000794              0.0134525927            0.000702796466           
       3.003434              0.0107406472            0.000628922358           
       3.006074               0.042492765             0.00123341494           
       3.008715                0.12153708             0.00201360611           
       3.011355               0.203097056             0.00251011995           
       3.013995               0.107361391             0.00182998163           
       3.016636              0.0693847253             0.00144059659           
       3.019276               0.140354534              0.0020140405           
       3.021917               0.508799311             0.00368722315           
       3.024557                1.52318426             0.00627238005           
       3.027197                 1.1275711             0.00526149644           
       3.029838               0.550143207             0.00372728146           
       3.032478               0.255056863             0.00254047061           
       3.035118              0.0673900274             0.00132336996           
       3.037759              0.0883483907             0.00151328971           
       3.040399               0.123250435             0.00184372755           
       3.043040               0.527730443             0.00386188674           
       3.045680               0.381553708             0.00308955161           
       3.048320              0.0933784892             0.00156166617           
       3.050961               0.113170656             0.00174951404           
       3.053601              0.0992860186               0.001578249           
       3.056242              0.0741240072             0.00144987638           
       3.058882              0.0770394345             0.00158557795           
       3.061522              0.0568743159             0.00133662914           
       3.064163              0.0727557888             0.00149273624           
       3.066803               0.143047969             0.00220358447           
       3.069443               0.108885063             0.00201145834           
       3.072084              0.0362689879             0.00113040621           
       3.074724              0.0469837021              0.0014368281           
       3.077365              0.0524543794             0.00157157698           
       3.080005              0.0104156571            0.000704274716           
       3.082645              0.0155236689            0.000903236881           
       3.085286              0.0148598705            0.000890686722           
       3.087926              0.0113011236            0.000770758167           
       3.090566              0.0119528243            0.000776663911           
       3.093207              0.0104736422            0.000756540184           
       3.095847             0.00928981093            0.000682923003           
       3.098488             0.00924875083            0.000755569398           
       3.101128                0.01018659            0.000798052155           
       3.103768             0.00933383337            0.000749546234           
       3.106409             0.00913937626            0.000789365408           
       3.109049             0.00777363112            0.000698626187           
       3.111690               0.007309885            0.000665837053           
       3.114330             0.00813640726            0.000717415906           
       3.116970              0.0080468925            0.000718935889           
       3.119611              0.0108168105            0.000887246775           
       3.122251              0.0196170272             0.00124984754           
       3.124891              0.0312341771             0.00159177647           
       3.127532              0.0230642379             0.00133814969           
       3.130172              0.0159053378             0.00113043823           
       3.132813              0.0105501529             0.00090636948           
       3.135453             0.00747630565            0.000756706105           
       3.138093             0.00726931251            0.000808487819           
       3.140734              0.0080407593            0.000784472925           
       3.143374             0.00685366444            0.000765930178           
       3.146014             0.00930792516            0.000960918677           
       3.148655             0.00977193798            0.000915257299           
       3.151295             0.00612617753            0.000772262241           
       3.153936             0.00645714605            0.000765867931           
       3.156576             0.00546777756             0.00069517023           
       3.159216             0.00695496212            0.000787952377           
       3.161857             0.00609513123            0.000734637386           
       3.164497             0.00750515656            0.000856534788           
       3.167138             0.00760013714            0.000890591939           
       3.169778             0.00713579653            0.000848725925           
       3.172418             0.00562338403            0.000745770178           
       3.175059             0.00645201341            0.000708195642           
       3.177699             0.00598600368             0.00072234598           
       3.180339             0.00598080803            0.000773601756           
       3.182980             0.00447927153            0.000692180035           
       3.185620             0.00542938654            0.000776096076           
       3.188261             0.00677140712            0.000882188467           
       3.190901             0.00689077163            0.000818477306           
       3.193541             0.00695792703            0.000864202857           
       3.196182             0.00700453348            0.000903634646           
       3.198822             0.00628065331            0.000855955559           
       3.201463             0.00664504611            0.000865267354           
       3.204103             0.00501133224            0.000746839959           
       3.206743             0.00545701787            0.000779269846           
       3.209384             0.00831453675             0.00103924911           
       3.212024             0.00484043219            0.000739272821           
       3.214664             0.00745005997             0.00104293547           
       3.217305             0.00632596031            0.000913533466           
       3.219945             0.00711616138            0.000997260053           
       3.222586              0.0060695888            0.000877248375           
       3.225226             0.00482460416            0.000867641091           
       3.227866             0.00780496712              0.0010086401           
       3.230507             0.00770149278             0.00103861169           
       3.233147             0.00655458742            0.000965897884           
       3.235787             0.00491287966              0.0008557786           
       3.238428             0.00587590865             0.00100995786           
       3.241068             0.00560007207            0.000921928486           
       3.243709             0.00518162629            0.000916221728           
       3.246349             0.00566352138            0.000873196345           
       3.248989             0.00524967762            0.000992665561           
       3.251630             0.00556300966            0.000984023637           
       3.254270             0.00777552171             0.00103973141           
       3.256911             0.00461696624            0.000874185643           
       3.259551             0.00402477719            0.000878711387           
       3.262191             0.00397026119            0.000891460302           
       3.264832             0.00413229021            0.000950258797           
       3.267472             0.00537495644             0.00101668539           
       3.270112             0.00415116255            0.000987407314           
       3.272753             0.00609714033             0.00109534101           
       3.275393             0.00656296742             0.00115953765           
       3.278034             0.00612778761             0.00112106559           
       3.280674             0.00701000384             0.00130113875           
       3.283314             0.00577301164             0.00105602771           
       3.285955             0.00742234203             0.00123546903           
       3.288595             0.00279673522            0.000843726511           
       3.291235             0.00803112989             0.00146978512           
       3.293876             0.00442564389             0.00110675149           
       3.296516             0.00637184057              0.0012748988           
       3.299157             0.00748493347             0.00136441249           
       3.301797             0.00675383394             0.00147840206           
       3.304437             0.00535973676             0.00114103241           
       3.307078             0.00586833996             0.00131520264           
       3.309718             0.00470273637             0.00121525007           
       3.312359             0.00628794486             0.00140555504           
       3.314999             0.00516624303             0.00125439043           
       3.317639             0.00418740705             0.00108005801           
       3.320280             0.00661477694             0.00144327691           
       3.322920             0.00745152592             0.00155762689           
       3.325560             0.00584323951             0.00138026547           
       3.328201             0.00768398791             0.00142551226           
       3.330841             0.00391273375             0.00123802854           
       3.333482             0.00277758615            0.000985965178           
       3.336122             0.00876182634             0.00175196215           
       3.338762             0.00750186696             0.00187263136           
       3.341403             0.00812752627             0.00186249743           
       3.344043             0.00587077607             0.00151975223           
       3.346683             0.00367768642             0.00122801436           
       3.349324             0.00780199455             0.00201100125           
       3.351964             0.00691804035             0.00200247048           
       3.354605             0.00684939281             0.00227874026           
       3.357245             0.00304848478             0.00137141395           
       3.359885             0.00555678863             0.00148191761           
       3.362526             0.00485332082             0.00173192807           
       3.365166             0.00381065178             0.00144747415           
       3.367807            0.000883264407            0.000891861777           
       3.370447             0.00307467101             0.00138030524           
       3.373087             0.00493265046             0.00186957649           
       3.375728             0.00542864013             0.00221354228           
       3.378368              0.0038896608             0.00278078915           
       3.381008             0.00221492817              0.0015644805           
       3.383649             0.00345845258             0.00156825147           
       3.386289             0.00494825334             0.00222014477           
       3.388930              0.0175983301             0.00662268923           
       3.391570             0.00996026719             0.00352449281           
       3.394210             0.00799306715             0.00399565363           
       3.396851             0.00739687422             0.00429960952           
       3.399491             0.00243394033             0.00246707273           
       3.402131           -2.67413528e-05                         0           
       3.404772             0.00977184664             0.00989308131           
       3.407412                       nan                       nan           
       3.410053           -2.68201554e-05                         0           
       3.412693                       nan                       nan           
       3.415333           -2.68714082e-05                         0           
